,2,3,4,5,6,7,8,9
2,1255.247957397656,-0.003937722621913958,0.0004010460147480825,-0.0033352854079206884,-0.002210599140810187,-0.0004145160782698521,-0.0006448809880296178,0.00011553510915126711
3,-0.003937722621913958,299.33715770138843,-0.0003859041371408839,0.0016312031892028176,0.0003375218719283696,0.0004521199355955809,4.52726752836463e-06,-0.00012215186556616543
4,0.0004010460147480825,-0.0003859041371408839,63.056241467182396,-0.001208454288168089,-0.00027542475571826924,0.0003584255323842476,-7.091238649726116e-05,4.486687774889627e-05
5,-0.0033352854079206884,0.0016312031892028176,-0.001208454288168089,12.613108543981538,0.00011281035147575489,6.455301350554553e-06,1.984461940213523e-05,-3.220475732249704e-05
6,-0.002210599140810187,0.0003375218719283696,-0.00027542475571826924,0.00011281035147575489,2.511451588029129,-9.958890308444815e-06,1.7846341568985212e-05,2.1041164607203645e-05
7,-0.0004145160782698521,0.0004521199355955809,0.0003584255323842476,6.455301350554553e-06,-9.958890308444815e-06,0.5333680571484936,-4.660361378543647e-06,-3.3872648089597624e-06
8,-0.0006448809880296178,4.52726752836463e-06,-7.091238649726116e-05,1.984461940213523e-05,1.7846341568985212e-05,-4.660361378543647e-06,0.15646387414548696,1.755314439554776e-06
9,0.00011553510915126711,-0.00012215186556616543,4.486687774889627e-05,-3.220475732249704e-05,2.1041164607203645e-05,-3.3872648089597624e-06,1.755314439554776e-06,0.04778905550205921
