,0,1,2,3,4,5,6,7,8,9,10,11,12,13,14,15,16,17,18,19,20,21,22,23,24,25,26,27,28,29,30,31,32,33,34,37,38,39,40,41,42,43,44,45,46,47,48,49,50,51,52,53,54,55,56,57,58,59,60,61,62,63
0,4.719898290624506,-0.00013358529117550117,0.00010360372928022226,0.00019895523314333201,3.0954229888655714e-05,-1.7436169492523322e-05,-1.0913840531866099e-05,9.132096890521429e-05,-5.4269883605018565e-05,9.545385327189054e-05,-8.505985145184981e-05,-2.6741111189300968e-05,-0.00011253382822504242,0.00013296672599499593,8.322872776931332e-05,-7.634533931553983e-05,6.840828845523438e-05,-0.00011121894811771906,-5.510043862434287e-06,-1.0778317341708647e-05,0.00014176960552031236,-0.00031552941288176355,-3.997828335046426e-05,-2.3248381006749684e-05,0.00012436224892065423,-0.00013982035044535427,-2.3068597322266258e-05,-0.0002036743873430952,-0.0002476976705710548,-1.300747331163828e-05,0.00012650992653865796,-0.0001023246111663209,0.00011778824393048156,8.355734784897624e-05,-0.00013132631469799284,-0.00023859195402036772,-9.558575492233359e-05,0.00023835119056239617,-5.912084606661038e-05,-6.573282759385518e-05,8.566073518682333e-06,-7.992007156058736e-05,0.00013531847297329036,0.00031253500974271793,-8.19029546656449e-05,0.00024209942492851746,5.518198703027901e-05,-8.854458507285748e-05,7.079794498980043e-05,3.5653852420498275e-05,-1.770514224695547e-05,-7.893781368836736e-05,-0.0002997666743788687,-9.712707157863886e-05,-0.00015336071357646377,-0.00011994364797392167,0.0001228018172989383,0.00013128421352018,5.396947369936438e-05,0.000144359465656153,0.00013117089185766954,9.654099111761819e-05
1,-0.00013358529117550117,6.793863412531258,8.390221656571058e-05,-0.00033334953657495963,-0.00033955367734288017,-0.00012738250690711613,1.7959877470492553e-05,-0.00011059186896278282,-2.6756874824848084e-05,-0.00019253406457878433,0.0003277654344827819,2.127751230090883e-05,0.00010548559470281656,4.513193596811984e-05,-0.00025557896760765964,-0.0002618291264135224,-6.979547478976437e-05,0.0005556989033338654,-7.805449225743835e-05,-0.0003805137756686209,-8.204730813877626e-05,-0.00018840401858434447,0.00010439559864671857,-0.00018681656183233027,-8.007160581083333e-05,-0.00018043941327960708,-2.4054668413612132e-05,5.269752796087663e-05,-0.00010860630932932524,-5.0344947978487766e-05,0.00019699238984841657,8.721676318406377e-05,0.0001513481200132905,7.321160769380321e-05,-3.544486040069546e-06,-0.00015168378657818597,0.00039338957014398867,-0.00012504637832849927,-0.0001237428100822471,0.00010855106128607514,0.00034757525599781613,-1.0920744964634799e-05,-0.0003873721823470653,-2.9524430093944245e-05,-7.215376350546648e-05,-0.00013730184958707153,-0.0001100460137101432,2.4770574950267004e-05,-3.982599659299285e-06,-0.00040875870459840426,0.00022285745985711387,0.00010790190931435829,-5.8612821904875993e-05,-0.00017223898697148307,0.0002702607308315432,5.892933347001251e-07,0.00014394883336524928,-0.00011362541291120365,-2.526796272805712e-05,0.00013754606288374666,-6.542842740600818e-05,0.00018973359599802763
2,0.00010360372928022226,8.390221656571058e-05,5.996758918589393,0.00011300698583631953,-0.0001856161845901524,0.00017542410395567494,0.00011585993493940045,-0.00017133233701501424,-1.9981875487235697e-05,9.730795991222159e-05,-0.00013953833921042335,5.6033031262419096e-05,-3.10656033227979e-05,-0.00013921848615432682,0.00013437731670749997,-0.00016756336525004784,0.0001255570929576313,0.00021141341058534253,-5.769394639758647e-05,0.0003317575312644185,-0.000250274986605068,-0.00029560865809010237,-8.614415628243115e-06,0.00016499610773968178,5.956728360795597e-05,-3.052526518267675e-05,-4.7276192455978576e-05,1.8924951749288356e-05,-7.462847308256418e-05,-6.823534368398665e-05,6.60260898063067e-05,-0.00014918601859299297,6.699673401641115e-05,0.0001512977317346201,-4.073036286784218e-05,0.0005209387247473926,0.0005073433776744607,-7.810910270612261e-05,-1.20796448031809e-05,9.16487104702054e-05,0.0001582781441079762,2.1767925319855244e-05,-0.00015270993260689953,0.00012160012146154337,3.979529356614342e-05,-0.0003535118576027355,-5.0803086379263905e-05,0.0003153844690874046,-1.3632496699518098e-05,-3.22094762392167e-05,1.1840463970110932e-05,1.6385470020699143e-05,5.727342866422873e-05,0.0001317250068357127,-0.00024160204883107657,3.5851847519681855e-05,-6.456513589099941e-05,0.00019441773173318954,-2.7162908995758643e-05,-6.90772331849416e-05,0.00013769280769809007,-0.00013717369053612184
3,0.00019895523314333201,-0.00033334953657495963,0.00011300698583631953,2.8199684307126356,-6.7149065039182755e-06,-8.179371632111581e-05,-3.610622290559294e-05,-7.357783691041672e-05,-3.3397610101325294e-05,1.6079357385266203e-05,-1.651497857557128e-05,-4.428783290679674e-05,-7.932564965190458e-05,-0.00012428140785946296,0.00012114197335757309,-0.000152873803246392,-7.68800545624021e-05,-6.20724600505099e-05,-0.00011094842868231192,-0.00017122841021364056,8.774411410510883e-05,-3.0218226359961243e-05,-7.218297811957033e-05,-0.00017264605079691053,-3.1863362464590155e-06,1.1551567429073333e-05,4.40364956701299e-05,5.037112217188003e-05,-8.723176740964657e-06,-0.000146918042713741,-0.0001421476524694952,0.0001432526550461726,2.3648917285185613e-06,0.00012313148414103543,-5.743808986729531e-05,-0.000285744531283005,0.00012919427783526698,1.5806821849784754e-05,-6.497904557907354e-05,-1.9702934765637828e-05,-4.076523451543719e-05,1.638776317584198e-05,7.982383389906381e-05,-1.41530441027956e-05,-2.614659339787757e-05,-0.00020536776495958068,0.00011721700607536466,-0.00011922085601740472,-2.703848013353963e-05,-8.000746115735443e-05,2.1904197306109513e-05,4.806558629118558e-05,-2.156879853552216e-05,-0.0001271937518654598,-5.4975403714149074e-05,-2.7144149162003065e-05,-3.747821505747755e-05,-8.361208277320096e-05,1.2345430445299253e-05,3.818354130948683e-05,-6.238455441484971e-05,0.00010328073772645572
4,3.0954229888655714e-05,-0.00033955367734288017,-0.0001856161845901524,-6.7149065039182755e-06,8.53355595366857,-0.00030272088253067135,-6.897107125632099e-06,0.00014549169089389492,5.36561070025125e-05,0.00010671348777057842,-0.000165960979097063,0.00010926039754908922,-1.4086961440716029e-05,-0.00026209340323949895,-6.127078966562616e-05,-0.00014325496187744672,0.00015788009754062027,-2.9297934171281567e-05,-9.204109682256224e-05,0.00014935820173561892,1.177404684979153e-05,0.0006049163106558046,3.0601280988724276e-06,-0.0001550479668622227,5.917800388241802e-05,0.00018236506938606596,-2.4251950319508717e-07,0.00014121101397144537,-9.132898961645255e-05,-5.178491768946557e-05,-0.00015199256506151572,-0.00018633275891260994,-9.535893420184326e-05,7.299009483203536e-05,0.00018579984606134119,-0.00010228311333672829,6.111902602487405e-05,0.00020293675580177335,0.0002251664274227243,9.249622974143573e-05,0.00043080276976170873,-0.00018422700894109108,2.1287930542509734e-05,-3.224549629185976e-06,-3.159582040402226e-05,-0.00012406567958534812,9.589435738387607e-05,6.512208043399999e-05,-0.00021851016850809446,-0.0002424273058848444,-0.00018551723076251698,7.519368359746509e-05,-7.156211219163735e-05,4.646314361344391e-05,9.546517658444186e-05,-7.296271582575484e-05,-0.0002882291757620612,2.239157776042915e-05,8.423633215670702e-05,7.553731490436329e-05,0.00019857084023632894,-7.819560550009972e-05
5,-1.7436169492523322e-05,-0.00012738250690711613,0.00017542410395567494,-8.179371632111581e-05,-0.00030272088253067135,5.296345324151723,-1.260236578309365e-05,0.00021476693842956046,7.844657055508823e-05,-0.0001237300373172705,0.00012059821369464383,-5.5754897073007846e-05,-5.213394660061713e-05,7.257298922414168e-05,0.0002071604133584052,-4.2962254740785255e-05,-0.0001488092120534171,3.984194153019967e-06,-3.3840711802500955e-05,0.00036043304040824447,1.8695048655788827e-06,-0.00022143608739878616,7.086864100323499e-05,-8.094985159094234e-05,-7.247997097160337e-05,0.0001708390206490547,-0.00025326601108964926,3.105922729495465e-05,5.475759153958354e-05,6.621800485647123e-05,0.0001786001901835602,-0.00014686807771488577,9.699899819769824e-05,-5.715833025377643e-05,-8.601894749067163e-05,-5.849436043228459e-05,8.909717848559642e-05,-0.00011140003258020535,0.00028651912336512047,-0.00024416598379115023,5.261492590670541e-05,-0.00010186894850518796,0.00020621185711444087,-6.096694115378667e-05,-0.00023643381448004616,5.475170324076424e-05,7.884256226072904e-06,-0.0001641410840550142,0.00010252461804327937,-0.00011572573519080158,0.00027243589884429876,5.483763375799734e-05,-8.068622100622052e-05,4.66034312735789e-05,-9.689232361656466e-05,4.329287856980508e-05,-7.732946505006732e-05,4.731343157003117e-05,-6.13583552697839e-05,0.00012779620805659358,-3.7789129618651844e-05,9.762969110787579e-05
6,-1.0913840531866099e-05,1.7959877470492553e-05,0.00011585993493940045,-3.610622290559294e-05,-6.897107125632099e-06,-1.260236578309365e-05,1.9643345668258085,-4.4426319104534156e-05,3.4546809267952676e-06,-7.758771625491625e-05,-3.1853371190064676e-05,6.2468967024264374e-06,4.257152293771115e-05,-7.047737926567323e-05,2.4696288767409526e-05,6.136178891285054e-05,1.827138923875564e-05,-0.0001642323365149862,-3.841365028070166e-05,-0.00015944597894145386,-0.00026881631665211697,7.93739661410554e-05,-1.794920150223238e-05,-0.00010892752246425144,-4.827259020470039e-05,-0.0001422431087324286,1.9991699335772592e-05,9.057594349685297e-05,-5.873912292662823e-05,-1.1936723433668892e-05,-2.47404325881468e-05,2.2545731552026078e-05,-6.455795125463723e-05,1.525658375633106e-06,5.355935529243754e-05,0.0001406373039532619,-6.583170240742102e-05,-0.00012044962742982997,5.889359054556232e-05,-0.00010860437677625565,0.000182798149273528,-6.423175257900624e-05,-3.219753238254095e-05,8.578918047401707e-05,3.932626882421937e-05,-8.717662709272726e-06,-4.87788789921367e-06,-4.107485639312342e-06,9.957711454255031e-06,8.272528918435786e-05,5.345910163373587e-05,5.368852144280133e-05,-3.41157501345652e-05,-6.752168633703646e-06,-0.00021147441237511711,-1.8174093779701465e-05,-5.6579973383332766e-05,-0.00013388025204355067,4.848498432228286e-05,3.7587217428424235e-05,-3.4249900949502465e-05,-3.46931817536044e-05
7,9.132096890521429e-05,-0.00011059186896278282,-0.00017133233701501424,-7.357783691041672e-05,0.00014549169089389492,0.00021476693842956046,-4.4426319104534156e-05,3.236755758969537,3.781654304678626e-05,-0.00010131665312605067,-6.210233201842402e-06,-9.360251669691044e-07,5.4735323256458924e-05,-7.776871347867854e-05,-8.973687075285128e-05,0.00015278789498853013,2.5456115859412577e-05,4.8818046670209376e-05,-2.8980085891262812e-05,-6.596326516481073e-05,-0.00015855258709079057,0.00014452763930585246,-6.525740380590517e-05,-4.514499910966446e-05,4.6527341336473596e-05,-0.00012319614141016017,6.852055899452345e-05,0.00012618939437682958,1.6701877049525912e-05,-0.00016610508885490344,-0.00012299471540076103,2.6121796476271925e-05,5.480948197716213e-05,-5.458192037676582e-05,-3.5543324780860715e-05,6.589258898933137e-05,3.71439780511187e-05,7.05895535477475e-05,9.421371267142312e-05,-0.00015928886865974754,-3.001123804587564e-05,-4.9245285908448304e-05,0.00012294614824705336,-0.0001142365308231076,0.0001813041821977095,0.00014638502887637627,-0.0001646162169920411,3.698182491610918e-05,0.0001989462939481466,2.180350209685737e-05,0.00015345592798036905,-2.391524675515281e-05,-4.92071287308392e-05,-4.134254060151775e-05,-0.00014796100953775552,1.2978732446643842e-05,-1.3182668918460594e-05,7.196321372768925e-05,5.186907437235486e-07,-1.5088052026659283e-06,5.977850666571786e-05,6.737854373401413e-05
8,-5.4269883605018565e-05,-2.6756874824848084e-05,-1.9981875487235697e-05,-3.3397610101325294e-05,5.36561070025125e-05,7.844657055508823e-05,3.4546809267952676e-06,3.781654304678626e-05,0.2430538226104288,3.841666232004843e-05,2.440097473884188e-05,5.0112335978737765e-06,-2.331608093788525e-05,3.858233894570377e-05,1.8938354895298605e-05,-1.8856698502660451e-06,8.858230649757686e-06,-2.9213583167821246e-05,9.452958431069113e-06,2.244646071749941e-05,-2.1183023761956074e-05,-2.5532606113752635e-05,3.5975036724794653e-05,2.5124516531253837e-05,4.1258856213911807e-05,-1.2699239762319236e-05,-3.961251704474641e-06,-8.35705765950485e-07,2.1763307238244843e-05,-7.617060497505154e-06,-1.6196344670890077e-05,-1.4923333321749827e-05,-2.0621743776478972e-05,3.568141736109872e-06,5.398846141186734e-06,6.136736725862429e-05,7.698170440693124e-06,2.9344401084378464e-05,1.91219948791832e-06,-1.1388155824118295e-06,3.724125758169676e-05,1.062902039559512e-05,3.4126014070764375e-05,5.036568008067708e-05,1.7405683862682323e-05,3.164218014593116e-05,5.05349467151389e-06,-7.77526485142933e-06,-2.6414951444143982e-05,-5.998905415429369e-05,-8.324311407147824e-06,2.0418605140756993e-05,3.0505679073447746e-05,-4.963543482676354e-05,2.4294586355800538e-05,4.987925152414505e-05,-2.0344184757297667e-05,1.9216590143216318e-05,-5.083842850241946e-06,-1.0910418976324323e-05,-7.512261842450029e-06,2.564007863886307e-05
9,9.545385327189054e-05,-0.00019253406457878433,9.730795991222159e-05,1.6079357385266203e-05,0.00010671348777057842,-0.0001237300373172705,-7.758771625491625e-05,-0.00010131665312605067,3.841666232004843e-05,2.0045186231552505,3.716432773036003e-05,3.6608069896181276e-05,-3.584036585865011e-05,-8.279786491809416e-05,-8.497056999151784e-06,6.990226585806757e-05,-2.4364512336912467e-05,3.0204839338175255e-06,7.39562737803331e-05,-6.27527193698134e-05,0.00012058790298807334,7.074716164649226e-05,-4.805669748445778e-05,5.224893485480693e-06,-4.988679030086885e-05,-8.273061741524202e-05,8.186129912332955e-05,3.485380850698067e-05,7.389598647050387e-05,3.5506468899968246e-05,-8.546346219745589e-05,6.59813551808558e-05,-2.8372559070479034e-05,-9.128686289490326e-05,-0.00012604235184454296,0.00010917521374276312,0.0001999603056331559,4.5754537204876716e-05,-4.6470776570450584e-05,1.5034421034857708e-05,1.4529952658344785e-05,-4.6970528986583486e-05,7.729081181729426e-05,-7.111761231855463e-05,2.4470893662536687e-05,3.058066133542317e-05,7.216635933038218e-05,1.6210033422879917e-05,-2.759737767989971e-05,-0.00017267874295026292,-0.00011400793855731643,4.304602661399268e-05,-6.028617655619024e-05,-4.403218484253234e-05,5.580642946035096e-06,6.648672881488727e-05,1.1931156698181925e-05,-3.697555084732987e-05,2.0009264861077597e-05,4.609801550103964e-06,3.022818624586297e-06,1.1324396058125702e-05
10,-8.505985145184981e-05,0.0003277654344827819,-0.00013953833921042335,-1.651497857557128e-05,-0.000165960979097063,0.00012059821369464383,-3.1853371190064676e-05,-6.210233201842402e-06,2.440097473884188e-05,3.716432773036003e-05,2.3024404435596217,5.547598059272931e-05,2.1852064261059917e-05,-3.5207451310680353e-06,-1.1054487467151335e-05,-7.680712530650245e-06,6.182706754140054e-05,3.407358325592409e-05,-4.152833275829409e-05,0.000142674614245136,-9.61235345441295e-05,3.160644895985921e-05,9.950138907476846e-05,5.600632418038026e-05,8.43843947559741e-05,-3.299613179985416e-05,1.924831058851355e-05,1.9717918236535962e-05,-6.021786014073291e-05,-1.1061590251579678e-05,7.897029157948377e-06,6.543559960026535e-05,-0.00012425201433477866,3.140452697195771e-05,0.0001237282208275243,-0.00012430966642989355,4.0266533714389555e-05,6.862905615617404e-05,-0.00026605210857723853,-1.54318886627558e-05,-6.827388651577916e-07,5.4501153502044096e-05,-9.12870467587235e-05,-0.00011241625961473378,-0.00018368619864777617,1.094092888966377e-05,-8.425605413326105e-06,1.3031496315668212e-05,-4.420117903052072e-07,-0.0002318388983657337,5.911466145591604e-05,-1.8818809810044728e-05,-9.928213382363318e-05,-1.91415068609766e-05,-0.0001089839645609953,-5.320454641147523e-05,-3.7968454672838557e-05,0.00012946947372743893,1.3326529224030665e-05,-9.34992335542993e-06,0.00015977977467827688,6.528934493674469e-05
11,-2.6741111189300968e-05,2.127751230090883e-05,5.6033031262419096e-05,-4.428783290679674e-05,0.00010926039754908922,-5.5754897073007846e-05,6.2468967024264374e-06,-9.360251669691044e-07,5.0112335978737765e-06,3.6608069896181276e-05,5.547598059272931e-05,1.7287345166926664,5.039527067414703e-05,9.843989336690545e-05,6.795838793124078e-05,4.535380922541005e-05,1.9031658161553596e-05,-0.00015217815618196807,-2.010131867933742e-05,8.008234712610138e-05,1.5495876072162853e-05,-9.579240671904427e-05,3.236273253113541e-05,-9.02669061374275e-05,0.0001071370609025972,0.00018734961475737037,-5.024635455875739e-05,8.955489688466883e-05,7.451134073746036e-06,2.0182066559480008e-05,-1.2150587941876864e-05,-1.6171604390545903e-05,6.3544675823511e-06,-3.3555945964444316e-05,-9.692016330843186e-07,-4.903829234844844e-05,-0.00015657561891107858,1.7600681379326932e-06,6.218426472937221e-05,3.113844498706858e-05,-0.00014659219459260366,-3.673032257410221e-05,-1.2661277821488613e-05,-3.298755032212422e-05,-1.2482234452253063e-05,7.709459696591178e-05,1.310275538248797e-06,1.509585986097218e-05,-3.9899958679188015e-05,-0.0001528666735546605,-6.7397471536775335e-06,-2.1713024781070652e-05,5.230525422907415e-05,-3.935083851886358e-06,-0.00012892795140179397,-4.776774273019479e-05,1.7586923084328637e-05,0.00010634044320485591,1.9155336113650586e-05,-8.753414609508398e-05,-2.126841284283278e-06,4.611280796119265e-05
12,-0.00011253382822504242,0.00010548559470281656,-3.10656033227979e-05,-7.932564965190458e-05,-1.4086961440716029e-05,-5.213394660061713e-05,4.257152293771115e-05,5.4735323256458924e-05,-2.331608093788525e-05,-3.584036585865011e-05,2.1852064261059917e-05,5.039527067414703e-05,1.6409959473361064,-2.5049317695343696e-05,2.1117244070022678e-05,-2.7643958084338877e-05,-3.1275986534778706e-06,0.00011408860820560125,3.3524219902048976e-05,0.00019286034582388807,-9.644981742125216e-05,5.635779455878467e-05,4.2975618233213844e-05,2.9354786131219556e-05,1.8770545787682625e-05,5.275466887544605e-05,1.6206118136588003e-05,-0.00010670056192134851,0.00010714070556240643,-4.241122992826207e-05,4.606537387932962e-05,4.787512328142802e-05,-5.7883801583968663e-05,1.1338074281959871e-05,7.302550668462698e-05,-0.000404208096067104,-0.00010214391910384551,-4.474942249406423e-05,4.921912650634586e-06,3.109817030529077e-05,-0.00010239946241770696,5.667489691021244e-06,-4.384478358871066e-06,-1.147355891150561e-05,-3.447432712078708e-05,-2.1705187162408496e-05,8.425278139657896e-05,-9.877058013058004e-05,-5.162905692713076e-05,0.00022191468433698183,-6.379114661008193e-05,-3.865162902714676e-05,-4.843401961371606e-05,2.3192070520238352e-05,3.969524394042657e-05,-1.099665474975395e-05,7.38646096559311e-05,0.00018405599760350433,-8.992996313983129e-06,1.6124084484744416e-05,3.4408694519167254e-05,1.615819453178267e-05
13,0.00013296672599499593,4.513193596811984e-05,-0.00013921848615432682,-0.00012428140785946296,-0.00026209340323949895,7.257298922414168e-05,-7.047737926567323e-05,-7.776871347867854e-05,3.858233894570377e-05,-8.279786491809416e-05,-3.5207451310680353e-06,9.843989336690545e-05,-2.5049317695343696e-05,2.4755342064486334,3.931979788163263e-05,1.1461128472531275e-05,-4.317896901255448e-05,0.00016312754594061373,7.51828178839199e-05,2.314648564265124e-05,-0.0001591008966230678,0.0002346144258046929,7.255181926335285e-05,-6.579324834034228e-05,0.0001557871069778236,-2.350214418344223e-06,4.1396306200174816e-05,-2.630332636622673e-05,0.00015606770565024255,0.00018356612285628946,1.9165976501223463e-05,1.9503002142250135e-05,-3.436637680246548e-06,3.6837900450993784e-05,-1.626293475570724e-05,-0.0002641524537626042,-0.00015897927284588197,0.00020865574932452208,-4.626618919135021e-06,-3.8185390625704466e-05,8.883056105111178e-05,-6.425304961443767e-06,-6.882243454829389e-05,-4.127298660394609e-05,-0.00013437750467321558,7.626217075681899e-05,7.456072835938315e-05,-0.0001259331728345878,0.00017387778845756095,0.00020633720076485828,-0.0002229909762029283,-0.0001668680902974173,0.00019841199025558219,-2.9060300912210134e-05,-1.7749240074230702e-06,1.805105145174119e-05,4.972034141657016e-05,-2.6799003097892106e-05,6.339568124309661e-05,8.402833584528418e-05,-0.00012526140814697384,1.2713265308278175e-05
14,8.322872776931332e-05,-0.00025557896760765964,0.00013437731670749997,0.00012114197335757309,-6.127078966562616e-05,0.0002071604133584052,2.4696288767409526e-05,-8.973687075285128e-05,1.8938354895298605e-05,-8.497056999151784e-06,-1.1054487467151335e-05,6.795838793124078e-05,2.1117244070022678e-05,3.931979788163263e-05,2.9422740725702856,-0.00010412142991170555,4.2620030939632016e-05,-3.923941771733583e-05,4.1812612642371166e-05,-3.0010227996571864e-05,-1.2136740273901276e-05,-0.000342897279131391,2.950899576305255e-05,-3.620740172977805e-05,-0.00013218031526856491,1.6208274991667463e-05,0.00010707813484789589,0.00024515860692104384,-1.667130048491779e-05,-0.00012998473709501792,7.581331356955256e-06,0.0001240282215365603,3.521045811342463e-05,3.658802370329217e-05,5.830267378148062e-05,-0.00012176100774005396,-0.00012701576722999982,-0.00012599888162607764,2.651428812914389e-06,4.114455982343915e-05,-0.00013658765384161236,9.726985935999663e-06,3.632386053560325e-06,5.383063059073804e-07,-3.48966113443756e-05,-2.6648456869506653e-05,-0.00014997795086378734,-0.00015726500736470346,5.4861527376707716e-05,-8.414003723527433e-05,0.00023828887990469614,8.908450026830951e-05,7.806368747289426e-05,4.01706250345595e-05,0.00024985955964166586,6.027995101578499e-05,6.732298747633394e-05,-0.00015234070291764013,3.445002569820055e-05,4.547752940396323e-05,5.8977956903092396e-05,3.95794973832111e-05
15,-7.634533931553983e-05,-0.0002618291264135224,-0.00016756336525004784,-0.000152873803246392,-0.00014325496187744672,-4.2962254740785255e-05,6.136178891285054e-05,0.00015278789498853013,-1.8856698502660451e-06,6.990226585806757e-05,-7.680712530650245e-06,4.535380922541005e-05,-2.7643958084338877e-05,1.1461128472531275e-05,-0.00010412142991170555,5.8887684642329745,0.00012153776213289275,-1.5057360902420135e-06,2.356957390849598e-06,2.125215347347569e-05,-5.8326092867248976e-05,-0.0003166118898747464,-5.312801840803012e-05,4.768982488094008e-07,0.00010280971691939452,0.00019761012515295015,0.00011800543363546898,-0.00011944094265703218,2.766887526182569e-05,0.00012904377792985927,-8.190957977924858e-05,5.082670270752094e-05,-4.170172769980246e-05,-1.476257975904524e-05,-6.775435685482351e-05,-0.0003815021469317293,0.00022864383791581039,5.284110731803649e-05,4.4563504358006104e-05,0.00017525967244067469,-0.0003603927024567007,0.00018636817565669244,-0.00038265101778626743,-9.430506915578972e-06,-0.00013456568938320187,5.496003530092016e-05,1.6774996389233334e-05,-0.00014964928134844797,-0.00011288495852209973,-0.00011446447057170758,0.00020583432942441112,8.944410686590043e-05,-6.327561128091595e-05,-0.0002316087328320252,-0.00034134640981178224,-0.0002957383612254142,2.343369386613681e-05,3.4953167778372435e-05,-3.116211045263981e-05,-4.265637149279432e-06,6.425825743179306e-06,3.6542832831840286e-05
16,6.840828845523438e-05,-6.979547478976437e-05,0.0001255570929576313,-7.68800545624021e-05,0.00015788009754062027,-0.0001488092120534171,1.827138923875564e-05,2.5456115859412577e-05,8.858230649757686e-06,-2.4364512336912467e-05,6.182706754140054e-05,1.9031658161553596e-05,-3.1275986534778706e-06,-4.317896901255448e-05,4.2620030939632016e-05,0.00012153776213289275,1.8980754512304336,0.00015070387336437737,6.401170429666112e-06,-0.0001451416533909092,-0.00013942276307258607,-5.311676810286503e-06,-9.234936417578827e-06,8.979830936731655e-05,-1.4058487734585661e-05,-9.792192466520152e-05,1.2656965252329784e-05,0.00015107484410827287,7.73070488718859e-05,1.3989835169368854e-05,0.00013311107233745175,-7.318989109596372e-05,-6.786440997335827e-05,-4.462701812227568e-05,-6.31393092416195e-05,-3.7547670006109606e-05,-4.0752998828153324e-05,-0.00013657376032718394,-8.763245171439152e-05,4.9653399956028786e-05,3.7437691350490956e-05,5.427531993531856e-05,5.124807156781194e-05,8.32130297070599e-05,0.00017557679256230597,0.00011590228506463637,-3.1306645683504725e-05,3.474452864981428e-05,1.1081569858956184e-05,0.00020768994954819823,0.00013371984863014922,-1.1099164660180705e-05,-3.536302609574404e-05,3.350598298336773e-05,2.39676781439824e-05,2.1234157404310815e-06,2.0887048797668e-05,-8.08970277511571e-05,9.86566158215625e-06,1.753477958172535e-05,1.011486147239401e-05,-3.639364435420027e-05
17,-0.00011121894811771906,0.0005556989033338654,0.00021141341058534253,-6.20724600505099e-05,-2.9297934171281567e-05,3.984194153019967e-06,-0.0001642323365149862,4.8818046670209376e-05,-2.9213583167821246e-05,3.0204839338175255e-06,3.407358325592409e-05,-0.00015217815618196807,0.00011408860820560125,0.00016312754594061373,-3.923941771733583e-05,-1.5057360902420135e-06,0.00015070387336437737,4.533730112386404,4.956271792006517e-05,0.00020428265542168404,0.00024181465720522744,-3.668295534505433e-05,0.00017267615683161163,0.0002853384967525554,-3.069280265597771e-05,8.080941404419143e-05,0.00017134111798303587,1.6666318055817465e-05,0.00010298566475473619,-7.124146895241604e-06,3.960386409438468e-05,-6.120489787680536e-08,-4.046001458051288e-05,-5.605201259628737e-05,8.270780894644006e-05,0.00014218206011097428,0.00010239874989125065,6.902021824418908e-05,-6.73825422622919e-05,-1.8122429059934941e-06,-4.928440002988114e-05,5.5039998368289556e-05,-0.00021649526475589728,0.00016624676065883718,-7.846204153547347e-05,-1.3526583091373346e-05,-5.926451784475975e-05,5.424593455189683e-05,0.0001513403559389408,-1.4959789790325064e-05,0.00021210695335502323,1.2596255983029366e-05,9.877720253473037e-06,-3.128433928556953e-05,-0.00033624244887842987,-9.171148103587138e-05,-2.60923838107098e-06,-0.00016720117656354987,1.4913141091919902e-05,-3.3059995896159406e-06,-0.00022228835559878448,7.706984633299153e-05
18,-5.510043862434287e-06,-7.805449225743835e-05,-5.769394639758647e-05,-0.00011094842868231192,-9.204109682256224e-05,-3.3840711802500955e-05,-3.841365028070166e-05,-2.8980085891262812e-05,9.452958431069113e-06,7.39562737803331e-05,-4.152833275829409e-05,-2.010131867933742e-05,3.3524219902048976e-05,7.51828178839199e-05,4.1812612642371166e-05,2.356957390849598e-06,6.401170429666112e-06,4.956271792006517e-05,1.521012214643591,2.2001744391883537e-05,4.8538579559024593e-05,0.00037804386009415654,8.275300374230888e-05,-1.888896071531446e-05,-0.00010027457793417412,-8.56098553930891e-05,4.08091165238559e-05,5.3113513314468566e-05,2.2924292428132195e-05,3.0199178482491383e-05,3.2353266551438026e-05,-4.574482342772638e-05,3.91440921082525e-05,3.870152484366863e-05,3.25435200813823e-05,-0.00023003050443121483,0.00013262608599997662,0.00015516396542993927,-6.747446680115043e-05,-0.00011853393003596159,-6.242420969754401e-05,7.757297752636078e-05,-1.1804889831869642e-05,5.7286933771554145e-05,-4.824977081176397e-05,3.5872866839963035e-05,-1.2843605402911995e-05,-8.741302046712555e-05,1.1623074331772488e-05,-4.481701685480443e-05,-6.878895786470566e-05,-3.6005617238363826e-05,-2.7835313736169907e-05,1.6658786245215014e-05,9.57869704438002e-07,9.625715785064597e-06,1.9234762122446375e-05,-0.00018920038449633401,7.086100379802924e-05,-0.0001236996894704318,-2.3316842266195105e-05,-4.9065098569784054e-05
19,-1.0778317341708647e-05,-0.0003805137756686209,0.0003317575312644185,-0.00017122841021364056,0.00014935820173561892,0.00036043304040824447,-0.00015944597894145386,-6.596326516481073e-05,2.244646071749941e-05,-6.27527193698134e-05,0.000142674614245136,8.008234712610138e-05,0.00019286034582388807,2.314648564265124e-05,-3.0010227996571864e-05,2.125215347347569e-05,-0.0001451416533909092,0.00020428265542168404,2.2001744391883537e-05,9.499263250893517,-0.0002907243658771004,0.000302877757075832,-0.0001481225102909923,-6.966243995932491e-05,0.00012554338600191025,2.1996296409981843e-05,-6.0029659503944285e-05,-7.528480191972638e-05,7.923660783520284e-05,0.00017005679244175905,7.523262143486804e-05,-0.0003013278789505078,-6.118923487863084e-05,4.8224648320086036e-05,-6.028172853289544e-05,0.00021387911587738976,-5.448436126080369e-05,-0.00013745190952663995,-0.0005115937984483625,-0.0002256836151515274,-0.000272070964396598,-9.971682413024848e-05,-0.0004292221611593518,7.983833842499483e-05,0.00017394321247404468,-4.5392758006294785e-05,-1.2359175487946584e-05,0.00021017436695783932,-4.72704948803028e-05,0.00019019699585142179,4.882076337401402e-05,-5.2158691249635376e-05,-8.173032423339974e-05,0.0001234239366427742,-0.00024899810827236677,7.532208560336001e-05,-4.341251053519802e-05,-0.000195002796238642,7.419124467063143e-06,0.00012244564810883033,-0.0003547922363017478,0.0001231654671765444
20,0.00014176960552031236,-8.204730813877626e-05,-0.000250274986605068,8.774411410510883e-05,1.177404684979153e-05,1.8695048655788827e-06,-0.00026881631665211697,-0.00015855258709079057,-2.1183023761956074e-05,0.00012058790298807334,-9.61235345441295e-05,1.5495876072162853e-05,-9.644981742125216e-05,-0.0001591008966230678,-1.2136740273901276e-05,-5.8326092867248976e-05,-0.00013942276307258607,0.00024181465720522744,4.8538579559024593e-05,-0.0002907243658771004,5.76187723773364,0.0001445782247235782,-0.00024109550916769586,-8.199164242792056e-05,0.00013943023874769543,-1.0144158366220861e-05,-2.9376308278623567e-05,0.00026217369764207387,-6.13654334787709e-05,3.937410382529923e-05,-6.21168721365663e-05,2.9912142119110176e-05,3.7897609744658884e-05,5.602645881958724e-05,0.00026576734963804137,-0.000274769620091779,-0.00032130405515442206,-0.00025464622781818497,-0.0002268064595757614,-0.0001579532115560038,0.00024180037754581996,-0.00010104148873062163,-4.203684309475817e-05,-9.066293445819423e-05,-4.2610717886552904e-05,-3.097558005148968e-05,-1.9537673298746546e-05,-0.00014700562276569204,-0.00011935460917065939,0.00021651792380431131,7.638681026977262e-05,0.00020623436722632885,-0.00010393890942650672,-0.0001275712961224545,-7.831305943229931e-05,1.8805852860345328e-05,-2.7144592550265016e-05,0.00012824223197522097,1.7712669603025692e-05,-6.435563049886811e-05,-0.00011363089271136877,1.163237192008317e-05
21,-0.00031552941288176355,-0.00018840401858434447,-0.00029560865809010237,-3.0218226359961243e-05,0.0006049163106558046,-0.00022143608739878616,7.93739661410554e-05,0.00014452763930585246,-2.5532606113752635e-05,7.074716164649226e-05,3.160644895985921e-05,-9.579240671904427e-05,5.635779455878467e-05,0.0002346144258046929,-0.000342897279131391,-0.0003166118898747464,-5.311676810286503e-06,-3.668295534505433e-05,0.00037804386009415654,0.000302877757075832,0.0001445782247235782,17.995473820097207,0.00012005025182828226,0.00016261762488816166,-4.2373290856845786e-05,-5.075377050062118e-05,9.749427397323833e-05,0.0002169416582855398,0.0002872645080281506,-0.00022368536705225268,-5.888297175793954e-05,-0.0002459683018503706,-2.4372233887794396e-05,-0.00036665419439919645,-0.00012417372031891068,-0.0010280204842388842,7.354768034970034e-05,-0.00015268123420275782,-0.0007932294348346874,1.4743950318596687e-05,0.00012724816095242706,-5.4004706962309535e-05,-0.0003305594396833739,3.380670195536182e-05,-0.00014456235526343522,0.0005242436670970741,0.00026820185747707933,-0.00022813258362945857,-0.00019664118439103201,0.00039357894051320747,-0.0003621137690413863,-9.837193894462306e-05,-0.00030342162527961797,-0.000158939968800692,-0.00018689695411250944,-0.00020456182921005242,-0.0002802685506031743,-0.0005725780381520104,7.851700500395983e-05,-4.6179186452701294e-05,-0.00021556009311278146,0.00024288323998379762
22,-3.997828335046426e-05,0.00010439559864671857,-8.614415628243115e-06,-7.218297811957033e-05,3.0601280988724276e-06,7.086864100323499e-05,-1.794920150223238e-05,-6.525740380590517e-05,3.5975036724794653e-05,-4.805669748445778e-05,9.950138907476846e-05,3.236273253113541e-05,4.2975618233213844e-05,7.255181926335285e-05,2.950899576305255e-05,-5.312801840803012e-05,-9.234936417578827e-06,0.00017267615683161163,8.275300374230888e-05,-0.0001481225102909923,-0.00024109550916769586,0.00012005025182828226,2.4738825227390633,4.524249973245578e-05,-6.329798928952661e-05,2.8576644752665583e-05,0.00010810308011783349,-5.616601433389528e-05,5.61586140493653e-05,-9.495611057675616e-05,-4.184547052699895e-06,-6.134535841321446e-05,-4.3580603375355694e-05,0.00015921186725629128,8.148133951693583e-06,-0.0001682786362901693,-7.155341983876747e-06,2.9558111908104657e-05,-8.658566420773944e-05,1.1406987237656405e-05,-0.00010178097917122631,-0.00010838700225983397,-1.0601688662587673e-05,-0.00013904777625711954,-0.00010303053629184621,-9.837653085174784e-05,8.2131726151278e-05,-1.3215737335819672e-05,-6.520891474912104e-05,0.00015693628958926066,2.6125760616948873e-06,-9.890683160660967e-05,-3.316732978707283e-05,3.645344907837609e-05,-0.0001569017915954099,-4.135365173103144e-05,5.917776127003461e-05,1.0871530191762699e-05,-1.633016256684269e-05,0.00010892243608443213,9.993669572573582e-05,-6.996568599053461e-06
23,-2.3248381006749684e-05,-0.00018681656183233027,0.00016499610773968178,-0.00017264605079691053,-0.0001550479668622227,-8.094985159094234e-05,-0.00010892752246425144,-4.514499910966446e-05,2.5124516531253837e-05,5.224893485480693e-06,5.600632418038026e-05,-9.02669061374275e-05,2.9354786131219556e-05,-6.579324834034228e-05,-3.620740172977805e-05,4.768982488094008e-07,8.979830936731655e-05,0.0002853384967525554,-1.888896071531446e-05,-6.966243995932491e-05,-8.199164242792056e-05,0.00016261762488816166,4.524249973245578e-05,2.518287891220224,0.00021003144920612614,0.0001213167519932301,-0.00021744693589727048,-0.00014293335439148115,-2.4838781400629723e-05,1.3080660965914774e-05,-4.872834911552689e-05,-1.2831372237358225e-06,3.2421918813476746e-05,-0.00011070427856710924,6.34281536157997e-05,0.00015488175601763312,-3.283863942305625e-05,0.00014998866417804653,0.00010601685951380867,3.586660982222386e-05,3.173567800367166e-05,-0.00011957327951988509,0.00012475468455743331,-6.908573850126112e-06,-5.148180747758558e-05,0.0001446084761557768,3.2229649740324626e-05,-7.485234695956798e-05,3.925625515713473e-05,1.2214575781192507e-05,0.00012511557315782084,-6.217568635269182e-05,-6.260582854490527e-05,-6.088616809835765e-05,-2.9668209175280156e-05,-6.007985255623923e-06,3.9971225952151806e-05,-7.250975699876256e-06,-3.756177722498935e-05,3.7127976755889975e-05,6.364040738676125e-06,-5.01416769383009e-06
24,0.00012436224892065423,-8.007160581083333e-05,5.956728360795597e-05,-3.1863362464590155e-06,5.917800388241802e-05,-7.247997097160337e-05,-4.827259020470039e-05,4.6527341336473596e-05,4.1258856213911807e-05,-4.988679030086885e-05,8.43843947559741e-05,0.0001071370609025972,1.8770545787682625e-05,0.0001557871069778236,-0.00013218031526856491,0.00010280971691939452,-1.4058487734585661e-05,-3.069280265597771e-05,-0.00010027457793417412,0.00012554338600191025,0.00013943023874769543,-4.2373290856845786e-05,-6.329798928952661e-05,0.00021003144920612614,2.5728987415170192,-2.579967381276905e-05,9.74773099545742e-05,0.0001825368094540357,-1.3636937095741153e-05,-4.049845410739119e-05,-1.110473532060871e-05,-2.607278211803128e-05,0.00010361785207966768,1.7172226891602512e-05,-1.2344768782299628e-05,-0.0001105131764162237,0.00048138192905450674,-6.800671745484111e-05,0.00014508508944029074,5.803422234739447e-05,2.664480162672723e-05,8.63884738394126e-05,-0.0001032502150386275,-5.780997069190825e-05,-3.182933450701122e-05,5.220824145277823e-05,-6.7137292711999105e-06,-6.172338049019586e-05,0.00012207537842026333,1.979257681100969e-05,6.666884516299778e-05,4.914372301617037e-06,-9.016526949911369e-05,-6.991506445676252e-05,-9.525569082605441e-05,-0.00018159074005828603,2.0406278598720527e-05,4.731590781990532e-05,-5.728318041320503e-05,-0.00010180438126954318,-0.00010001862051235373,-8.349403415607677e-05
25,-0.00013982035044535427,-0.00018043941327960708,-3.052526518267675e-05,1.1551567429073333e-05,0.00018236506938606596,0.0001708390206490547,-0.0001422431087324286,-0.00012319614141016017,-1.2699239762319236e-05,-8.273061741524202e-05,-3.299613179985416e-05,0.00018734961475737037,5.275466887544605e-05,-2.350214418344223e-06,1.6208274991667463e-05,0.00019761012515295015,-9.792192466520152e-05,8.080941404419143e-05,-8.56098553930891e-05,2.1996296409981843e-05,-1.0144158366220861e-05,-5.075377050062118e-05,2.8576644752665583e-05,0.0001213167519932301,-2.579967381276905e-05,2.5742620190650007,-3.886655541394867e-05,1.4099541477208127e-05,1.1188202019379365e-05,-4.214996998511101e-05,7.066439163111999e-05,0.00010084150875599059,-8.400818526270122e-05,-3.9944594021426404e-05,1.8222978519137706e-05,0.00025162382166106246,8.296560856481596e-05,-1.8301006023515857e-05,-0.00020020110558524145,-5.416662257927532e-05,0.0001587977011286896,-4.530846596776994e-05,-2.1736935302163508e-05,2.4124105848122007e-05,-0.00010616425561042757,4.3614747859389447e-05,-5.4559406687435075e-05,0.00015847037981375146,-3.9294986772346946e-05,9.541249033681468e-05,-4.282344258665817e-05,4.826446555366044e-05,-1.0191101331869646e-05,1.209453815235803e-05,-0.00019782710102692782,-3.2621980696161063e-06,0.00011920466175913011,8.714224773735011e-05,3.042418097676127e-06,-0.00010514827094168101,-5.866649837826609e-06,3.887136305265837e-05
26,-2.3068597322266258e-05,-2.4054668413612132e-05,-4.7276192455978576e-05,4.40364956701299e-05,-2.4251950319508717e-07,-0.00025326601108964926,1.9991699335772592e-05,6.852055899452345e-05,-3.961251704474641e-06,8.186129912332955e-05,1.924831058851355e-05,-5.024635455875739e-05,1.6206118136588003e-05,4.1396306200174816e-05,0.00010707813484789589,0.00011800543363546898,1.2656965252329784e-05,0.00017134111798303587,4.08091165238559e-05,-6.0029659503944285e-05,-2.9376308278623567e-05,9.749427397323833e-05,0.00010810308011783349,-0.00021744693589727048,9.74773099545742e-05,-3.886655541394867e-05,2.8737026451739105,3.1503994230931627e-06,-6.461443709174674e-05,6.279494008708315e-05,3.107620691195603e-05,5.564832474957756e-05,-5.930395479803002e-05,-3.1576327445106203e-05,1.637664141044724e-05,1.3315484108114866e-05,2.4641785042599663e-05,2.321532816633311e-05,9.313903363580983e-05,6.728165111256733e-05,-1.889760858413756e-05,1.9072912398172666e-05,-8.941927570031444e-05,-3.3234865653406393e-06,0.00013232697524294908,2.9686242231667304e-05,1.0580182121609157e-05,4.654888913580324e-05,-9.927291721873569e-05,4.6799399301959814e-05,4.7290026469360804e-05,2.8261331505182828e-05,0.00012990093500624123,-7.277185800555838e-06,-0.00011175965610085242,0.00010577559160280423,7.286265649267167e-05,0.00010672712842976563,7.484357053785387e-05,-2.712867854660125e-06,7.728318428515586e-05,9.176548585067314e-05
27,-0.0002036743873430952,5.269752796087663e-05,1.8924951749288356e-05,5.037112217188003e-05,0.00014121101397144537,3.105922729495465e-05,9.057594349685297e-05,0.00012618939437682958,-8.35705765950485e-07,3.485380850698067e-05,1.9717918236535962e-05,8.955489688466883e-05,-0.00010670056192134851,-2.630332636622673e-05,0.00024515860692104384,-0.00011944094265703218,0.00015107484410827287,1.6666318055817465e-05,5.3113513314468566e-05,-7.528480191972638e-05,0.00026217369764207387,0.0002169416582855398,-5.616601433389528e-05,-0.00014293335439148115,0.0001825368094540357,1.4099541477208127e-05,3.1503994230931627e-06,2.2002077674995815,-9.669745189032515e-05,-8.442550977962232e-05,0.00017686200619180067,8.664505319989885e-05,8.208382850771037e-05,2.4479827188955848e-06,1.26606694884599e-05,8.673548557061921e-05,0.00013732642875553624,7.525080973890733e-05,3.898140743304662e-05,0.00011101739551712175,2.7163438617838468e-05,0.0001628886816860318,0.00012127306646343083,-4.074195512904907e-05,2.8078843928153025e-05,5.5668710389598556e-05,-1.3180869272273227e-07,7.973583480622368e-05,7.264733182579916e-05,-0.00015297243706565008,0.00016979546315791096,5.809644483683466e-05,3.8601442314224694e-05,-2.572128185708339e-05,-7.604602609547354e-05,6.034555778086347e-05,-0.00014176495187518298,-5.513478149360488e-05,-1.5055929739413154e-05,-3.6252885439627943e-06,-0.0001636182557601527,5.9220677310675765e-05
