,0,2,3,4,5,6,7,8,9,10,11,12,13,14,15,16,17,18,20,21,22,23,24,25,26,27,28,29,30,31,32,33,34,35,36,37,38,39,40,41,42,43,44,45,46,47,48,49,50,51,52,53,54,55,56,57,58,59,60,61,62,63
0,288.90649065597785,-0.0022252004238161906,0.004035070071163959,0.01974140402336749,0.0012645620617449712,-0.0007806864553400793,-0.0001782417922282805,0.0016603277991460502,-0.006326086060947449,0.00530150460162441,-0.004429317791166541,-0.0009797764776666377,-0.006674071925957998,0.007323379052526022,0.003429792174276383,-0.0032708546113955988,0.006144914608628243,-0.0013747900613516682,-0.001542701545711909,-0.0009150976083444619,0.003136101658634741,-0.0014549920652944628,-0.0017596077826574122,-0.000664313788612093,0.004334986585719805,-0.004725120658198657,0.0005564602562084437,-0.006334092123159749,-0.007034978224182544,-0.0007365234986197193,0.0038270384204214763,-0.0025838535669623418,0.0031637712403162015,0.007840426399164713,-0.0024149368277960764,-0.006061905467426367,-0.002442671750615024,0.005456086592750121,-0.0016827291151017244,-0.0014430919762418695,0.00019678585684181866,-0.0015034183720401882,0.002795736576020369,0.005819923925490799,-0.0013995766666663404,0.0040513775401492145,0.0008818147458808898,-0.0012448021603916333,0.0010577894224932415,0.0005647421969231023,-0.00015506130645138622,-0.0008019994186502464,-0.0029319866805303245,-0.0008410067634060468,-0.001201106291771638,-0.0008134665652574969,0.0007111595288616007,0.0006411003321607168,0.0002203515323330695,0.0004178297834722814,0.00024683902807113087,9.37794897520748e-05
2,-0.0022252004238161906,372.1815616218491,0.0017661140711106942,-0.020587813871851546,-0.013141101075599956,-0.008092875191857068,-0.0009918078005551347,-0.0028392558541298542,-0.0006692875723417689,-0.008251633786065476,0.012001891449507383,0.003964009872893638,0.008485141856568186,0.005335829064090294,-0.017795766172887858,-0.0051338902123063464,-0.0037410817248171384,0.011675262281717143,-0.005425711774108911,-0.03381107825092808,-0.0021198661828147262,-0.0007471758125147514,0.0028414325167202257,-0.006997143490279259,-0.00641292637178271,-0.005696807224733078,-0.00259712592173997,0.002948333286556757,-0.003011012580773999,0.0028901842095551225,0.0034959618531313127,0.002653730949437677,0.0035428730454885975,0.005879572721336164,0.000796037142799277,-0.008115171376137861,0.003450737267623064,-0.006111716716311217,-0.001371009161692389,0.0014479912609212848,0.008852000655086461,-0.0010014183936963522,-0.005235935875588517,-0.000628885861562776,-0.0014133080469932835,-0.0023651230683107848,-0.0020074850892066757,0.0009347729649100342,7.9578293936702e-05,-0.004485387875168358,0.0013797146928733685,0.0006972823759091705,0.0002819525111446363,-0.0012611802938186417,0.0013191869867556778,0.00018412819857625397,0.0002548272242549744,-0.0012980850744338012,-0.00017551650405876244,0.000216721824107583,6.728296652680123e-05,0.000118794953463593
3,0.004035070071163959,0.0017661140711106942,160.70984545579628,0.007190345399361225,-0.005235107938837556,0.003054637341795096,0.004412900316739916,-0.001653809084362683,-0.001984729581313959,0.003062441944550765,-0.0038328126039354838,0.0019995661850395426,-0.0016298493292931232,-0.0056790920264038975,0.00429424427267941,-0.005302407819444729,0.0056488784422068115,0.002794465011398222,-0.003011615115712741,0.01044172516403875,-0.0036287364242080524,-0.0011536160561883074,0.00041397046628477506,0.0036207651487390256,0.0001346872265233142,-0.00019150887467471456,0.00048570739043356703,0.00010567724026174762,-0.0017844083068855952,-0.0026766492781191372,0.001765015688702486,-0.0021474729280440705,0.0009301711080082926,0.007840464863006276,0.000889744709568071,0.010878428714785759,0.008890195657572748,-0.0014233520332448848,-0.0007982674349836806,0.0014277748058032342,0.001778398701737283,4.129789080959963e-06,-0.002015129500978039,0.001602266140353073,4.52648355002142e-05,-0.004190680977321934,-0.0007794329970842909,0.003195699942570031,-0.00011268977891061219,2.8953541880829635e-05,2.3407892756425208e-05,6.700449374685225e-05,0.0005513844387011274,0.000914444951441738,-0.001201472646937288,0.0001647342904226634,-0.00021953674045158649,0.0005124398421160226,-8.652690908351626e-05,-0.000142780553469373,0.00020935195918615526,-7.340174586471134e-05
4,0.01974140402336749,-0.020587813871851546,0.007190345399361225,495.38594371910835,-0.0023792502353354537,-0.007962897897001832,-0.004402241368858607,-0.0022567500278000774,-0.009015701204264903,0.00013849003301771032,-0.002776683957720626,-0.0038657886304733903,-0.009767325883428421,-0.006284529568455636,0.010932613490044764,-0.009301538781223513,-0.014857312544506052,-0.0014166113789158778,-0.0110105884324715,-0.024822245624265802,0.005946633699772509,-0.0024025410335733097,-0.005598554295105336,-0.010918856686088793,-0.00043011717897451304,0.0010324819070382488,0.003474024636831649,0.003452986509822935,-0.0019248577535815668,-0.00940309529796789,-0.008759860454645009,0.0035473119269091046,-0.0005543103396437459,0.016493764919484556,-4.4414095821595625e-05,-0.011296588442601715,0.0037243820132086135,0.001130108090989452,-0.0030280338360055272,-0.0018485668526324944,-0.0019643373175793643,0.000933281198054401,0.00421373276560541,-0.0001763773146550929,-0.0005844598010677345,-0.005225447820310191,0.0030119052652814444,-0.002979687788769535,-0.0006235267049972164,-0.0013544564259586227,0.00027707874039700796,0.0010789256210512112,-0.00042027567927399503,-0.0018849659809700178,-2.2782088501818775e-05,-5.9948101590244934e-05,-0.0002507040928608232,-0.0006421137410900498,0.00019265908738277246,0.0003064121710677688,-0.0003773734451013769,0.00016992141183087557
5,0.0012645620617449712,-0.013141101075599956,-0.005235107938837556,-0.0023792502353354537,299.32424501959883,-0.008827017519764965,-0.0018108613710504531,0.0015496728815033182,0.006580591384405503,0.005489551230695823,-0.0059047797838389865,0.005037204078128072,-0.0005203188406173861,-0.010446126799603607,0.0019686667293723568,-0.0028177505421733127,0.008912004956705319,-0.0007042350835604308,-0.0064405962453428015,0.006279091133816362,0.0021505676805379428,0.003961885079088475,-0.000957772903175168,-0.004651383929905788,0.0035278572534619035,0.00463574024047263,-0.000356997291469612,0.0021912435509682236,-0.0019627107395467393,-0.003107884931394683,-0.0034096517828614776,-0.0014899760285230308,-0.0023957019854570017,0.007963815737309846,0.008937212352129041,-0.002051883037228789,0.0011313953530530437,0.004024449908778154,0.00435980122416103,0.0015008498117334106,0.007596668378908421,-0.00301110187386201,0.0005047638187916393,1.929800033972968e-06,-0.0004823099449718191,-0.001556397908306982,0.0010356249917798002,0.0008317255427326719,-0.0023554008710823184,-0.00232301585274092,-0.0017585047283033145,0.0005500642767396189,-0.0004463989588590104,0.0003023973263099913,0.0005702866537261528,-0.00035442909752187324,-0.0014357601883092758,0.00011414208162492118,0.00026255066396115327,0.00016729197134581964,0.00029203811390847944,-6.231490163959304e-05
6,-0.0007806864553400793,-0.008092875191857068,0.003054637341795096,-0.007962897897001832,-0.008827017519764965,109.76659886294911,0.0020107099987829173,0.0018319414126505649,0.006738276749453237,-0.004054635949768788,0.0031776138681308733,-0.0020145538458400288,-0.0013909940117088854,0.0016194000209049178,0.00722136262519143,0.0016165176936306965,-0.006585444433373067,0.0003704068088474812,-8.222694971229517e-05,0.013330193124036679,0.0007900770275023517,-0.000707648299923064,0.001477393286656328,-0.0022188157173488187,-0.0022575566981735996,0.0033943748610092014,-0.006102446807498784,0.00029980199819463804,0.0011087299503188663,0.0020299276576951557,0.003828291894886455,-0.002153063366414131,0.0017788992683585468,-0.004164554378032454,-0.0027598712239140996,-0.00033402963840198255,0.0011970063658581405,-0.0017240753083052442,0.004683617852367425,-0.003101423233025112,0.000885338000048674,-0.0012036902778182726,0.002419171949826354,-0.0005686730915862586,-0.0025751104946504485,0.000305912817044355,2.6559154804862723e-05,-0.001527931357892964,0.0009770843397969994,-0.0012536166099132646,0.002292033991817189,0.0005478155425955543,-0.0003963506823701161,0.00021488656015309227,-0.0004366086099213964,9.69457952584382e-06,-0.0002084511386036678,0.0001805560516697259,-0.00016617200556915833,0.00021877956676554688,-3.884038751953554e-05,6.666501898018469e-05
7,-0.0001782417922282805,-0.0009918078005551347,0.004412900316739916,-0.004402241368858607,-0.0018108613710504531,0.0020107099987829173,184.29957467978883,-0.0008752801927304667,-0.0013239951154368683,-0.003654918917273469,-0.0011837765461216085,9.73698992256486e-05,0.003560619142573638,-0.004619557423405567,0.0013076330404543127,0.002971421565159037,0.0010498114640276244,-0.005993221964581029,0.0010563894775920811,-0.013952310435756623,-0.008050312362769247,0.0006311305004955998,-0.002790253279112636,-0.0069839183580143495,-0.00360489849101297,-0.005916732043894794,0.002950450733937627,0.0036872035413915917,-0.0004389479841751937,-0.0023741948807753255,0.00014321576721145764,0.0009513159612482464,-0.0018160243853296816,-0.0031737666893589265,0.003991373128990485,0.004130756305535231,-0.0002296507310381545,-0.003641906895688084,0.0025338940460591015,-0.002795709197507261,0.005862557689142315,-0.0027568318396615724,-0.002012647513083307,0.001437822568266719,0.0012960975738676888,-0.000645557821947095,0.00031161803309352477,-0.00028164693031475593,0.0005358350156554066,0.0011384302936228077,0.00171003795520422,0.0007135403969239992,-0.0006008174230557031,-0.00028769640149665205,-0.0019157557800339082,-2.351342825574403e-05,-0.0004514956649031998,-0.0010304115598612916,0.0002566329537557707,0.00021104676974365794,-9.303678281932214e-05,-3.797743503758013e-05
8,0.0016603277991460502,-0.0028392558541298542,-0.001653809084362683,-0.0022567500278000774,0.0015496728815033182,0.0018319414126505649,-0.0008752801927304667,13.020323213634875,0.0013311703575593402,-0.00156470618112672,-0.00044056804196362904,-0.00013479844250571075,0.0008816289591970916,-0.0004289488795442019,-0.0018292322587644646,0.0009338795115540654,0.0005280597365073022,0.00048227009494912596,-0.0013871398790373539,-0.00013892382199423472,-0.0008150015979011928,0.0008216459259892309,-0.0005993123891427679,-0.0005169243921003544,3.0713286520934124e-05,-0.0005119246054136185,0.0006849084439644244,0.0014552424131219588,0.0004342329478720772,-0.0020391275282740672,-0.0010941016177940682,-0.00043502195350663916,0.0004721528376524471,1.2113116495459163e-05,0.00020101232267562803,0.0009470715766179798,0.00023682642442047027,0.0004367925970098519,0.0005702466000371483,-0.0009737890288273968,-0.00034025243828411504,-0.00036538950486394094,0.00034055802877812217,-0.0004496373623560547,0.0009525950393284503,0.000200094822971185,-0.0006536578018659989,1.87513754231672e-05,0.00046109325181809766,0.00036000761109573995,0.000490184171241396,8.874970285963681e-06,-0.0002150671388268382,3.74870330989428e-05,-0.00019648796446689615,0.00010548083617704751,-6.394295622694067e-05,0.0001910143317980535,-5.5634553178108526e-06,1.5602390196263715e-05,4.789653000993146e-05,2.191762491237591e-05
9,-0.006326086060947449,-0.0006692875723417689,-0.001984729581313959,-0.009015701204264903,0.006580591384405503,0.006738276749453237,-0.0013239951154368683,0.0013311703575593402,103.61657888732559,0.0051916901651817,0.003644838867561133,0.0006485249179803252,-0.005058879445419076,0.005926014917073292,0.003499606614737186,-0.0005487313906169442,0.003165364555749769,-0.0018602779665137749,-5.17246775753811e-05,0.0031600371600521288,-0.0005130449234476865,-0.004919086516348151,0.005244448212933594,0.0031653073499406117,0.005362503966080773,-0.0010146876594665484,-0.0005121622120211565,-0.0002532689321228727,0.0026722242601038603,-0.00045053976979410386,-0.0017951198393653305,-0.0009863690633088516,-0.0019018151768013184,-0.003600086028537524,0.0008111984775830369,0.003647576601911917,0.0016846101368232713,0.0020084711197964275,0.0006556028260713627,-0.00032930094307953583,0.0023364313936366987,0.0005427556178157039,0.0010038730103648506,0.0025893493210528947,0.0006945437968544013,0.0018639660939362688,0.0005265615404803558,-7.503844235060163e-05,-0.0011057951916470389,-0.002468965169398738,-0.00015072526732593812,0.00080704604235354,0.0009090047531285754,-0.0013713915774980893,0.0005212850396420269,0.0010003792534772,-0.00039572674225884017,0.00022022764744327432,-6.111484640729934e-05,-5.101861982513606e-05,-5.5705093767575596e-05,7.081246666447803e-05
10,0.00530150460162441,-0.008251633786065476,0.003062441944550765,0.00013849003301771032,0.005489551230695823,-0.004054635949768788,-0.003654918917273469,-0.00156470618112672,0.0051916901651817,118.08323890063379,0.001976264960022542,0.0014963838774092442,-0.0015077333381569432,-0.00406796506608175,-0.0036485648712381987,0.0013027378533032646,-0.0012762310535419322,0.0006055607007788531,0.005835539588973882,-0.005814462367023908,0.0023082834226798173,-0.00040455489708291436,-0.00164112505575996,-0.00022099006010701933,-0.001914572357055401,-0.002569675507416918,0.002697718126828138,0.0012142402176793334,0.0022246726912561244,0.0013774309250599091,-0.003965888715531734,0.0016211576899807301,-0.000463844317616275,-0.010693317697850303,-0.0026780880252267143,0.0025963346215216775,0.0050637744314327,0.000759982625520962,-0.0018294233450426866,6.83438385797218e-05,0.0007450019223580813,-0.0008544040378052422,0.0014212527409171991,-0.001471037918199652,0.0004908774094919505,0.0007171541020805383,0.0012835164884071103,0.0006177880310524614,-0.0003327578420692899,-0.002514570526651342,-0.001235308998278671,0.000556687069715662,-0.00035098534262682475,-0.00035100670474166683,-0.00016249082661324603,0.0005699966243938327,-0.00011183874152278505,-0.0003859910929748662,0.00011339784579436095,1.7983675254089264e-05,-1.6041627097978388e-05,1.5738766683998935e-05
11,-0.004429317791166541,0.012001891449507383,-0.0038328126039354838,-0.002776683957720626,-0.0059047797838389865,0.0031776138681308733,-0.0011837765461216085,-0.00044056804196362904,0.003644838867561133,0.001976264960022542,88.41021204323002,0.0020691123597739915,0.0006039959531521977,-0.0007067315810134649,-0.003799567860378408,-0.0009753498364063489,0.005171191427443042,0.0002848964761278932,-0.002262237276992136,0.0063903378498766355,-0.002112869101387191,0.0004435212601819957,0.003025490710040417,0.001635071708713896,0.003210803740959008,-0.0009620770456861131,0.0003128049932094457,0.0009222556954962335,-0.0012428316039468379,-0.0007592260049395084,0.0002963935652297698,0.0008723354184267172,-0.0035534683718083018,0.004423437680452426,0.00630836885254346,-0.002910635116402408,0.0008424994504436694,0.0015100988649673728,-0.005492928334914091,-0.0002508904043808267,3.4095634048925205e-05,0.0009432251038784717,-0.0016434789869685335,-0.001759531457982621,-0.002747860157194999,2.9851075067928496e-05,2.1108872959318868e-06,0.0003068418725253177,-4.176964271546971e-05,-0.0026025493832783526,0.0006132604681297783,-0.0001850896792847318,-0.0007582546372447243,-0.00014756269915607462,-0.0007108004954345873,-0.00032222215902611107,-0.00019418573171524694,0.0005992976208316797,3.998374172842027e-05,-1.3944990353786969e-05,0.000270714743684918,5.6411023044231344e-05
12,-0.0009797764776666377,0.003964009872893638,0.0019995661850395426,-0.0038657886304733903,0.005037204078128072,-0.0020145538458400288,9.73698992256486e-05,-0.00013479844250571075,0.0006485249179803252,0.0014963838774092442,0.0020691123597739915,84.48564184169204,0.0033713881057003325,0.005566555884262603,0.0003733529289264269,-0.0005232994393300999,0.002038606456555702,-0.004540032112785163,-0.0005479918557321858,0.003285318618870134,0.000672794040194778,-0.0008371416564924222,0.0014407152867987952,-0.004038010760298952,0.004479335422849496,0.0061943547981260245,-0.0009974464509680519,0.0025167401778379726,0.0003948424784110462,0.0005777307073904393,-0.0012873978779311432,-0.0008831464277981665,-0.00025204695627765306,0.0060840393902277705,-0.0016872653020877778,-0.0005786910271406475,-0.003947314151920733,6.629304660281643e-06,0.0010736285110846623,0.0005155968946690544,-0.0035084738644699256,-0.00036760633165586887,-0.00048902410245276,-0.000543275178477157,-0.00021048616120549274,0.0012175394378570758,0.00012166118780213033,-7.033037105299613e-05,-0.00046412865073648446,-0.0018892593489879509,-0.0003870000650696453,-0.00027051718990808005,0.0005590677769594833,8.379502539794673e-05,-0.0009944467371457441,-0.0002720767418703981,9.454577636367379e-05,0.0006409990685947733,5.353430533264385e-05,-0.00027061343335173997,-6.5019113574174805e-06,4.131024501092229e-05
13,-0.006674071925957998,0.008485141856568186,-0.0016298493292931232,-0.009767325883428421,-0.0005203188406173861,-0.0013909940117088854,0.003560619142573638,0.0008816289591970916,-0.005058879445419076,-0.0015077333381569432,0.0006039959531521977,0.0033713881057003325,120.37093319662321,-0.002131188032921192,-0.0002006213657196455,-0.002627204742760903,-0.0016707607256914643,0.0042659022349394084,0.004596704387883144,0.01420181363661963,-0.003289668069950337,0.000786953251497101,0.002613025173606999,0.0017167347599651068,0.00019287096532342389,0.00215821681250981,0.0006445181504473,-0.004086364388232695,0.003838615119594465,-0.0018707528989541397,0.0015674775623848347,0.0009920729877948078,-0.002189679474017351,-0.0005900517823890758,0.004528766769358202,-0.013235983610006143,-0.003089473240569428,-0.0013833819583972925,-1.7051386429131007e-05,0.0009513369374105074,-0.0028456153889579844,0.00016546150623468492,2.4715657866313457e-05,-0.00019580034924949888,-0.0008638259108578914,-0.0004067014595503012,0.001626367885908536,-0.0017188234181362927,-0.0009297275713249997,0.0034873862516872642,-0.0009749329565551,-0.000562860034949001,-0.0005352241630112192,0.00021951109352716982,0.0004171973277387362,-5.147887229950887e-05,0.000596523129740933,0.0011393510245277852,-4.6248103130596634e-05,6.217315178701806e-05,0.000109608565593608,1.8097578271006244e-05
14,0.007323379052526022,0.005335829064090294,-0.0056790920264038975,-0.006284529568455636,-0.010446126799603607,0.0016194000209049178,-0.004619557423405567,-0.0004289488795442019,0.005926014917073292,-0.00406796506608175,-0.0007067315810134649,0.005566555884262603,-0.002131188032921192,139.09465936587944,0.0014305068459155286,-0.002573461835088359,-0.0019880097968003572,0.003971038955986781,0.007964293139100836,0.00178876387430394,-0.004532775725350026,0.004681953160976125,0.0031106355040356796,-0.00170782832088465,0.005287404836137589,-0.00010342660677969963,0.0010233631872398799,-0.00048815728982362937,0.004790656089666702,0.00821176038643776,0.0008626369535655702,0.00035887751518124495,-0.000471695296517885,0.004349506114152699,-0.0022600100255704657,-0.007177409813780965,-0.004352895883700703,0.00556761230431621,-0.00013919424651240417,-0.0009642562447616247,0.002242624499677699,-0.00020292487750345493,-0.001324520558773778,-0.0009757035044869889,-0.002585965385816855,0.0013191963245577911,0.0012933153389014967,-0.0018714819692333925,0.002637546842567032,0.0031118307412449178,-0.002939024669989616,-0.0018380731758985969,0.0019927956623810826,-0.000295118592881667,-2.1364538672826818e-05,0.00012759437786850165,0.00033242937432709853,-0.00010178112594977351,0.0002600074105618348,0.00023104161846389734,-0.000244159125273649,1.7437805232127043e-05
15,0.003429792174276383,-0.017795766172887858,0.00429424427267941,0.010932613490044764,0.0019686667293723568,0.00722136262519143,0.0013076330404543127,-0.0018292322587644646,0.003499606614737186,-0.0036485648712381987,-0.003799567860378408,0.0003733529289264269,-0.0002006213657196455,0.0014305068459155286,285.69662819234213,-0.0007207449121038363,-0.0059727017509973125,-0.004669619725787687,0.0026807113433736218,0.004528241212835731,-0.0012702321884391563,-0.005926113615362008,0.00033522254164152204,-0.0007245520345707435,-0.005347278563292564,-0.0010115695434965918,0.0033621770675029334,0.01070230809057439,-0.0002778510568953891,-0.007897509000758906,0.002687227212108649,0.0009766107279372768,-4.783284987417604e-05,0.0022929113399727855,0.006867983179685123,-0.006384666541511962,-0.00326464048077696,-0.0028971757081808023,-0.0030226964349727415,0.0006381174309617212,-0.0060407517247013315,0.00023312475786559347,-0.0017149143289193424,0.00025335661222233326,-0.0006130266425465804,-0.0002420093046168549,-0.0017957301432772312,-0.002250113673299482,0.0008793780026418136,-0.0035575297995530707,0.0017522858071117413,0.0004526902127373033,0.0012271452779095261,0.0006481508883664621,0.0016431594250690268,0.0007374296752978505,0.0009272365332659947,-0.000353719164176534,0.00011089876515602495,0.00024514769532185926,0.0001511881214842323,1.7597726716608376e-05
16,-0.0032708546113955988,-0.0051338902123063464,-0.005302407819444729,-0.009301538781223513,-0.0028177505421733127,0.0016165176936306965,0.002971421565159037,0.0009338795115540654,-0.0005487313906169442,0.0013027378533032646,-0.0009753498364063489,-0.0005232994393300999,-0.002627204742760903,-0.002573461835088359,-0.0007207449121038363,89.3123757574243,0.001638886895912156,2.918583553929548e-05,0.004217441349650892,-0.0012773080400378277,-0.00022143520392251716,-0.0023281375414398774,-0.0034271481903245657,-0.0002155277371681592,0.004798828434328702,0.0026060936807262266,-0.00015682149206549625,-0.000770240571413067,-0.0008521990322820463,0.0028967940212248065,-0.0012849221016079618,0.0021931518700423662,-2.3100208167305705e-05,-0.000883029072953808,0.0008079273563884748,-0.004970247919541679,0.005542241363019634,-0.001063474421087931,-0.0009228217687350034,0.002776231322697569,-0.0021009357671754937,0.0030575951929986407,-0.0036847323422704763,-0.0009745372824012687,0.00033078171750604784,0.0001537464051113207,7.279867740847547e-05,-0.00042426486319913147,-0.0001868828804848684,0.0008285412478061093,0.0006473291974914434,0.0007519034643045742,-0.0008301422260559207,-0.001162252909708002,-0.0020520860358228168,-0.0008304200386583631,0.00013891490319058817,0.00015572850175713204,-3.532234200058271e-05,0.00011137265536957358,0.0001230306915649578,-8.584201791646738e-06
17,0.006144914608628243,-0.0037410817248171384,0.0056488784422068115,-0.014857312544506052,0.008912004956705319,-0.006585444433373067,0.0010498114640276244,0.0005280597365073022,0.003165364555749769,-0.0012762310535419322,0.005171191427443042,0.002038606456555702,-0.0016707607256914643,-0.0019880097968003572,-0.0059727017509973125,0.001638886895912156,206.2356561551955,0.006263390803903702,0.0026432101187527216,-0.012533743042194312,-0.005290399112334512,-0.004817225656115868,-0.00017605462948929387,0.005735672427839702,-0.0013744170515270168,-0.0045678084544116745,-0.002437763278372441,0.006458710255394795,0.003425917886717375,0.0012263578401407033,0.0063660050562628625,-0.0023151267504133103,-0.001890741828167316,-0.0015545699503360401,-0.010422406330356043,-0.0017586494848095095,-0.0013158821509612886,-0.005682516520660584,-0.0030770940736973783,0.0013115286766594574,0.0005272099081477241,0.001972048821660621,0.0027246311830774216,0.002261408741706264,0.0047036975115136315,0.0030145421551766396,-0.0008104329327176518,0.0012978512390033766,-0.00016987314458329273,0.004367348910467667,0.0030828511226775003,5.297511832660572e-05,-0.0003933814417950857,0.000656634708612797,0.00021949181938835758,5.094399393866058e-05,0.00011685806573373569,-0.0006599069644294647,0.00010937040722471504,3.811705568198925e-05,0.00010385516701387892,-5.643729879395337e-05
18,-0.0013747900613516682,0.011675262281717143,0.002794465011398222,-0.0014166113789158778,-0.0007042350835604308,0.0003704068088474812,-0.005993221964581029,0.00048227009494912596,-0.0018602779665137749,0.0006055607007788531,0.0002848964761278932,-0.004540032112785163,0.0042659022349394084,0.003971038955986781,-0.004669619725787687,2.918583553929548e-05,0.006263390803903702,66.58734367516531,0.005462051749612513,0.007630435907885352,0.004413126019743328,0.0016228357807894804,0.003460887472262981,0.005138961985516841,-0.00019092691335342816,0.0019726187342461814,0.0018909552880386007,0.0011182169225226366,0.001383052304363789,-0.0006631373769826043,-0.0003580345744200839,-0.0003866421943460669,-0.00026344706280935905,-0.004145831753724249,0.0027739650540959237,0.002925933679209872,0.0011684143926318246,0.0006421244781821017,-0.0015103136424624503,-0.00010479500015894721,-0.0013256541883133138,0.0006338122173553901,-0.0021698071227214486,0.001824369604488752,-0.0010734449007377158,-0.0004480111468771875,-0.0005426297828204065,0.0006030322865366919,0.0013602204588940702,-0.00041063999791816,0.0012070870574682918,7.876949910121331e-05,7.19127994382205e-05,1.4452742915771073e-05,-0.0015305102888798143,-0.00029975410104898694,2.7392213340232786e-05,-0.0006019193167395917,-2.114472055748172e-05,-1.273367325214611e-06,-0.0003186343979963944,4.1834570495576025e-05
20,-0.001542701545711909,-0.005425711774108911,-0.003011615115712741,-0.0110105884324715,-0.0064405962453428015,-8.222694971229517e-05,0.0010563894775920811,-0.0013871398790373539,-5.17246775753811e-05,0.005835539588973882,-0.002262237276992136,-0.0005479918557321858,0.004596704387883144,0.007964293139100836,0.0026807113433736218,0.004217441349650892,0.0026432101187527216,0.005462051749612513,255.64970699576023,0.006194102484282655,0.001085367861959171,0.0054817826383628645,0.008152968748590948,-0.0019358267143266866,-0.009148378633595343,-0.004932043663482637,-0.0004498342682752418,0.0023994195206161434,9.273382182775152e-05,0.0018969469005438177,0.00046947498159478185,-0.0033747123619076187,0.0030345046004792505,-0.0025807854856147072,0.0015691461312436353,-0.012331870012276607,0.007707803780488489,0.008298154704207094,-0.004098437964613783,-0.0055097252797982246,-0.0035564713872447327,0.003440021196529798,-0.00042183307438818554,0.0023559083022549605,-0.001755877283888642,0.000716460370683477,-0.00027371480728259785,-0.001928107757851825,0.0005549802747999284,-0.001544775424485593,-0.0019069757566202042,-0.0009898667401090412,-0.0004148310094763549,0.0005935465058460288,-0.0004965884223183532,0.0002761307681458136,-6.75342953477635e-05,-0.0016121830746206399,0.0005184734529757298,-0.0006567868704675041,-6.957296607578493e-05,-0.0001447426434413471
21,-0.0009150976083444619,-0.03381107825092808,0.01044172516403875,-0.024822245624265802,0.006279091133816362,0.013330193124036679,-0.013952310435756623,-0.00013892382199423472,0.0031600371600521288,-0.005814462367023908,0.0063903378498766355,0.003285318618870134,0.01420181363661963,0.00178876387430394,0.004528241212835731,-0.0012773080400378277,-0.012533743042194312,0.007630435907885352,0.006194102484282655,790.0783719345156,-0.00712036337448764,0.005858618257211206,-0.007179258741727192,-0.0017343446225097285,0.0064533022866868715,0.0011133723108601964,-0.00363623267398302,-0.003151097864514021,0.0018652214405109851,0.00839178699727592,0.0026961577059430755,-0.005223710410749439,-0.0006189319668087343,0.009235190725514627,-0.004663194826055471,0.008448594088731104,-0.0024797780752853727,-0.0046831575154725165,-0.01712766850236874,-0.007196674693447272,-0.008453261240507267,-0.0032384312935271435,-0.011480308878436745,0.0019691559984491387,0.00479065768920619,-0.0009082802887643786,-0.00025958879346015733,0.004822309202201984,-0.0008521505225279131,0.003471129775512596,0.001114797744080075,-0.000871442620554704,-0.0010371096757840065,0.001556329449978353,-0.0030750407020677063,0.0008018498124447917,-0.000696282881604088,-0.0013584582381102354,7.497105854470783e-05,0.0004752718882845874,-0.0009679571155426995,0.00018111602079663196
22,0.003136101658634741,-0.0021198661828147262,-0.0036287364242080524,0.005946633699772509,0.0021505676805379428,0.0007900770275023517,-0.008050312362769247,-0.0008150015979011928,-0.0005130449234476865,0.0023082834226798173,-0.002112869101387191,0.000672794040194778,-0.003289668069950337,-0.004532775725350026,-0.0012702321884391563,-0.00022143520392251716,-0.005290399112334512,0.004413126019743328,0.001085367861959171,-0.00712036337448764,99.58853562321896,-0.0008449882361444403,-0.006106088080998751,-0.001782354283046962,0.0030282718290244224,-0.0005882667362381961,-0.001028089262212765,0.004984760419287772,-0.0008232862634015268,0.0012658722195658583,-0.0014146161962759122,-0.0004943886543066221,0.0006593505306987966,0.00015162405297004797,0.008183488296015982,-0.005605487431589136,-0.005102657513856771,-0.004049097083663753,-0.00375035578397281,-0.001992672099062726,0.0031815165945649586,-0.001068939736374968,-0.0011825878964536226,-0.0011666746725091071,-0.000389602564205759,-0.00044468520847378565,-0.000514110663978838,-0.0012389058966718514,-0.0009777547573044702,0.0021772458459718954,0.0004875146731597534,0.0013732151773947336,-0.0006228764315574855,-0.000618504749822021,-0.0005346895425177784,0.00011579046238511348,-6.304754799807951e-05,0.0004073569929833072,1.6310853869753147e-05,-0.00010849433055323602,-0.0001625550846636975,1.3348343359178563e-05
23,-0.0014549920652944628,-0.0007471758125147514,-0.0011536160561883074,-0.0024025410335733097,0.003961885079088475,-0.000707648299923064,0.0006311305004955998,0.0008216459259892309,-0.004919086516348151,-0.00040455489708291436,0.0004435212601819957,-0.0008371416564924222,0.000786953251497101,0.004681953160976125,-0.005926113615362008,-0.0023281375414398774,-0.004817225656115868,0.0016228357807894804,0.0054817826383628645,0.005858618257211206,-0.0008449882361444403,99.00146909001013,0.0008594225675337843,0.0003243849189792608,-0.00032087481491973273,-0.0012945951378582484,0.0001762110076732894,0.00243711237102739,0.0031160070817512564,-0.001436394272921693,-1.926256439842603e-05,-0.0002867562267433239,-0.00018783645022449197,-0.013822046051770565,-0.005143771545164857,-0.014933533770572147,0.0008836309182933596,-0.0017018342955567635,-0.006606301896717539,-0.0008014580392580821,0.0014660638579873143,-0.0006062106757977313,0.0006056427803505785,0.0004086019557535543,-2.9341205199085618e-05,0.0035269085946901453,0.0014993037552288075,-0.0010500774644874502,-0.00024158865966719909,0.0027898783756588824,-0.000559967189701218,-3.684051618056352e-05,-0.0012422090182829743,-0.0009477532413504118,3.242384409587266e-05,-0.00043192976565526494,-0.0004835003080355375,-0.0010119810153494696,0.00010067592599147364,-1.523323082009141e-05,9.682927254253614e-05,0.00010019924288879945
24,-0.0017596077826574122,0.0028414325167202257,0.00041397046628477506,-0.005598554295105336,-0.000957772903175168,0.001477393286656328,-0.002790253279112636,-0.0005993123891427679,0.005244448212933594,-0.00164112505575996,0.003025490710040417,0.0014407152867987952,0.002613025173606999,0.0031106355040356796,0.00033522254164152204,-0.0034271481903245657,-0.00017605462948929387,0.003460887472262981,0.008152968748590948,-0.007179258741727192,-0.006106088080998751,0.0008594225675337843,98.93068860098046,0.0014682330542696155,-0.001934920632662167,0.0007836048427651792,0.0033423833026716703,-0.0016255571868479262,0.0015982570715931167,-0.003978789069490478,-0.00018066448082327839,-0.0021927200782963295,-0.0011727225758722292,0.01446295348852149,-0.0006533302410731199,-0.0045915726872853444,0.00010800441759708452,0.0006382469483385786,-0.002180188805554566,0.00043015457722553086,-0.002526100276765148,-0.002249859938322454,-0.00034845140510349323,-0.0027121118925807555,-0.0019361642347914233,-0.001735046177333749,0.0013362730306037047,-0.00020110025205380018,-0.0008425227211860863,0.0018593719128753065,2.1169362630373744e-05,-0.0011095150588419588,-0.00018238024282782068,0.0003002085513735493,-0.0011870726126703031,-0.00022305668352413325,0.00043464837379780433,2.193404722153873e-05,-5.642158374304085e-05,0.00032131312892948264,0.00020644831941399986,-8.808079837849459e-06
25,-0.000664313788612093,-0.006997143490279259,0.0036207651487390256,-0.010918856686088793,-0.004651383929905788,-0.0022188157173488187,-0.0069839183580143495,-0.0005169243921003544,0.0031653073499406117,-0.00022099006010701933,0.001635071708713896,-0.004038010760298952,0.0017167347599651068,-0.00170782832088465,-0.0007245520345707435,-0.0002155277371681592,0.005735672427839702,0.005138961985516841,-0.0019358267143266866,-0.0017343446225097285,-0.001782354283046962,0.0003243849189792608,0.0014682330542696155,96.23778388663666,0.008667521754240732,0.0037196930599576656,-0.007595037023893564,-0.004147796141106357,-0.0008922344805909487,0.0016778701894562744,-0.0011359288591301043,-0.0005069512210648469,0.0004227532194694712,-0.007185580077039265,0.0018178206557717153,0.0024395459225361295,-0.00043319896228990865,0.0036258272174739467,0.0029091377366731236,0.0007331936240222677,0.0007952164954590728,-0.0025070326416489048,0.0027966960244764066,-0.00015271636618840618,-0.001056658655500779,0.002951159141660005,0.0007002705380316213,-0.0010317888746107348,0.0007387251075365102,-0.00023998166657208426,0.0016953202524692978,-0.0005584204823755967,-0.0005793697953632498,-0.0005923870066436667,9.791465419389731e-05,-0.00012368212895725228,0.000265163030769274,2.2565575190796134e-05,-0.00016021308689460867,0.00010087323032234818,-2.1830405783239936e-06,-9.779614586653892e-07
26,0.004334986585719805,-0.00641292637178271,0.0001346872265233142,-0.00043011717897451304,0.0035278572534619035,-0.0022575566981735996,-0.00360489849101297,3.0713286520934124e-05,0.005362503966080773,-0.001914572357055401,0.003210803740959008,0.004479335422849496,0.00019287096532342389,0.005287404836137589,-0.005347278563292564,0.004798828434328702,-0.0013744170515270168,-0.00019092691335342816,-0.009148378633595343,0.0064533022866868715,0.0030282718290244224,-0.00032087481491973273,-0.001934920632662167,0.008667521754240732,107.02773457801102,-0.002417407028468254,0.004439375635805991,0.004875585628047433,8.04547296666181e-05,-0.002699629371938546,-0.0007573598684167864,-0.0008750689314167614,0.0021926699168000005,0.005678153581929799,-0.003647342537662967,-0.0030297951037003314,0.012219470314854793,-0.002663623641411021,0.003121565552928473,0.001002396160094053,0.0012225315576977957,0.0013024922760641816,-0.002116060832357001,-0.0016346454734356439,-0.00121934388677613,0.0016187453349746105,-2.685631095563423e-05,-0.0017463522261087774,0.0016965128601632979,-0.00014297533524026038,0.0009158805037671393,0.00015745521253352,-0.0008679650435643205,-0.0007003546727593631,-0.0005921620288437343,-0.001419248944411195,0.00031316010709620743,0.00014284939412564826,-0.0002540192259410447,-0.000256359249161167,-0.0002275547547858868,-8.81250402678417e-05
27,-0.004725120658198657,-0.005696807224733078,-0.00019150887467471456,0.0010324819070382488,0.00463574024047263,0.0033943748610092014,-0.005916732043894794,-0.0005119246054136185,-0.0010146876594665484,-0.002569675507416918,-0.0009620770456861131,0.0061943547981260245,0.00215821681250981,-0.00010342660677969963,-0.0010115695434965918,0.0026060936807262266,-0.0045678084544116745,0.0019726187342461814,-0.004932043663482637,0.0011133723108601964,-0.0005882667362381961,-0.0012945951378582484,0.0007836048427651792,0.0037196930599576656,-0.002417407028468254,79.20090505192334,-0.0018642682392937707,0.00044560294387950897,0.00022622027679803888,-0.0019148171838969052,0.0020959878013196054,0.0021353578761436464,-0.0023283874901478697,3.199421418635605e-05,-0.0014195852768726976,0.006199412867056538,0.001834743178081909,-0.0005547459344312733,-0.004544080717113225,-0.0011959551040008091,0.0029616400180884923,-0.0009281679535625453,-0.0004125206419147458,0.000386644250823832,-0.0018010040464850573,0.0006347617465371625,-0.0008107899975853744,0.002181668155623053,-0.00044365801185585006,0.0012084575740584625,-0.0005154801625357805,0.00042999486150310085,-0.00010426704804274813,0.00010191812803322112,-0.0014067109462557682,-7.940103633779044e-06,0.0006602719149505563,0.00040881432931323864,1.5016186072162212e-05,-0.00026917159361541823,-1.2600820489531226e-05,3.6855950706942165e-05
28,0.0005564602562084437,-0.00259712592173997,0.00048570739043356703,0.003474024636831649,-0.000356997291469612,-0.006102446807498784,0.002950450733937627,0.0006849084439644244,-0.0005121622120211565,0.002697718126828138,0.0003128049932094457,-0.0009974464509680519,0.0006445181504473,0.0010233631872398799,0.0033621770675029334,-0.00015682149206549625,-0.002437763278372441,0.0018909552880386007,-0.0004498342682752418,-0.00363623267398302,-0.001028089262212765,0.0001762110076732894,0.0033423833026716703,-0.007595037023893564,0.004439375635805991,-0.0018642682392937707,98.7211947595329,-0.0004574942821848139,-0.002365094449459735,0.005509230032914319,0.0005439249136922247,0.001198254524995758,-0.0016330782395875692,0.0036821946463166176,0.004900354717014675,0.00111513248108081,-0.00021489101307584904,0.0007392290871212822,0.0022100157797609755,0.001599670818173137,-0.00018568292793010152,0.0010446337681308143,-0.002171186431472197,0.0006058753265539125,0.0017016520337845898,0.0007906967375217286,0.0003842805352125586,0.0004187351369511921,-0.0005352071075630597,-0.0006897632152858271,0.00034853622667739835,0.00019446232085735247,0.0013394623351252475,4.591697963288255e-05,-0.0003302356501563826,0.0006298930188582394,0.0006628632231349689,0.0005162153787928448,0.00029949591915762506,-6.466967461747207e-05,7.531959185596169e-05,7.951066029196119e-05
29,-0.006334092123159749,0.002948333286556757,0.00010567724026174762,0.003452986509822935,0.0021912435509682236,0.00029980199819463804,0.0036872035413915917,0.0014552424131219588,-0.0002532689321228727,0.0012142402176793334,0.0009222556954962335,0.0025167401778379726,-0.004086364388232695,-0.00048815728982362937,0.01070230809057439,-0.000770240571413067,0.006458710255394795,0.0011182169225226366,0.0023994195206161434,-0.003151097864514021,0.004984760419287772,0.00243711237102739,-0.0016255571868479262,-0.004147796141106357,0.004875585628047433,0.00044560294387950897,-0.0004574942821848139,60.406789213922536,-0.0024563308264034375,-0.0031021845049117184,0.005473359742956171,0.00019466770173693837,0.002196666888150683,0.0008078938475954222,0.0009131250970774478,0.002289144453358745,0.002695348045406586,0.0014468151530871239,0.0006101454051375768,0.002061885734964128,0.0004182385323827132,0.0027887882446935284,0.002394575435589181,-0.0008019342886629037,0.00012739800878431434,0.0008438886267683875,6.62544383091335e-05,0.0012474111117700452,0.0008603143578299087,-0.001517773481771409,0.0017930642589808208,0.0005296142474026404,0.0003669143402971125,-0.0002566885079366754,-0.0005238109639413158,0.0004045367039594592,-0.0007908138482534053,-0.00016137666370124814,-4.685105191344773e-05,-1.556987092748493e-05,-0.00029873887024168085,4.601122999246889e-05
