,2,3,4,5,6,7,8,9
2,10596.690303144354,-0.1571253555501175,-0.03740527386799473,-0.022846762537483,0.001433070214642087,-0.004714997968349979,0.0012758465313997785,-0.0021379121158050214
3,-0.1571253555501175,1561.0757602345072,0.015449260709314164,-0.009328451970633611,0.0033215352876940158,-0.0012205309367428303,-0.0008956909914246251,0.00011083498894719732
4,-0.03740527386799473,0.015449260709314164,680.7434683994319,-0.002992654994680711,0.008143242212573875,0.004156082510281543,-0.0002858946537506757,-0.0007471608991619328
5,-0.022846762537483,-0.009328451970633611,-0.002992654994680711,188.50955234705552,-0.0008202932666675102,-0.00032980873474264087,0.0004477500192001779,1.9068722685542493e-05
6,0.001433070214642087,0.0033215352876940158,0.008143242212573875,-0.0008202932666675102,44.47289215456139,0.0004196112558293778,1.5572215518706735e-05,0.00026085283979760017
7,-0.004714997968349979,-0.0012205309367428303,0.004156082510281543,-0.00032980873474264087,0.0004196112558293778,10.030330886090097,-4.478069226662753e-05,-2.6962562293026536e-05
8,0.0012758465313997785,-0.0008956909914246251,-0.0002858946537506757,0.0004477500192001779,1.5572215518706735e-05,-4.478069226662753e-05,2.1784259858422232,2.8427355702808795e-05
9,-0.0021379121158050214,0.00011083498894719732,-0.0007471608991619328,1.9068722685542493e-05,0.00026085283979760017,-2.6962562293026536e-05,2.8427355702808795e-05,0.3881716869410043
