,2,3,4,5,6,7,8,9
2,84773.52242515673,-1.09987748885087,-0.22443164320794518,-0.11423381268740815,0.005732280858567885,-0.014144993905049601,0.0025516930627997756,-0.0021379121158050214
3,-1.09987748885087,10927.530321642182,0.09269556425587902,-0.04664225985317002,0.013286141150776308,-0.0036615928102287443,-0.0017913819828492205,0.00011083498894719732
4,-0.22443164320794518,0.09269556425587902,4084.460810396743,-0.014963274973405282,0.032572968850296126,0.012468247530844226,-0.0005717893075013822,-0.0007471608991619328
5,-0.11423381268740815,-0.04664225985317002,-0.014963274973405282,942.5477617352431,-0.0032811730666693507,-0.0009894262042277745,0.0008955000384003177,1.9068722685542493e-05
6,0.005732280858567885,0.013286141150776308,0.032572968850296126,-0.0032811730666693507,177.89156861823378,0.0012588337674881627,3.1144431037425145e-05,0.00026085283979760017
7,-0.014144993905049601,-0.0036615928102287443,0.012468247530844226,-0.0009894262042277745,0.0012588337674881627,30.090992658270846,-8.956138453325508e-05,-2.6962562293026536e-05
8,0.0025516930627997756,-0.0017913819828492205,-0.0005717893075013822,0.0008955000384003177,3.1144431037425145e-05,-8.956138453325508e-05,4.356851971684411,2.8427355702808795e-05
9,-0.0021379121158050214,0.00011083498894719732,-0.0007471608991619328,1.9068722685542493e-05,0.00026085283979760017,-2.6962562293026536e-05,2.8427355702808795e-05,0.3881716869410043
