index,0,1,2,3,4,5,6,7,8,9,10,11,12,13,14,15,16,17,18,19,20,21,22,23,24,25,26,27,28,29,30,31,32,33,34,35,36,37,38,39,40,41
0,38136.56280240454,1.196858800999118,-0.2088144830946984,0.4303120337256811,0.10552527392136492,-0.13782559878650963,-0.11876302495592865,-2.012758197758151,0.6708028107346564,-0.4194969529666319,-0.7833687193844238,-0.2781164632374686,0.10790394433647033,0.024209124635253546,-0.3840951582430291,0.4825672437398402,0.27295704448877306,0.3609674084222135,-0.18968339254949187,0.029967051063818795,-0.07351862345943568,-1.603813401781482,0.7578775279587348,0.16485794561846567,0.2715615509337118,0.09359451189338086,0.38703107618875743,-0.08432408808320445,-0.4835756825759223,-2.026662826180527,0.21838709685955027,-0.34476268975884466,-0.1775556949326106,0.3323193318272668,-0.022326317415711536,0.6868334708642021,-0.10377865829831091,-0.4362311243367801,0.18896707506379343,0.03218080976503731,0.029263194579022246,0.042759066115304216
1,1.196858800999118,16325.691993186725,0.6137236085880865,-0.42530537837028903,-0.06085590777513229,-0.0985424751904983,-0.009881326172157852,1.3416108591433047,-0.21346348414562402,-0.355282701055367,0.11393200848550472,-0.11655862988865727,0.02431304660870783,-0.07714823512751584,-0.5038751409142296,0.21067990390690092,0.07826248942760505,0.244278230648851,-0.018937478318617397,0.1461494590818722,0.09529680586119524,0.33011500225978446,-0.9232554925877038,-0.6088702309994588,0.1710401124629438,0.3386954918238419,-0.028625133165789084,0.1371915755070253,0.2582266316145311,-0.2067253409956334,-0.10301082256352602,0.06637419026988826,0.0035901895355347465,-0.004029102586796469,0.006973214892904288,0.8802876423953897,-0.26263796262310085,-0.11794379038360137,-0.2743125600207196,0.05762017847279132,0.04663320793443155,0.06994667883916272
2,-0.2088144830946984,0.6137236085880865,6576.845913086597,-0.11173565728665004,0.0004891519839903041,0.07001116230247206,0.0392595016038223,0.10692417679700389,0.4765085835537997,-0.1486097011920572,0.07351354404211638,-0.11198865208949925,0.08823384503904383,0.05398481086275383,-0.4270340229902877,-0.5376293195177921,0.42144816702713256,-0.10027811643705153,-0.11267432375168047,0.06769338645013089,0.01823409525083,-0.41934764449624157,0.06424281766746377,0.22402817661043936,-0.27883971372654676,0.057797548233625366,-0.029910451646867824,0.03806822577173423,0.448024486474789,0.14488040690452417,0.13208442035084475,-0.040310841826167544,0.04523954056193069,-0.04121221524705009,0.031437493136897296,-0.6273048463485339,0.5244807290020981,-0.019539810996062872,-0.3163293496496006,-0.010830785822824191,0.08990817273714657,-0.012372934525767532
3,0.4303120337256811,-0.42530537837028903,-0.11173565728665004,2797.8928745147837,-0.04867289321030021,0.02651214504362355,-0.020420011525082528,-0.5911217534310502,-0.2124246426889108,0.0035457566068386927,-0.12851430583365692,0.13741797714898066,0.0017461242365784115,-0.018863560531884288,0.32661688552627294,0.027476116667263017,0.05738770492855382,0.041228002764214226,-0.006586479218747049,0.019079527644914083,0.018728336369900737,-0.6296190288927572,0.1528643738777596,-0.07238319521958615,0.012074104029962725,0.049392022049457966,-0.04256791482293634,-0.07530611636339286,0.3318341879540411,0.0809086397565258,-0.17268762782438293,-0.06531250904652074,-0.04202666637064699,-0.05378641471953299,0.01883199968689765,0.32521857973488116,-0.01738531530863528,0.11904765376059118,0.05800222251992648,0.0370811198249869,-0.038802751580545226,-0.003066224910748376
4,0.10552527392136492,-0.06085590777513229,0.0004891519839903041,-0.04867289321030021,1152.8618578373696,-0.012194473473529688,0.00643132914714856,-0.019414915669919642,0.002018264618760292,0.21944251575357004,-0.023095957062518893,0.016585470544989024,-0.009574880777680535,-0.024096106987631278,0.10899313072177116,-0.16117048768392456,-0.009005134718179457,0.15119344521529857,0.0204980157461164,-0.03420944932527026,-0.004685254579403992,-0.15851775057181797,-0.36499886003006016,0.021111634863664623,-0.04086745167609602,-0.004888581126543742,-0.009066568951993611,-0.01670694153215854,-0.0285028289298395,0.16013463101937178,0.011277838642272638,0.06804380197332387,0.0007182669003673385,0.01222307059013453,0.005488588158649554,0.009986279530719715,0.1252705525513339,-0.08939951025521854,0.08172697772414456,0.014412189606704547,0.034486416764383666,-0.021255864104750586
5,-0.13782559878650963,-0.0985424751904983,0.07001116230247206,0.02651214504362355,-0.012194473473529688,415.5824762863799,0.0017172355936358246,-0.2577226360914327,0.08885060893059157,-0.030661214253167087,0.021976566521429767,0.02166761646225817,-0.004242391881126631,0.002223056296424209,0.16436146171888683,0.18185329854816912,-0.04356493581288537,-0.04260846897078751,0.011773527410763006,-0.014085494549075879,-0.008283923692253392,0.12044228791181669,-0.004964744577627631,0.0486636584103869,-0.013439639987083456,0.0002839873680189813,-0.003314292840515169,0.00578695053640962,-0.005835149706653709,0.03753351924553753,0.029965259639209388,0.027185163927187672,-0.019651270857822856,-0.010484054627916904,0.009066896970238133,-0.14640026547923923,0.012854258174419495,0.012718850000002004,0.04076076971385281,0.0002983532153321356,0.00016527451372701593,-0.0025011924847308294
6,-0.11876302495592865,-0.009881326172157852,0.0392595016038223,-0.020420011525082528,0.00643132914714856,0.0017172355936358246,279.816375544008,0.064139790012147,0.0019451490363899542,0.08376389375718321,0.016402433847928624,-0.021663310281912818,-0.004397207733724655,-0.010440280764391914,-0.07794586119731314,0.0223768677824232,0.019151481436208623,0.029075995162099758,0.007140110354305967,0.011542815844270643,0.005210456637094987,-0.15728691167689793,0.010435087541258083,0.05715890393583151,0.03528735898209894,-0.007233287849553257,-0.0026132319646685522,0.0028735741184049935,0.19804385459877882,-0.02972852036911087,-0.0010401736868055048,0.03524305190577592,0.02119122378344386,-0.003110615704267374,-0.005727296564594103,-0.05082973602769635,-0.014270481343653487,0.019891566532270887,-0.02656517458037838,0.02726528592910564,-0.011543916023214395,0.0021632641478023253
7,-2.012758197758151,1.3416108591433047,0.10692417679700389,-0.5911217534310502,-0.019414915669919642,-0.2577226360914327,0.064139790012147,54289.05586357003,-0.09607704525555724,0.5122298807471174,0.06502508766217857,-0.05992992074048642,0.3316225618628911,-0.1618456567629428,-0.9296846320503462,0.2890864655030732,-0.32092528528764896,-0.5802530541488524,-0.1569599978638157,-0.134575337961519,-0.07592657387569028,3.2032288966375972,1.1283114373595893,-0.015370068841053729,-0.24445870561489375,0.00783513788246493,-0.1112377710116942,0.30582146425931916,1.5494328008852098,0.14333702069504267,-0.8100236781228934,-0.08121506055462262,-0.019262807961408814,0.1384135514838761,-0.129234084528446,0.41766740089615795,-1.3840155986843934,-0.3876847536034003,-0.5414436405885023,0.319035440873517,0.1610131331858687,-0.13079285266483684
8,0.6708028107346564,-0.21346348414562402,0.4765085835537997,-0.2124246426889108,0.002018264618760292,0.08885060893059157,0.0019451490363899542,-0.09607704525555724,21607.081173656392,0.31955985983102686,0.18940879673174865,-0.0041591359748781725,0.17628864376127584,-0.18592728663858282,-1.1583059914001288,-0.04443790879634076,0.5202199703046071,-0.22130635687096425,-0.1773092145314586,-0.05095587192349874,0.07821046307937207,-0.2984991066865927,-0.4825297567655247,0.14422086560571568,0.0657595407099723,-0.02624467796499848,-0.09284913880047972,-0.07446106843241604,-0.1137810073850603,0.16716319392285892,0.3853025194773383,-0.3811918915788023,-0.11768387400940815,0.04094053647474008,0.0022601071890345358,0.5389984101403617,0.858414514721967,-0.6954673634470154,0.19911903316826035,0.15730335932806766,-0.03679770781857306,-0.03406787427731079
9,-0.4194969529666319,-0.355282701055367,-0.1486097011920572,0.0035457566068386927,0.21944251575357004,-0.030661214253167087,0.08376389375718321,0.5122298807471174,0.31955985983102686,8995.877603549283,-0.35734379380606157,0.0669321540914446,0.09003456286357199,0.07215020244295611,0.24597808260721327,0.02834677844316433,-0.3284289129732985,-0.09162699290551049,-0.0395025261014976,0.03448497802822661,0.022812796953027778,0.07337392631817333,-0.015772218787020904,0.4808233941927545,-0.006608539451256309,-0.07929281370040447,0.004411595066815425,-0.007640160268423786,0.34327658864801636,0.10180281422786014,0.4738044746232417,0.10345235411114008,0.059654924467775546,0.03385119069035416,-0.04894835952178952,0.1571428942881353,-0.27652876576624086,0.23428334240974458,0.011042042291743992,0.0269613862173554,-0.09257013969377609,0.005602407211926424
10,-0.7833687193844238,0.11393200848550472,0.07351354404211638,-0.12851430583365692,-0.023095957062518893,0.021976566521429767,0.016402433847928624,0.06502508766217857,0.18940879673174865,-0.35734379380606157,3820.735846189623,-0.03668445750228941,0.022349085089004354,-0.020854249705955143,0.4484084429945469,-0.04735005606302926,0.06030154626297307,0.02080385997136697,-0.13748816720643586,-0.020490470615925124,-0.00682381509231448,-0.21862962587455687,0.3245640036679066,0.04204043592733363,0.0626904141879461,-0.0447221019751071,-0.012339655917517227,-0.009557440295341304,0.009991190427584494,0.08392108080749082,-0.10549513270475278,-0.024397989438431727,-0.05722346320431334,0.018944487683826006,0.04557997856191569,-0.6160104540090628,-0.8240663438337676,-0.01697818538546797,-0.09346485872518369,-0.033510408963357524,-0.04269192220758414,0.02538127901242288
11,-0.2781164632374686,-0.11655862988865727,-0.11198865208949925,0.13741797714898066,0.016585470544989024,0.02166761646225817,-0.021663310281912818,-0.05992992074048642,-0.0041591359748781725,0.0669321540914446,-0.03668445750228941,1576.0757211478356,0.020395169609224544,-0.02405638481110375,0.15881831475383126,-0.09152862947999507,0.12227911300221578,-0.06077928976485983,0.02118932944409188,-0.025654063196763558,0.029021789147468863,-0.015507405583906704,-0.09916408159867399,-0.23182579934852474,0.0965327279453586,-0.000493835988905741,0.01801126553738875,0.016549566943428184,-0.5567200785317504,0.05374494412444917,0.08452469616706114,-0.022262268066977203,0.03724046790909708,0.045238451643653796,0.01164504780538762,0.0863883433945403,-0.022548791726046173,0.028628716597146067,0.021977611596979606,-0.04747273349224423,0.009959965291543837,-0.002492818887530463
12,0.10790394433647033,0.02431304660870783,0.08823384503904383,0.0017461242365784115,-0.009574880777680535,-0.004242391881126631,-0.004397207733724655,0.3316225618628911,0.17628864376127584,0.09003456286357199,0.022349085089004354,0.020395169609224544,610.0488220602316,0.00600413945042783,-0.07052611940550951,-0.1178124894530283,-0.007712570037579865,-0.039177356204580495,0.028178722515447244,0.006098223961455084,-0.006300139847318131,0.17751272539516275,0.09059410475150503,-0.010950008591182381,0.010626488843671848,-0.012119495575708652,0.038002885446404774,0.00527011121147849,-0.10448079970749295,-0.04145029004583469,-0.027017832736620295,0.060008434036887985,0.0005721364104798856,-0.010536935808490527,-0.025214954348440198,0.08838054356176428,-0.02046622132839248,0.08021003422187119,-0.06368262385323627,-0.06325324426326932,-0.010627274184387438,0.009962613553968179
13,0.024209124635253546,-0.07714823512751584,0.05398481086275383,-0.018863560531884288,-0.024096106987631278,0.002223056296424209,-0.010440280764391914,-0.1618456567629428,-0.18592728663858282,0.07215020244295611,-0.020854249705955143,-0.02405638481110375,0.00600413945042783,313.6538100946667,0.027135562478718338,0.04458221119276173,-0.04969638921709551,0.046504045037671665,-0.0026814627721773138,0.008437040094161243,0.0042630014111484475,-0.05173330483027668,-0.002567768571744935,0.04190451877549698,0.0474459409236029,-0.011886078797577113,0.0016800235967511401,0.012373232026548615,-0.06285181228337032,0.010406697451780618,-0.0015928094421000535,-0.013043134929980863,-0.03309250728755655,-0.005306993992831198,-0.0013679248292855764,-0.1375030681547144,-0.013355464365552754,0.019283136715262866,0.03425825224042986,-0.019868548989741497,-0.0062466751503841575,-0.003890150073733257
14,-0.3840951582430291,-0.5038751409142296,-0.4270340229902877,0.32661688552627294,0.10899313072177116,0.16436146171888683,-0.07794586119731314,-0.9296846320503462,-1.1583059914001288,0.24597808260721327,0.4484084429945469,0.15881831475383126,-0.07052611940550951,0.027135562478718338,38094.057615455684,0.7007453886120819,0.21771425216148235,0.27759720763544393,-0.2256060598529454,0.06393723162009067,-0.13634714355220715,-0.8674224137888525,1.847110569768864,0.11760591286770186,0.16464992275209228,-0.026115229185185322,0.03220247025184879,-0.07576520055891309,-1.8601563977864772,0.653332627157921,-0.09517829455327073,-0.4355563019642105,0.004452670415200514,-0.06444218839326758,-0.09730708358366488,1.3371406837545938,0.11613945518613837,-0.5305671044340278,-0.30260280676142143,-0.22527904097984588,-0.14436089440834657,-0.06681811535606237
15,0.4825672437398402,0.21067990390690092,-0.5376293195177921,0.027476116667263017,-0.16117048768392456,0.18185329854816912,0.0223768677824232,0.2890864655030732,-0.04443790879634076,0.02834677844316433,-0.04735005606302926,-0.09152862947999507,-0.1178124894530283,0.04458221119276173,0.7007453886120819,15916.5494712382,-0.24413155195944933,-0.0773542600431542,-0.013229219864999364,-0.3264585755454487,0.08780537761944597,0.20156718544703017,-0.23974264143920346,-0.3703626251035081,0.08237618835139016,0.014520768565711016,0.10268846985851032,0.035040570248931174,-0.8139418419405048,0.3704008591669618,0.3739845268130384,-0.1172912412778495,0.19893427324428734,0.05054013928324223,0.05011422924984989,0.09616708267113956,0.07173130031779204,-0.017474747556222688,0.06030496589845057,0.08010490391380594,-0.06902801178288477,-0.020182360038237684
16,0.27295704448877306,0.07826248942760505,0.42144816702713256,0.05738770492855382,-0.009005134718179457,-0.04356493581288537,0.019151481436208623,-0.32092528528764896,0.5202199703046071,-0.3284289129732985,0.06030154626297307,0.12227911300221578,-0.007712570037579865,-0.04969638921709551,0.21771425216148235,-0.24413155195944933,6334.306520470388,-0.2643791109397842,-0.035525232160689924,0.003388503967583531,-0.0038066707765439913,0.22577122423040524,-0.1326506327517659,0.3252806186263323,-0.22919708310470308,-0.034647674027464784,-0.13899563336967194,0.06233294716043883,-0.10785620246349796,0.1602268028888267,-0.3501123665066605,0.017408491133424384,0.12134122579936464,0.0695119125389925,-0.0022923287843475268,-0.22077493052697156,-0.23533414131339275,-0.5990203419952569,-0.07548647139523461,0.019510742507101365,0.0200622979894254,0.06365184143272387
17,0.3609674084222135,0.244278230648851,-0.10027811643705153,0.041228002764214226,0.15119344521529857,-0.04260846897078751,0.029075995162099758,-0.5802530541488524,-0.22130635687096425,-0.09162699290551049,0.02080385997136697,-0.06077928976485983,-0.039177356204580495,0.046504045037671665,0.27759720763544393,-0.0773542600431542,-0.2643791109397842,2622.983778484784,0.004478124453092439,-0.0281866862437939,0.03953482664365943,0.33468854278357657,0.16929238329091645,-0.11829959380237133,-0.08672357140665504,0.014678962000834413,0.0022018418887139114,-0.008400799822939783,0.2429449115425084,-0.22301337422581025,0.11462502538227518,0.033883372806263884,-0.029213888430560456,-0.026214898042418423,-0.008055889715474787,-0.0703551261433943,0.4097605729580258,-0.07930317797228018,-0.1132693720984729,-0.017141180264584017,-0.012947574347135046,0.01497865546301827
18,-0.18968339254949187,-0.018937478318617397,-0.11267432375168047,-0.006586479218747049,0.0204980157461164,0.011773527410763006,0.007140110354305967,-0.1569599978638157,-0.1773092145314586,-0.0395025261014976,-0.13748816720643586,0.02118932944409188,0.028178722515447244,-0.0026814627721773138,-0.2256060598529454,-0.013229219864999364,-0.035525232160689924,0.004478124453092439,1129.4442937179745,-0.02158610009726095,-0.028665632894388622,-0.09670592620790516,-0.24201991342817558,-0.061768952863548665,0.02179897069491689,0.009829975835649573,0.004771293711257731,0.0035660237923687077,0.2144216531387472,0.06880719136690246,-0.08128374221011192,-0.03233880829247418,0.01172386903692136,-0.019404401454363604,-0.026029742636067926,-0.16429004263389343,-0.01250244881837396,0.08265732432102983,0.020131618838358838,-0.024133879528772075,0.015708701522911702,0.010088850226379502
19,0.029967051063818795,0.1461494590818722,0.06769338645013089,0.019079527644914083,-0.03420944932527026,-0.014085494549075879,0.011542815844270643,-0.134575337961519,-0.05095587192349874,0.03448497802822661,-0.020490470615925124,-0.025654063196763558,0.006098223961455084,0.008437040094161243,0.06393723162009067,-0.3264585755454487,0.003388503967583531,-0.0281866862437939,-0.02158610009726095,455.4826310649438,-0.0051887275983469065,-0.21645684072249816,-0.026241908226455342,0.07399127856366192,-0.019895816064966064,-0.01111826865269219,-0.009503629856855543,0.016084512671233217,0.08098413904757452,-0.09423853638472454,-0.019458645340735305,-0.013840094682630904,0.0161210201606413,-0.0062980846981994035,0.0023296970067300657,0.06618021503552285,0.18433667456358332,-0.08671629774327207,-0.02489018636641537,0.012746558559454448,-0.015427356136436797,-0.014408369031115437
20,-0.07351862345943568,0.09529680586119524,0.01823409525083,0.018728336369900737,-0.004685254579403992,-0.008283923692253392,0.005210456637094987,-0.07592657387569028,0.07821046307937207,0.022812796953027778,-0.00682381509231448,0.029021789147468863,-0.006300139847318131,0.0042630014111484475,-0.13634714355220715,0.08780537761944597,-0.0038066707765439913,0.03953482664365943,-0.028665632894388622,-0.0051887275983469065,215.6631692617173,-0.075441297545674,0.10037069487489364,0.026369166520200462,-0.044744704166164495,0.01621159054701303,-0.009972223310288205,0.004054083570479164,0.0013750594936046026,0.03559235644678686,0.03865253504289972,-0.030025927689603323,-0.031339830939693766,-0.0048016882439272735,0.0033556855487429267,-0.056391332896375296,0.05301636845394837,-0.004192941913092814,-0.005002893840631796,0.015588160025835445,-0.0032144843793665383,-5.962343253636116e-05
21,-1.603813401781482,0.33011500225978446,-0.41934764449624157,-0.6296190288927572,-0.15851775057181797,0.12044228791181669,-0.15728691167689793,3.2032288966375972,-0.2984991066865927,0.07337392631817333,-0.21862962587455687,-0.015507405583906704,0.17751272539516275,-0.05173330483027668,-0.8674224137888525,0.20156718544703017,0.22577122423040524,0.33468854278357657,-0.09670592620790516,-0.21645684072249816,-0.075441297545674,45471.13609227955,-1.2242193366960747,0.07435266964346973,1.0173724773758275,-0.08401282204725549,-0.04551321762132421,0.25227907202476413,1.494718512910082,0.22753529936147376,0.44259241914148806,0.7913452215889791,0.20637583475133023,0.2840185577710274,0.03987274814840946,-0.18931842805745963,0.2772428393670785,0.8207083812584972,0.0694050214309509,-0.38758493285742057,-0.09968729137553568,0.12943258510030084
22,0.7578775279587348,-0.9232554925877038,0.06424281766746377,0.1528643738777596,-0.36499886003006016,-0.004964744577627631,0.010435087541258083,1.1283114373595893,-0.4825297567655247,-0.015772218787020904,0.3245640036679066,-0.09916408159867399,0.09059410475150503,-0.002567768571744935,1.847110569768864,-0.23974264143920346,-0.1326506327517659,0.16929238329091645,-0.24201991342817558,-0.026241908226455342,0.10037069487489364,-1.2242193366960747,18223.563572735333,0.07628760998722542,0.21405759614137176,-0.20418109957268263,-0.03598787300372103,0.08695394694941419,1.0295294581913281,-0.07874771893921995,-0.2541164658304407,-0.24381409404293977,-0.27699618290975564,0.2306747972925413,-0.0683515517381999,-1.2593436208886133,0.23528219375260848,0.3632635381116085,0.07201826282400087,0.024033680468270435,0.07971370780272062,-0.07031113658769865
23,0.16485794561846567,-0.6088702309994588,0.22402817661043936,-0.07238319521958615,0.021111634863664623,0.0486636584103869,0.05715890393583151,-0.015370068841053729,0.14422086560571568,0.4808233941927545,0.04204043592733363,-0.23182579934852474,-0.010950008591182381,0.04190451877549698,0.11760591286770186,-0.3703626251035081,0.3252806186263323,-0.11829959380237133,-0.061768952863548665,0.07399127856366192,0.026369166520200462,0.07435266964346973,0.07628760998722542,7830.548693391218,0.04469853973751781,0.06782442550874848,-0.0870406201624257,-0.06122280755910146,0.115263656290651,0.08002078990051054,0.07941721909704985,-0.11539192052111247,0.28671971772716587,-0.045607089711649396,-0.01739113456626226,-0.8520215822593472,-0.874704116874675,0.12112313920696735,-0.0366870124511878,-0.054380062835392075,-0.043114445177484334,0.05850685771756988
24,0.2715615509337118,0.1710401124629438,-0.27883971372654676,0.012074104029962725,-0.04086745167609602,-0.013439639987083456,0.03528735898209894,-0.24445870561489375,0.0657595407099723,-0.006608539451256309,0.0626904141879461,0.0965327279453586,0.010626488843671848,0.0474459409236029,0.16464992275209228,0.08237618835139016,-0.22919708310470308,-0.08672357140665504,0.02179897069491689,-0.019895816064966064,-0.044744704166164495,1.0173724773758275,0.21405759614137176,0.04469853973751781,3101.408621516067,-0.06616402587046782,0.032931816520767064,0.0009598939323603898,0.33250420120316243,-0.3237648346560175,0.23893215330536502,0.024000978171077953,-0.14738704233585032,-0.020823040954760577,0.015105007495750767,-0.09301505299627454,0.11428800606874892,-0.08823517400873433,-0.08656820371232021,0.16401630977304685,-0.05700474131553473,-0.002972927026964386
25,0.09359451189338086,0.3386954918238419,0.057797548233625366,0.049392022049457966,-0.004888581126543742,0.0002839873680189813,-0.007233287849553257,0.00783513788246493,-0.02624467796499848,-0.07929281370040447,-0.0447221019751071,-0.000493835988905741,-0.012119495575708652,-0.011886078797577113,-0.026115229185185322,0.014520768565711016,-0.034647674027464784,0.014678962000834413,0.009829975835649573,-0.01111826865269219,0.01621159054701303,-0.08401282204725549,-0.20418109957268263,0.06782442550874848,-0.06616402587046782,1296.4095593544453,-0.0008547191184476692,-0.00015538985842602392,0.23425841127295524,-0.07801419021787372,0.030636988106930062,0.049571721229057654,0.02982235932813391,0.011494786129679769,0.009970237968684348,0.03804238085060438,-0.15343779137278554,-0.05536944493914315,0.03645378547346988,0.05701280296271433,-0.0063110547005000095,0.007594146920929372
26,0.38703107618875743,-0.028625133165789084,-0.029910451646867824,-0.04256791482293634,-0.009066568951993611,-0.003314292840515169,-0.0026132319646685522,-0.1112377710116942,-0.09284913880047972,0.004411595066815425,-0.012339655917517227,0.01801126553738875,0.038002885446404774,0.0016800235967511401,0.03220247025184879,0.10268846985851032,-0.13899563336967194,0.0022018418887139114,0.004771293711257731,-0.009503629856855543,-0.009972223310288205,-0.04551321762132421,-0.03598787300372103,-0.0870406201624257,0.032931816520767064,-0.0008547191184476692,524.1962381719051,0.016572171846398275,0.11781478740478853,0.06238912873209939,0.007371712108353531,-0.022010188177576977,0.014424647243396841,0.033710866471755405,0.01072205982847894,0.18073222541036593,-0.07379438796184203,0.05109219528687832,0.02708354053340051,0.019174583984219482,-0.01677358861775132,0.030573042223026252
27,-0.08432408808320445,0.1371915755070253,0.03806822577173423,-0.07530611636339286,-0.01670694153215854,0.00578695053640962,0.0028735741184049935,0.30582146425931916,-0.07446106843241604,-0.007640160268423786,-0.009557440295341304,0.016549566943428184,0.00527011121147849,0.012373232026548615,-0.07576520055891309,0.035040570248931174,0.06233294716043883,-0.008400799822939783,0.0035660237923687077,0.016084512671233217,0.004054083570479164,0.25227907202476413,0.08695394694941419,-0.06122280755910146,0.0009598939323603898,-0.00015538985842602392,0.016572171846398275,236.3919537439511,-0.08002271718993442,-0.010565593976395476,0.0620865506190099,0.02398778029862881,0.013443054499177735,0.005690696162674885,0.0033904962561619903,0.02101664822308098,-0.05497686756534762,-0.010683254668670528,0.02315348161596904,-0.029076499091301826,-0.016483501039720884,-0.007368130006625591
28,-0.4835756825759223,0.2582266316145311,0.448024486474789,0.3318341879540411,-0.0285028289298395,-0.005835149706653709,0.19804385459877882,1.5494328008852098,-0.1137810073850603,0.34327658864801636,0.009991190427584494,-0.5567200785317504,-0.10448079970749295,-0.06285181228337032,-1.8601563977864772,-0.8139418419405048,-0.10785620246349796,0.2429449115425084,0.2144216531387472,0.08098413904757452,0.0013750594936046026,1.494718512910082,1.0295294581913281,0.115263656290651,0.33250420120316243,0.23425841127295524,0.11781478740478853,-0.08002271718993442,36046.7303781612,-1.2119127092348672,-0.007503261263007342,0.14336505631772467,-0.20979431406763685,-0.19665912557959755,0.11815203864933049,-0.3990434417706026,0.7416435176813685,0.8493557625077883,-0.0020862083652905964,0.14712742596709522,0.06498356680943686,0.11209431790278288
29,-2.026662826180527,-0.2067253409956334,0.14488040690452417,0.0809086397565258,0.16013463101937178,0.03753351924553753,-0.02972852036911087,0.14333702069504267,0.16716319392285892,0.10180281422786014,0.08392108080749082,0.05374494412444917,-0.04145029004583469,0.010406697451780618,0.653332627157921,0.3704008591669618,0.1602268028888267,-0.22301337422581025,0.06880719136690246,-0.09423853638472454,0.03559235644678686,0.22753529936147376,-0.07874771893921995,0.08002078990051054,-0.3237648346560175,-0.07801419021787372,0.06238912873209939,-0.010565593976395476,-1.2119127092348672,15222.904968725536,0.3672324948563088,0.04543616309487484,0.020307855949451767,0.12498517212978213,0.028102568243095233,-0.7096655683637485,0.2776782535162093,-0.47457095020719714,0.17545344640279567,0.09932007631669672,0.07469806244019454,-0.01597764681481917
30,0.21838709685955027,-0.10301082256352602,0.13208442035084475,-0.17268762782438293,0.011277838642272638,0.029965259639209388,-0.0010401736868055048,-0.8100236781228934,0.3853025194773383,0.4738044746232417,-0.10549513270475278,0.08452469616706114,-0.027017832736620295,-0.0015928094421000535,-0.09517829455327073,0.3739845268130384,-0.3501123665066605,0.11462502538227518,-0.08128374221011192,-0.019458645340735305,0.03865253504289972,0.44259241914148806,-0.2541164658304407,0.07941721909704985,0.23893215330536502,0.030636988106930062,0.007371712108353531,0.0620865506190099,-0.007503261263007342,0.3672324948563088,6168.2846334403475,0.1508730464560875,0.042964738016789336,0.07026585759085685,0.08107372250305009,-0.5884036833094654,-0.5861321809232485,-0.15880088299293194,-0.022866450433362752,0.07521418527901017,-0.10251029078792857,0.06513275252489113
31,-0.34476268975884466,0.06637419026988826,-0.040310841826167544,-0.06531250904652074,0.06804380197332387,0.027185163927187672,0.03524305190577592,-0.08121506055462262,-0.3811918915788023,0.10345235411114008,-0.024397989438431727,-0.022262268066977203,0.060008434036887985,-0.013043134929980863,-0.4355563019642105,-0.1172912412778495,0.017408491133424384,0.033883372806263884,-0.03233880829247418,-0.013840094682630904,-0.030025927689603323,0.7913452215889791,-0.24381409404293977,-0.11539192052111247,0.024000978171077953,0.049571721229057654,-0.022010188177576977,0.02398778029862881,0.14336505631772467,0.04543616309487484,0.1508730464560875,2598.0025790053664,0.015180893528198819,0.0654175414391473,-0.0018826841278128557,-0.19217078098346843,0.03552329836432833,-0.10095463285813196,-0.11786615457847918,0.08506949932397652,-0.0065309392998212715,0.04133649934363771
32,-0.1775556949326106,0.0035901895355347465,0.04523954056193069,-0.04202666637064699,0.0007182669003673385,-0.019651270857822856,0.02119122378344386,-0.019262807961408814,-0.11768387400940815,0.059654924467775546,-0.05722346320431334,0.03724046790909708,0.0005721364104798856,-0.03309250728755655,0.004452670415200514,0.19893427324428734,0.12134122579936464,-0.029213888430560456,0.01172386903692136,0.0161210201606413,-0.031339830939693766,0.20637583475133023,-0.27699618290975564,0.28671971772716587,-0.14738704233585032,0.02982235932813391,0.014424647243396841,0.013443054499177735,-0.20979431406763685,0.020307855949451767,0.042964738016789336,0.015180893528198819,1120.9826863682842,0.05457230071511132,0.0033738180755112676,0.1910485700297107,0.012242930411560446,-0.07222601934069296,-0.021725231741897486,0.052050738814685686,0.010826869461793879,-0.002659182788469634
33,0.3323193318272668,-0.004029102586796469,-0.04121221524705009,-0.05378641471953299,0.01222307059013453,-0.010484054627916904,-0.003110615704267374,0.1384135514838761,0.04094053647474008,0.03385119069035416,0.018944487683826006,0.045238451643653796,-0.010536935808490527,-0.005306993992831198,-0.06444218839326758,0.05054013928324223,0.0695119125389925,-0.026214898042418423,-0.019404401454363604,-0.0062980846981994035,-0.0048016882439272735,0.2840185577710274,0.2306747972925413,-0.045607089711649396,-0.020823040954760577,0.011494786129679769,0.033710866471755405,0.005690696162674885,-0.19665912557959755,0.12498517212978213,0.07026585759085685,0.0654175414391473,0.05457230071511132,458.9079105285282,0.02033381147424698,0.09010654629273439,0.147559065633117,-0.01695108538331312,0.06598515869978921,0.014940449150687223,-0.012273707429679053,0.0003351362954321274
34,-0.022326317415711536,0.006973214892904288,0.031437493136897296,0.01883199968689765,0.005488588158649554,0.009066896970238133,-0.005727296564594103,-0.129234084528446,0.0022601071890345358,-0.04894835952178952,0.04557997856191569,0.01164504780538762,-0.025214954348440198,-0.0013679248292855764,-0.09730708358366488,0.05011422924984989,-0.0022923287843475268,-0.008055889715474787,-0.026029742636067926,0.0023296970067300657,0.0033556855487429267,0.03987274814840946,-0.0683515517381999,-0.01739113456626226,0.015105007495750767,0.009970237968684348,0.01072205982847894,0.0033904962561619903,0.11815203864933049,0.028102568243095233,0.08107372250305009,-0.0018826841278128557,0.0033738180755112676,0.02033381147424698,199.44287210413276,0.03226870867313303,-0.0743477447345421,-0.049436143658232096,-0.023793180589218782,-0.015474263676686587,-0.0031808775172154345,0.0035624714847754336
35,0.6868334708642021,0.8802876423953897,-0.6273048463485339,0.32521857973488116,0.009986279530719715,-0.14640026547923923,-0.05082973602769635,0.41766740089615795,0.5389984101403617,0.1571428942881353,-0.6160104540090628,0.0863883433945403,0.08838054356176428,-0.1375030681547144,1.3371406837545938,0.09616708267113956,-0.22077493052697156,-0.0703551261433943,-0.16429004263389343,0.06618021503552285,-0.056391332896375296,-0.18931842805745963,-1.2593436208886133,-0.8520215822593472,-0.09301505299627454,0.03804238085060438,0.18073222541036593,0.02101664822308098,-0.3990434417706026,-0.7096655683637485,-0.5884036833094654,-0.19217078098346843,0.1910485700297107,0.09010654629273439,0.03226870867313303,43597.78382350708,-0.0895527336128483,0.14496866808459163,-0.6664450627492604,0.32735756225896706,-0.06799792353895685,-0.1353298784543845
36,-0.10377865829831091,-0.26263796262310085,0.5244807290020981,-0.01738531530863528,0.1252705525513339,0.012854258174419495,-0.014270481343653487,-1.3840155986843934,0.858414514721967,-0.27652876576624086,-0.8240663438337676,-0.022548791726046173,-0.02046622132839248,-0.013355464365552754,0.11613945518613837,0.07173130031779204,-0.23533414131339275,0.4097605729580258,-0.01250244881837396,0.18433667456358332,0.05301636845394837,0.2772428393670785,0.23528219375260848,-0.874704116874675,0.11428800606874892,-0.15343779137278554,-0.07379438796184203,-0.05497686756534762,0.7416435176813685,0.2776782535162093,-0.5861321809232485,0.03552329836432833,0.012242930411560446,0.147559065633117,-0.0743477447345421,-0.0895527336128483,18130.238269718226,-0.523030281730904,0.0765523933199858,-0.10136412371937033,0.02926170864821961,-0.016184375292293468
37,-0.4362311243367801,-0.11794379038360137,-0.019539810996062872,0.11904765376059118,-0.08939951025521854,0.012718850000002004,0.019891566532270887,-0.3876847536034003,-0.6954673634470154,0.23428334240974458,-0.01697818538546797,0.028628716597146067,0.08021003422187119,0.019283136715262866,-0.5305671044340278,-0.017474747556222688,-0.5990203419952569,-0.07930317797228018,0.08265732432102983,-0.08671629774327207,-0.004192941913092814,0.8207083812584972,0.3632635381116085,0.12112313920696735,-0.08823517400873433,-0.05536944493914315,0.05109219528687832,-0.010683254668670528,0.8493557625077883,-0.47457095020719714,-0.15880088299293194,-0.10095463285813196,-0.07222601934069296,-0.01695108538331312,-0.049436143658232096,0.14496866808459163,-0.523030281730904,7173.7104990702655,0.027538268675683677,0.08036115366756375,0.05704973531810932,0.0011752887186721062
38,0.18896707506379343,-0.2743125600207196,-0.3163293496496006,0.05800222251992648,0.08172697772414456,0.04076076971385281,-0.02656517458037838,-0.5414436405885023,0.19911903316826035,0.011042042291743992,-0.09346485872518369,0.021977611596979606,-0.06368262385323627,0.03425825224042986,-0.30260280676142143,0.06030496589845057,-0.07548647139523461,-0.1132693720984729,0.020131618838358838,-0.02489018636641537,-0.005002893840631796,0.0694050214309509,0.07201826282400087,-0.0366870124511878,-0.08656820371232021,0.03645378547346988,0.02708354053340051,0.02315348161596904,-0.0020862083652905964,0.17545344640279567,-0.022866450433362752,-0.11786615457847918,-0.021725231741897486,0.06598515869978921,-0.023793180589218782,-0.6664450627492604,0.0765523933199858,0.027538268675683677,3011.373314855246,-0.013350503120415825,-0.05845296348818608,-0.0021928734294361036
39,0.03218080976503731,0.05762017847279132,-0.010830785822824191,0.0370811198249869,0.014412189606704547,0.0002983532153321356,0.02726528592910564,0.319035440873517,0.15730335932806766,0.0269613862173554,-0.033510408963357524,-0.04747273349224423,-0.06325324426326932,-0.019868548989741497,-0.22527904097984588,0.08010490391380594,0.019510742507101365,-0.017141180264584017,-0.024133879528772075,0.012746558559454448,0.015588160025835445,-0.38758493285742057,0.024033680468270435,-0.054380062835392075,0.16401630977304685,0.05701280296271433,0.019174583984219482,-0.029076499091301826,0.14712742596709522,0.09932007631669672,0.07521418527901017,0.08506949932397652,0.052050738814685686,0.014940449150687223,-0.015474263676686587,0.32735756225896706,-0.10136412371937033,0.08036115366756375,-0.013350503120415825,1210.8537033096368,-0.03946161700783162,0.042180461264535674
40,0.029263194579022246,0.04663320793443155,0.08990817273714657,-0.038802751580545226,0.034486416764383666,0.00016527451372701593,-0.011543916023214395,0.1610131331858687,-0.03679770781857306,-0.09257013969377609,-0.04269192220758414,0.009959965291543837,-0.010627274184387438,-0.0062466751503841575,-0.14436089440834657,-0.06902801178288477,0.0200622979894254,-0.012947574347135046,0.015708701522911702,-0.015427356136436797,-0.0032144843793665383,-0.09968729137553568,0.07971370780272062,-0.043114445177484334,-0.05700474131553473,-0.0063110547005000095,-0.01677358861775132,-0.016483501039720884,0.06498356680943686,0.07469806244019454,-0.10251029078792857,-0.0065309392998212715,0.010826869461793879,-0.012273707429679053,-0.0031808775172154345,-0.06799792353895685,0.02926170864821961,0.05704973531810932,-0.05845296348818608,-0.03946161700783162,498.983639728031,-0.0023679354760205258
41,0.042759066115304216,0.06994667883916272,-0.012372934525767532,-0.003066224910748376,-0.021255864104750586,-0.0025011924847308294,0.0021632641478023253,-0.13079285266483684,-0.03406787427731079,0.005602407211926424,0.02538127901242288,-0.002492818887530463,0.009962613553968179,-0.003890150073733257,-0.06681811535606237,-0.020182360038237684,0.06365184143272387,0.01497865546301827,0.010088850226379502,-0.014408369031115437,-5.962343253636116e-05,0.12943258510030084,-0.07031113658769865,0.05850685771756988,-0.002972927026964386,0.007594146920929372,0.030573042223026252,-0.007368130006625591,0.11209431790278288,-0.01597764681481917,0.06513275252489113,0.04133649934363771,-0.002659182788469634,0.0003351362954321274,0.0035624714847754336,-0.1353298784543845,-0.016184375292293468,0.0011752887186721062,-0.0021928734294361036,0.042180461264535674,-0.0023679354760205258,205.2796876383032
