,2,3,4,5,6,7,8,9
2,8327.552871239612,-0.1282275977985416,-0.028103411676831634,-0.01694751162164653,0.0008108904705413392,-0.0028535589714604437,0.0007407722869670606,-0.0016875327344719596
3,-0.1282275977985416,1202.6126547334716,0.010455144398898128,-0.007191955505293928,0.0026911351862013693,-0.0008125901049988088,-0.0006590340452208877,5.7278045060619904e-05
4,-0.028103411676831634,0.010455144398898128,481.7456392862409,-0.002071740868684956,0.005917418940894821,0.0031318899185924353,-0.00023121801199458674,-0.0005912032895857644
5,-0.01694751162164653,-0.007191955505293928,-0.002071740868684956,131.09289289456288,-0.0006773456143990317,-0.00021527736079628919,0.000339115437536518,9.786054538664083e-06
6,0.0008108904705413392,0.0026911351862013693,0.005917418940894821,-0.0006773456143990317,34.24099306929381,0.0003344659754382905,8.451820245812433e-06,0.0002018977546098397
7,-0.0028535589714604437,-0.0008125901049988088,0.0031318899185924353,-0.00021527736079628919,0.0003344659754382905,8.271833099273632,-2.7755591205304487e-05,-2.288584880083604e-05
8,0.0007407722869670606,-0.0006590340452208877,-0.00023121801199458674,0.000339115437536518,8.451820245812433e-06,-2.7755591205304487e-05,1.7996166109287561,2.356438729836363e-05
9,-0.0016875327344719596,5.7278045060619904e-05,-0.0005912032895857644,9.786054538664083e-06,0.0002018977546098397,-2.288584880083604e-05,2.356438729836363e-05,0.32130703553333295
