,2,3,4,5,6,7,8,9
2,65364.021620007676,-0.8942382964636112,-0.178499132908385,-0.0783530741911782,0.0018026808276621613,-0.007594622176440469,0.0022324603751491955,-0.001483317310877376
3,-0.8942382964636112,8393.761469570845,0.06149526960599115,-0.03441696951755638,0.009476120870208934,-0.0027701054216429095,-0.0013482886469927933,7.102907969980691e-05
4,-0.178499132908385,0.06149526960599115,2991.356533474209,-0.012380318225972695,0.02433726183596227,0.008567319310371987,-0.0004362647773011756,-0.000538844537483789
5,-0.0783530741911782,-0.03441696951755638,-0.012380318225972695,659.1305087488001,-0.0024273762694680223,-0.0006313076497925862,0.0005550100007725757,-1.64424266634427e-06
6,0.0018026808276621613,0.009476120870208934,0.02433726183596227,-0.0024273762694680223,121.11018662905641,0.0007440745559423145,9.610250952457014e-06,0.00017431972042274526
7,-0.007594622176440469,-0.0027701054216429095,0.008567319310371987,-0.0006313076497925862,0.0007440745559423145,20.530307346011625,-6.054789623880785e-05,-1.773262678497298e-05
8,0.0022324603751491955,-0.0013482886469927933,-0.0004362647773011756,0.0005550100007725757,9.610250952457014e-06,-6.054789623880785e-05,2.992303575931747,1.9850198659504877e-05
9,-0.001483317310877376,7.102907969980691e-05,-0.000538844537483789,-1.64424266634427e-06,0.00017431972042274526,-1.773262678497298e-05,1.9850198659504877e-05,0.26690585933803757
