,2,3,4,5,6,7,8
2,15087.276503592331,-0.05356694395918861,0.15489114674897295,0.00038121230689405023,0.003076050141059085,-0.0076263726453532354,0.0002493789097100506
3,-0.05356694395918861,4058.247097304432,-0.026028367250269427,0.022607518196783912,0.00037520040747755887,0.005512123214655101,-0.0006677123464670306
4,0.15489114674897295,-0.026028367250269427,941.8183453822868,0.012237574723502238,-0.0008108983899326866,0.0010416400256810007,-6.533730702235859e-05
5,0.00038121230689405023,0.022607518196783912,0.012237574723502238,175.0727400138296,-0.0004950556492557091,-0.00011987675689642629,0.00010285618499259776
6,0.003076050141059085,0.00037520040747755887,-0.0008108983899326866,-0.0004950556492557091,26.550820054397974,0.00018631318102832508,8.570464146108151e-05
7,-0.0076263726453532354,0.005512123214655101,0.0010416400256810007,-0.00011987675689642629,0.00018631318102832508,3.3645302388122604,-5.787846192962669e-06
8,0.0002493789097100506,-0.0006677123464670306,-6.533730702235859e-05,0.00010285618499259776,8.570464146108151e-05,-5.787846192962669e-06,0.272837469208177
