,2,3,4,5,6,7,8
2,2155.325214799175,-0.008927823993198672,0.030978229349796643,9.530307672309488e-05,0.0010253500470196694,-0.003813186322676457,0.0002493789097100506
3,-0.008927823993198672,676.3745162174266,-0.005205673450054009,0.005651879549195887,0.00012506680249253093,0.00275606160732753,-0.0006677123464670306
4,0.030978229349796643,-0.005205673450054009,188.36366907645117,0.0030593936808754937,-0.00027029946331089485,0.0005208200128405055,-6.533730702235859e-05
5,9.530307672309488e-05,0.005651879549195887,0.0030593936808754937,43.76818500345758,-0.00016501854975191368,-5.993837844821769e-05,0.00010285618499259776
6,0.0010253500470196694,0.00012506680249253093,-0.00027029946331089485,-0.00016501854975191368,8.85027335146608,9.315659051416121e-05,8.570464146108151e-05
7,-0.003813186322676457,0.00275606160732753,0.0005208200128405055,-5.993837844821769e-05,9.315659051416121e-05,1.6822651194061482,-5.787846192962669e-06
8,0.0002493789097100506,-0.0006677123464670306,-6.533730702235859e-05,0.00010285618499259776,8.570464146108151e-05,-5.787846192962669e-06,0.272837469208177
