,0,1,2,3,4,5,6,7,8,9,10,11,12,13,14,15,16,17,18,19,20,21,22,23,24,25,26,27,28,29,30,31,32,33,34,35,36,37,38,39,40,41,42,43,44,45,46,47,48,49,50,51,52,53,54,55,56,57,58,59,60,61,62,63
0,386.75101262873994,0.0032797767878060963,-0.007668359206021346,-0.006382620829961406,0.012434751214808136,0.002299433616145612,0.0034488352166768344,0.006829958364869945,0.0004261452725569039,-0.0064530944144096745,-0.0020011207295340043,0.009314285740355257,0.0014819332459560632,0.0035621408472581544,0.018314935309877944,0.008664580574498572,0.006877561553617354,0.004318387347079163,-0.004036895865125691,0.0008479640240608576,0.008494963803807832,0.008694161626392078,0.014466851696011186,-0.003466724657029911,0.007029229451676684,0.00016753480058249285,-0.004699578413155411,-0.0062193329627852146,-0.002958476059652791,-0.005289344867299845,0.0074102529272308945,0.00394190671997319,-0.004014889568531325,-0.0021554575217292765,-0.006522995366132759,0.00718125348748742,0.006268790946200267,0.0017596348373217197,-0.0016434401945640592,-0.008381436196124846,0.01051068988330955,-0.005006052941115818,-0.0012325043015869706,0.0028358009123817503,0.001905271232507465,0.002751712905791566,-0.0021157546746652833,0.002058449899456413,-0.0009915764674950614,-0.00020116589044367282,-0.006604974013300986,-0.0033238782773348462,-0.0016477532390944038,0.0018409150398259913,-0.0004167840471970131,0.0009091829441807908,0.00017570145586824555,-0.0017439278126286058,0.00043877747773046435,7.955540349088872e-05,-0.00013696202249943476,-0.00013945659503730224,0.000276081347939085,5.440340188714819e-06
1,0.0032797767878060963,406.5132240838878,-0.008614839219288496,-0.008037817054435306,-0.0014512295192781008,0.0003530758015443424,0.010355435538770413,0.013942425813968028,-0.00010901018310905375,0.0038280407524524935,-0.013050366785039418,-0.0011024760797238226,0.014018181739413878,0.0022736671836343742,0.003690555699162903,0.007977172005365898,-0.008382325693247013,-0.004442983906857014,0.005033019390729818,-0.0322507745889457,-0.0060803667707597375,-0.02870476093099062,0.001325356552420052,-0.01500731288266463,0.006829815430015187,0.001874216332344944,-0.00021839706083010886,-0.0032870097366997485,-0.004215979713449698,0.003979662765587031,-0.006161489603205087,0.0024211808740537493,0.00021784929950170547,-0.004333192860273011,0.002399270106451327,0.01063309932431218,0.0018836062410030514,-0.007174509762573946,0.00408278932061462,-0.008024501688822456,0.008726384340051066,0.00035919717452038773,0.001705998838067329,-0.0068580318135191875,-0.004038134447383174,0.00399106514724532,-0.0012694425117050065,-0.002339747077368768,-0.0020917813347267485,0.00023106559720080763,-0.0002488318131273731,0.003267490262685596,-0.002204890395870439,8.602597844230622e-05,-0.0011853967701438467,-0.0018244683053833543,-0.0006380029377146337,-0.002000306188913792,-0.0006798514750761952,0.0016246894914919085,-0.00013356467900543038,0.0003478126049477479,0.0005349580894818881,-9.752225433075766e-05
2,-0.007668359206021346,-0.008614839219288496,474.98375766410885,0.014324743351751195,0.019278875381629063,-0.012028066810224232,0.014272186724713263,-0.014120452693041529,-0.0022553963131414184,-0.005954847309858081,0.011978304323139528,-0.007481109918011542,0.0046253573152708295,-0.002227309178351394,0.011499531340401568,0.023476715098798787,0.004749917839222826,0.021953697781256568,-0.001306869421577669,0.008640103562499057,0.005777641619008085,0.020247345250413145,0.0029595147647279827,0.004118990170526643,-0.012861254638291655,0.00010266532767323579,0.009977885579493811,0.0010227829048851031,0.0035260724188370305,0.011411687938003552,-0.00033264584008716754,0.005508612035642291,0.0008254040357561796,0.00895943416615072,0.006951737609135469,0.00868114644762179,-0.0027464520876232176,-0.010390962425089674,-0.004590312908833308,0.0011836300156060537,0.0034255469496041746,-0.0037350535906609077,-0.0040482957838602635,-0.0010282389145913394,-0.0012295336601185175,-0.0009078036632383568,-0.0012387687568880211,-0.0007274130359833821,-0.00063879925223779,0.0031272132706522586,-0.0022401323585756025,0.0025984835493939517,-0.0020950052774251237,0.0003508501221634902,-0.00037800686012111584,-0.00010869206060421885,-0.0010170603575164246,0.0010120647494752512,0.0004265801704510371,-0.001113562183114359,5.979736749346791e-05,-0.0003723032414680306,0.0006535717420541966,8.2546205582624e-05
3,-0.006382620829961406,-0.008037817054435306,0.014324743351751195,315.24353509527566,-0.01329760705182977,-0.018655449882009435,0.002201983312421898,0.005983328628679613,0.001932088004320667,-0.015372652840651388,-0.009340473719405537,-0.011029213396679246,0.0015846246195081255,-0.007071168227537126,0.010559665591553226,-0.005478426245277897,0.01079099447356844,0.010529650539606089,-0.007029351166568655,0.0004290254617272197,-0.002571184646320737,-0.009333462420585774,-0.0038701643965357584,-0.0032201956999312843,-0.002973039991260097,-0.011198463867616927,0.00585422471538198,0.0031296505358837704,-0.009728373879477625,0.0021608201556797373,-0.007223997790326007,0.0008470796417629845,0.004904356252994913,0.004131040258458906,0.0018435282382708981,0.005623937760419759,6.062023554932926e-05,0.003313499981894335,0.0034505464254367814,0.0015923349096313014,-0.0030029460671693597,0.0012154644336294668,0.002679461940284329,-0.0020321116195399598,0.0004266365855749849,-0.0007612573011119904,0.0026234928626062202,0.0015993952633056975,-0.003143678433262449,0.003796092856742095,0.0012561805257292594,-0.0009406201855864762,0.0024328434497017616,0.00011317734227807538,-0.0010597570605322528,0.0007188881499256148,0.001998911766415344,0.0006656005188883063,-0.0005935744684989083,0.0006489148230560414,0.00010169881043286097,-0.0005942137901095282,-8.324346169963382e-06,-9.60937891658798e-05
4,0.012434751214808136,-0.0014512295192781008,0.019278875381629063,-0.01329760705182977,563.6947724946061,-0.01763366876823635,-0.0013848752728956731,0.0019228602708084492,0.0019089328331087852,0.0022829050502055567,-0.007998617275285757,0.002908146012610321,-0.010238237155730277,0.00718956202434897,-0.009568509468164666,-0.005278900437745943,0.0009899169634529654,0.0011592184501629072,-0.0056132297142653794,-0.005032523441344507,-0.024268098895273697,0.00607114390900536,-0.004287173761895815,0.011050592106687645,0.008554103487965594,-0.002559178901091336,-0.024994991042469054,-0.014759977500617737,-0.004712400294561712,-0.0032837389981010654,-0.002676652955480148,-0.003899011719350061,0.010693697391240153,-0.007870439560630426,-0.007596001716707023,0.00400326653708493,0.004060141859913969,-0.001886711152467081,-0.0030887622605781655,0.005304297642865922,0.004701680580520077,-0.00025701082422125587,-0.009843430520256422,-0.006727548543828289,-0.001162958737765946,0.0032098008069445685,-0.0007318493196762365,-0.0034136728734593938,-0.0011691798335410025,-7.553354888125124e-05,0.0004805265412021716,0.002802368661155469,-0.0012222519474977276,-0.00047785617764427177,-0.0007553046870116674,0.00041515451188478645,0.0008164847317699006,0.00024019204387423944,0.0007865315009854597,-0.000901912452686362,-0.00022335992523968393,0.00030990101645868767,0.0007690878917060243,-3.774683285254897e-05
5,0.002299433616145612,0.0003530758015443424,-0.012028066810224232,-0.018655449882009435,-0.01763366876823635,344.9311363343274,-0.004345282347602162,-0.008735037206775249,0.0036217502323910035,0.007791159751907314,0.005806027364426587,0.003700803831189547,0.004022362961872023,0.010795320725484286,0.014140043789705332,-0.0008675462316322884,0.011728655371189282,-0.012225326696899769,-0.0037937580776309845,0.0011970385087135909,-0.004145315880014448,-0.01385682475248943,0.008754445821754447,0.0023129543474750994,0.014245416240283698,-0.007127678662514176,-0.002898598608648491,-0.0058846089068840726,0.002164976390751678,0.005978445932168593,-0.00266658122840221,0.002804035580690284,0.0006020692235995073,0.0030829047006542595,-0.0009049913239261812,0.002449292463122013,0.0035326171275978243,-0.020308993666068094,0.002946694528456272,-0.0072502386870470885,-0.002661885862042877,-0.0034564532836194907,0.012226847825419059,-0.004204928253919765,0.0018792870744325154,-0.00148218712920163,-0.003026962839536327,-0.004368471165313399,-0.0011376285403459174,-0.004287448071368327,-0.0017001599579850497,0.004291826777684713,-0.0001825598990333041,8.96616211783183e-05,0.0015605905924264518,-0.0008795393094899008,0.0005413796045775587,-0.00027125851641879534,0.0002347628289637237,6.862121564980508e-05,-0.00022588747875252843,-0.0002922711397452404,-0.0007631855106880343,-6.964222163710474e-05
6,0.0034488352166768344,0.010355435538770413,0.014272186724713263,0.002201983312421898,-0.0013848752728956731,-0.004345282347602162,190.11881015350284,0.022594658896162308,0.0018711810482893304,-0.0024008929846290133,0.003653123312737397,-0.004006702262887187,-0.0020144015522662634,0.0024826703335357157,0.0013791853003710221,0.0028266996047514527,0.005084403389585004,-0.003405446535997639,0.005656637261247433,-0.004140704918636078,0.009888263674274738,0.006598571127787137,-0.00197692060454011,0.004156245829137345,-0.003959172068432293,-4.929725928516926e-05,-9.986867817147434e-05,0.0010724936722782557,-0.0028679090700658334,-0.0077685062463929986,-0.0012445275693697777,0.0035538394526394503,-0.001124983667590035,-0.0017190171864765605,0.004110556070079507,-0.00038836266398819077,0.0009220021158417636,0.0032734164424821403,0.00017795462743640467,-0.0003656175732838746,0.002742960019453674,-0.0010699598119797856,-0.0010969451838063035,0.0011744490935498358,-0.0019945836354844843,-0.0023090597377700382,0.0013608984210181571,-0.0012435640512240271,0.0014269219748904091,-0.0023251757254354093,0.0021662450952069133,0.0011785771092230992,0.0003461307588144476,0.001075265128138407,3.8833349883526515e-05,0.0006897594642183473,-0.000795692909819347,-0.00024020528754911446,0.0009230936385096635,0.0002050696820465923,-5.301578279442431e-05,-5.3042743826225404e-05,-0.00039720823683099126,0.00012636710492916522
7,0.006829958364869945,0.013942425813968028,-0.014120452693041529,0.005983328628679613,0.0019228602708084492,-0.008735037206775249,0.022594658896162308,234.34588686108032,-0.0006009201234614969,0.0018887745822023351,0.003563736502580365,-0.0014266620738159815,0.008571726674143665,-0.006534003926581238,0.004017934275601924,0.005884482268406034,-0.003948822515513303,-0.004442081365701799,-0.002029287162226918,-0.011146180643813994,0.005748880652127036,0.010951103283437904,0.004489433334621056,0.00026332531906765307,0.0035016040538043704,-0.0020827825027028694,-0.005618632484100949,-0.0016814777760651106,0.004455038189050149,0.0006459988738044295,-0.0008483759818830217,0.010244650977547398,0.0005614147533148487,-0.00781732540886323,-0.0008112814119616869,-0.007893681499420453,-0.010671308020234242,-0.0005569254796524783,0.004129749435452014,-0.001977153555573058,-0.0033900642160159897,0.0006178627584578944,-0.0022642291073299114,-0.003273969643874675,-0.000806506680195518,0.0003278002074411988,0.00023097070901695923,-0.0009596337434626623,0.0008529404907816013,0.002549784668473154,-0.0003148317265193578,-0.0004949582661219762,-0.0005966321409178245,0.0002868056967836139,-0.002221977632614267,0.00045390675116914643,0.000332487820863759,0.000584456182395209,0.0013472719045066269,-0.00021056153343233168,-0.00022653852180429845,-0.00025855494997981305,0.00044839679154864043,-0.00010186731932719459
8,0.0004261452725569039,-0.00010901018310905375,-0.0022553963131414184,0.001932088004320667,0.0019089328331087852,0.0036217502323910035,0.0018711810482893304,-0.0006009201234614969,20.006838265676368,0.0010327580396659922,-0.0019799043072004706,0.00020990756282039663,-0.0007894197225310686,0.0037776769264832354,0.002264670740134022,-0.003717928520457088,-7.455570315487007e-05,0.0031668699757667765,0.0008943967029631352,0.0006508329090116598,-0.00015650983164093015,-0.0007620121997278582,-0.0006784650534091683,-0.0009900250700549148,5.94123276516046e-05,0.0006785545809831669,0.00138936261468598,0.0017451056274612638,-0.0015838563162387657,-0.0005647126827600414,0.0009098506886482912,-0.0026466210076943456,0.000512681283271227,-0.00016535011429025947,-2.8992147053278652e-05,-0.0002284187847915177,0.0017006913015889438,0.0012658553346503608,0.0022140692946253115,-0.00013203432432178522,-0.0008760914237399208,-0.000845940673353295,-0.00036788227023062194,-0.00037162181294931934,0.00042293697205550006,0.0001720151434769025,-4.7583317146638055e-05,0.00048523233511564676,-0.0007700099985685814,0.00041560529445761724,-0.00024890144100302733,-0.000499942916555914,-0.00036445181654611784,-1.4454624481762069e-05,0.0006357986097489028,0.0003662550396633135,-0.00034517392636794145,-6.98170590130308e-05,2.210755811846825e-05,8.529014859607955e-05,3.6705875848541115e-05,-5.52600370107463e-05,0.0001344675256096074,1.6640893130515982e-05
9,-0.0064530944144096745,0.0038280407524524935,-0.005954847309858081,-0.015372652840651388,0.0022829050502055567,0.007791159751907314,-0.0024008929846290133,0.0018887745822023351,0.0010327580396659922,152.58156841220884,-0.007630022758032901,-0.007960473269875453,0.001338286355801605,0.00012853008735925033,-0.0035829205812938814,-0.0017114582107810579,-0.0011937598129206682,0.0033417452136273126,0.0035322621654629988,-0.006913264811810308,0.0037940824536211617,-0.005421054664200488,-0.006676373379134582,0.005645262290127059,-0.0003015065643204522,0.0038458035553162323,0.0019124028599331324,-0.0028988213286027854,0.008733691592945302,0.0025647237272285565,-0.0024059008965715695,0.001914402516816242,0.008964113157194316,0.003393874073160298,-0.0003143809880156312,0.003987831692463929,0.002873983663925046,0.003974038439919524,-0.004357524332070861,0.008005520718752221,0.003654522402481117,0.0009627080672828305,0.003776401541291781,0.0016828402564031237,0.001728974041421581,-0.00018524118694608957,-0.001975635446463855,0.004848551109404726,0.0014086588361905206,-0.0019524613927176134,0.0031666757936090447,0.002333621381156783,-0.00043410716272721466,0.0016194606911913694,-0.0021195467103216816,0.0010717582104746957,-0.0010478876733751978,-5.7816411680771616e-05,-9.339960798052857e-05,0.00045661866034047734,3.537002126857288e-05,-0.00034212885207683734,-3.6687039432828865e-05,3.771473406446393e-05
10,-0.0020011207295340043,-0.013050366785039418,0.011978304323139528,-0.009340473719405537,-0.007998617275285757,0.005806027364426587,0.003653123312737397,0.003563736502580365,-0.0019799043072004706,-0.007630022758032901,215.36330407646633,-0.0025779615548446083,-0.00016859357953610528,-0.005454932884039143,-0.0008028216519673845,-0.008156078096863322,0.0023175925056159816,0.005733707836120005,0.0019397806264413334,-0.0009370348674422723,-0.014218576886076823,-0.022609494802077867,0.0022827199018790787,-0.0021514931706544285,-0.0007822063341679985,0.0016643064892996342,0.0007399752115603883,0.0027803457446299797,0.005148816212281713,-0.0019644227974380947,0.00019212324628139465,0.004652457960591078,-0.0012961568423383767,-0.005806151430040938,-0.008953156206895853,-0.0002683626371047111,-0.011327986016638642,-0.007152247509933224,-0.0039246761962825755,-0.0024457906585584697,-0.0006906102877231976,0.0007051045789854654,0.00236228389048319,0.0005795155337601379,-0.0055356743277329016,-0.0001407232630492537,-0.0003784200103255414,0.0018175581842580302,0.00038424276231080896,0.0008739370776629008,0.0006169908007361821,0.0006628116378278404,0.0013444723217646225,-0.0013976923059506455,-0.001456621846893768,0.0002662511239055983,0.00033431581311758906,0.00042856658575186424,-0.0003446660483697718,0.001099112573088734,0.00029591898670011614,-0.00014959653155815217,-0.00025782666523407416,8.318762492342742e-05
11,0.009314285740355257,-0.0011024760797238226,-0.007481109918011542,-0.011029213396679246,0.002908146012610321,0.003700803831189547,-0.004006702262887187,-0.0014266620738159815,0.00020990756282039663,-0.007960473269875453,-0.0025779615548446083,157.72712505520863,0.0011842791893076467,0.0057231466612348405,0.011714809506574773,0.0017835543712339955,0.0031641965930148228,0.007986690211204966,0.0023017116247591586,-0.002756919754628031,5.159798743901587e-05,-0.00452720483381306,0.002300411283124828,-0.005599611129788541,-0.006070892691112423,-0.007719510796257671,0.007236508647637315,-0.0032079829010171687,-0.005801325755348986,0.002521847088932322,-0.0002470382512540672,0.009948878879083673,-0.001180373456435091,0.0035885222185706293,-0.00016281788619974642,-0.0072696013972745575,0.006250478826933401,0.0024027078778356106,-0.0038777064322256093,0.0005645931488075514,-0.0010716121384289836,0.000685726208671737,-0.0010339028103029946,-0.003449691269953185,-0.0010087581270498388,0.00424723892741859,0.00046866758642914583,-0.00326143264107431,0.0007644950315212131,0.0031204234736412822,-0.002117093146465443,0.0020721069848634917,-0.0004029833332411427,-0.0011389885864013063,0.002122962983505525,-0.00024576624968657834,-0.0021990634294044896,0.001102555674453296,-0.00022564476378984097,0.0006135681716883562,-4.58339650530202e-06,0.0003048450182507588,-0.0002938953691748362,1.9507256587859742e-05
12,0.0014819332459560632,0.014018181739413878,0.0046253573152708295,0.0015846246195081255,-0.010238237155730277,0.004022362961872023,-0.0020144015522662634,0.008571726674143665,-0.0007894197225310686,0.001338286355801605,-0.00016859357953610528,0.0011842791893076467,147.81925386928336,0.0007630931687419244,-0.01373492490236711,-0.00040851559450768904,-0.00445969266438381,0.0008768023486162822,0.006307160387578421,0.014372187010659404,-0.007015065893586456,0.0017729182029311433,0.006460002739118824,-0.0018926426161785747,-0.0009190215327107195,0.00013923844784815033,0.005089220612368713,0.003441963606667158,0.002225185496361955,0.001658721328683657,0.0007147585523199272,-0.003280013596428674,0.0011770774470250362,0.0003749386626559011,-0.000779235840235699,0.005082765501712343,0.0030488508977901973,-0.010105680721599562,0.005238798731975159,0.0016360762974421956,-0.0030866599523023844,-0.00011960879460338016,-0.0033909754215638386,0.0026558794185168595,0.004331947768369065,-0.0013024488768914233,-6.817291159093433e-05,-0.0009509088485367295,-0.00010654738056621863,-0.002792002966175344,-0.0010940042182401425,0.00065842446937972,-0.002665735493561932,0.0001620857823140106,-0.00021880850293709645,-5.4713919256287304e-05,-0.0007267921579383963,0.0005011741611113733,-0.00013423376765061193,-0.0004184292750541341,5.4644191817165234e-05,0.0004053565026706579,0.0005212549287348398,1.4588701428639374e-05
13,0.0035621408472581544,0.0022736671836343742,-0.002227309178351394,-0.007071168227537126,0.00718956202434897,0.010795320725484286,0.0024826703335357157,-0.006534003926581238,0.0037776769264832354,0.00012853008735925033,-0.005454932884039143,0.0057231466612348405,0.0007630931687419244,235.67181599146403,-7.071234884764235e-05,-0.00770518308441208,0.005202299612781273,0.015181651963890574,0.0018247587007558922,-0.007422892198814369,0.006911727998343424,0.004402158504523575,0.010357264460488657,0.007958868629030504,0.0015544137551491974,-0.005773591607564807,-0.0015876493571614916,0.005571416903101821,0.002621713005463985,0.01026946252821082,-0.0005263592703315331,-0.009093573215202213,0.0011109827505639358,0.0002282544030287573,0.0021119883813331534,-0.0035878189123030343,0.002975186670964699,-0.0024540399284974394,0.0020700081958207276,-0.0009995065330432435,0.005994330975262783,-0.004731263095654724,-0.00615061074845712,0.00019215257005590698,0.007179733031891143,-0.0001013420769923707,0.0010137030623700494,0.0013225143396001968,-0.0018534254745962684,0.0021763700090327628,-0.0011625434815019423,-0.002689396763598224,0.0003098380059788697,-0.0001005203374899901,0.001763416331757473,0.0004841618148890107,-0.0018197544550733569,0.0013008302534861383,-0.0005950540842804332,3.4040155402746453e-06,-1.5300608601638794e-05,-0.0004184145404881217,-0.0006558980761625125,4.1876299403053684e-05
14,0.018314935309877944,0.003690555699162903,0.011499531340401568,0.010559665591553226,-0.009568509468164666,0.014140043789705332,0.0013791853003710221,0.004017934275601924,0.002264670740134022,-0.0035829205812938814,-0.0008028216519673845,0.011714809506574773,-0.01373492490236711,-7.071234884764235e-05,251.9442543187546,0.0002817835724778494,-0.0031293955319733682,-0.008880190868446875,-0.005127298824995061,-0.009877373217862825,0.0033957067895912223,0.00750648011689526,0.0042892481751204,0.005976471864144894,0.003912879535197773,0.0007696813059517194,-0.004912777182100192,-0.0029869342635005214,0.0034590496292898915,0.0038738174244741384,8.360162834139464e-05,0.0052413251413694,0.003815152189649286,0.0024075581152079566,-0.004549220171021934,-0.014903586306447355,-0.0013778643394878505,0.009002048927571341,0.0007221087861960087,0.004062897023394776,0.005463926034328332,-0.0006642699422965587,-0.0006790435853915458,-0.0027851192551599092,0.0053979722615578865,0.0011252653595606387,-0.0020102776541026744,-0.001689982994690264,0.0019935065453666728,-0.0011542091853381654,-0.00028797624455379855,0.0009592199932874411,0.001649568944021019,0.0003896070411043455,0.00021547084897862232,-0.0008316475404713067,0.0005832330995575534,-0.0010299212541517418,-0.0005839978806121522,-0.0018193255853853404,-0.00016821990104392732,-0.00021317187860860865,-0.00019692792705606145,0.00010616461227585707
15,0.008664580574498572,0.007977172005365898,0.023476715098798787,-0.005478426245277897,-0.005278900437745943,-0.0008675462316322884,0.0028266996047514527,0.005884482268406034,-0.003717928520457088,-0.0017114582107810579,-0.008156078096863322,0.0017835543712339955,-0.00040851559450768904,-0.00770518308441208,0.0002817835724778494,286.4307770200475,-0.0024232578601879784,0.025674806112613507,0.006128707616561177,-0.011837028427984363,0.012881016739479162,0.0018336857247017824,0.009188659920442696,0.0005155692056881293,0.010356750223936477,-0.005725090143531812,-0.01464811699414296,-0.008133404987442175,-0.00533066903707771,-0.0027080566105365735,-0.004609698518487376,-0.0035095959792704385,-0.004489289079376955,-0.001079532022560925,-0.0003121228521730862,0.0022628994165979095,0.0012676224361607695,0.0019357288676855517,-0.003335483288445389,-0.0002276880326883527,-0.00795395214477652,0.0002867804607876423,0.011886955762582078,-0.004099180981422893,-0.006044588697955648,-0.0003804723735881585,0.0037815721711386753,0.002375307849388549,0.0011547700847419785,-0.006601933775078638,-0.00170996800331166,-0.0010821756884592769,-0.0007983867471434515,-0.0004405010642689965,-0.00035999836289674986,-0.0006753830399926062,-0.0002308866550390397,-0.001204857396396762,0.000418850620214929,-0.0016948110617891938,5.306758368758047e-06,-0.000831702734630684,-0.00022134866358294715,5.0040997249909545e-05
16,0.006877561553617354,-0.008382325693247013,0.004749917839222826,0.01079099447356844,0.0009899169634529654,0.011728655371189282,0.005084403389585004,-0.003948822515513303,-7.455570315487007e-05,-0.0011937598129206682,0.0023175925056159816,0.0031641965930148228,-0.00445969266438381,0.005202299612781273,-0.0031293955319733682,-0.0024232578601879784,171.75808890967883,-0.0020511052322918686,0.001659727584233598,0.014968582617598265,-0.0009796306257648052,-0.0032408249656785495,-0.010484081263727837,0.005721902002839516,-0.009213553914359194,-0.0011782100053402528,-0.003950887767546612,0.002559953573087984,-0.006993873702289623,0.0024405346529408015,0.007481845337310744,-0.005517427765120887,-0.007160221127252102,-0.0010081716250310358,0.0036061097652927946,-0.00302749231985191,-0.004702031014432901,0.005099839150295689,0.004962024490668463,-0.004806614784026115,0.0022203018611325026,0.0019332300525488008,-0.000939196645015939,-0.0003113025549349719,0.0023686713277004997,-0.00021627799434617998,-0.002788120872152042,0.00175542105786255,-0.0005015437538012593,0.0018850153730823416,-0.0007768593497330377,-0.00040210197408188626,-0.000754108423234397,-0.00015707583494672359,-0.0011787954841492268,0.0007503357185772059,-0.0012596947175784734,-0.0004122074918233053,-0.0002518620827073068,-0.001301246255616417,7.930837144004899e-05,-0.0001972442820799143,1.9398157286190582e-05,-3.570511338721776e-05
17,0.004318387347079163,-0.004442983906857014,0.021953697781256568,0.010529650539606089,0.0011592184501629072,-0.012225326696899769,-0.003405446535997639,-0.004442081365701799,0.0031668699757667765,0.0033417452136273126,0.005733707836120005,0.007986690211204966,0.0008768023486162822,0.015181651963890574,-0.008880190868446875,0.025674806112613507,-0.0020511052322918686,257.6275689366439,0.0010917713968770296,0.01826190638094402,0.007630511937895412,0.009309113590721294,-0.006361265517313419,0.008305329666458664,0.00048747361232374573,-0.00972558074596275,0.0016280104187585322,-0.0022227732958575467,0.0037326475048936494,0.00518313416883459,0.0005497867382641102,-0.008971988440139026,-0.005892954287916268,-0.0017009999470527996,0.00031958490473161,0.008413841095738955,0.006649174126673358,0.01805338013073416,0.006246900276627346,-0.005513615296363229,-0.00214759603339406,-0.004230082270294264,-0.0044349452098404836,0.0015331206365355615,-0.003128693942132606,-0.0002947327431169235,0.0004220215313193475,0.0021523373406897675,0.0001528491514958366,-0.00016251101138317406,-0.0004461874608496488,0.00035400729465986626,-0.00022942902492935281,0.0010257912799785751,4.24437934612888e-05,-0.00014494841226130078,-0.00014335786056780464,0.0007907524998192426,-9.781811994135552e-05,0.001485028922229343,-0.0002680164366237026,-0.0007588031392438381,0.0003231048272105006,0.00013005016721167717
18,-0.004036895865125691,0.005033019390729818,-0.001306869421577669,-0.007029351166568655,-0.0056132297142653794,-0.0037937580776309845,0.005656637261247433,-0.002029287162226918,0.0008943967029631352,0.0035322621654629988,0.0019397806264413334,0.0023017116247591586,0.006307160387578421,0.0018247587007558922,-0.005127298824995061,0.006128707616561177,0.001659727584233598,0.0010917713968770296,117.9921608342628,0.005923204514219161,0.010779915880735071,-0.007661078160217542,-0.0030572053301368344,-0.0034990324998547006,-0.002865906484547067,0.0006563366568641809,-0.001453803285776099,-0.0005150427899848215,0.0027823708481760087,0.003666441792274044,-0.0017361078156745314,-0.0021097229164434308,0.004494162252576753,-0.004119982872145435,0.0011074526326258027,-0.0015745593088451989,-0.0056676612135652124,-0.00017233073023924573,0.00021639607763967612,-0.0028523832869596422,-0.0020162212434990203,0.0012905645436034488,-0.005374763592719223,-3.735505502062427e-05,0.0017526942232622934,0.0002378558122894381,-0.002165125155300716,0.005165078439459561,-0.002234853708710794,0.0036121998303152787,0.0016025300338560816,-0.0008937597726365918,0.0023932993371094265,-0.00027972280514313423,0.0002703963289285153,6.919714188747767e-05,-0.002454952049278456,0.0002344380610217859,0.00023046949294138706,-0.00035794033216011463,0.00023690158862845265,-2.5326075221888137e-05,-0.00014441995594157754,1.1080579116651004e-05
19,0.0008479640240608576,-0.0322507745889457,0.008640103562499057,0.0004290254617272197,-0.005032523441344507,0.0011970385087135909,-0.004140704918636078,-0.011146180643813994,0.0006508329090116598,-0.006913264811810308,-0.0009370348674422723,-0.002756919754628031,0.014372187010659404,-0.007422892198814369,-0.009877373217862825,-0.011837028427984363,0.014968582617598265,0.01826190638094402,0.005923204514219161,453.87796648590046,-0.0040120507995938404,0.010352570786450483,0.007840037656774303,-0.0018238892273202214,0.005017049155894382,0.0020135049781400223,-0.024754800158287668,0.004590780522018897,-0.007607974047048319,-0.0036139949875673427,0.002455013720677526,-0.004061364013897998,-0.00038231328540637357,0.007162078242969286,0.004901551981779744,-0.006708433474755036,0.0014780968272184584,-0.013673689706786464,0.003984718297143,-0.0012598776555893985,-0.0019567810533648814,0.0003212778195294431,0.0018170135399683477,0.00298770752791602,0.004447683680059434,0.0005178181409254278,-0.0018688943853462717,0.004973888652663437,-0.007461555280440345,-0.005962808658510944,-0.0006493593432578582,-0.002239959297571076,-0.0026700131055368676,-0.0010160312758952536,-0.0017721632405701246,0.002078035525474579,0.001368370404372729,-0.0007162093914346305,0.00011710668661200092,-0.0028411767905286768,0.0004104524381392632,0.0002514714566917529,-0.001381511151913416,3.290288106157828e-05
20,0.008494963803807832,-0.0060803667707597375,0.005777641619008085,-0.002571184646320737,-0.024268098895273697,-0.004145315880014448,0.009888263674274738,0.005748880652127036,-0.00015650983164093015,0.0037940824536211617,-0.014218576886076823,5.159798743901587e-05,-0.007015065893586456,0.006911727998343424,0.0033957067895912223,0.012881016739479162,-0.0009796306257648052,0.007630511937895412,0.010779915880735071,-0.0040120507995938404,294.9955459838413,-0.00807944485740138,0.0001520494541429848,0.008284775870238672,-0.0023966306971555246,-0.021974946419893546,-0.008155690860649035,0.0018968337145854333,0.0035671766094333736,0.003203104295798558,0.00213109484778397,-0.006186597946043364,9.032692685464726e-05,-0.003424041233576484,0.009942601654072942,-0.013941563180446035,-0.002808524679228319,-0.007242363163658568,0.0006966435464420662,0.0014987186539050072,-0.0011210889431529864,0.000907118694313104,0.0025200063666745566,-0.0014889463182389368,-0.0014426997545407346,0.0013623412258261687,-0.0011657894837732556,-0.003508314985103566,0.00115705545714677,-0.0029296170150375682,-0.0013876079046647562,-0.0009683070611762717,-0.0032169246534688818,-0.0017229621254802748,4.538961762960487e-05,0.0035738643301274986,0.0026886731998380623,0.0008881791887261275,0.0002337906500803203,0.0005693631696129991,5.187467180145527e-05,-0.00018047768489846825,-0.00039588280784976534,-7.14902256838505e-05
21,0.008694161626392078,-0.02870476093099062,0.020247345250413145,-0.009333462420585774,0.00607114390900536,-0.01385682475248943,0.006598571127787137,0.010951103283437904,-0.0007620121997278582,-0.005421054664200488,-0.022609494802077867,-0.00452720483381306,0.0017729182029311433,0.004402158504523575,0.00750648011689526,0.0018336857247017824,-0.0032408249656785495,0.009309113590721294,-0.007661078160217542,0.010352570786450483,-0.00807944485740138,847.8695324330398,-0.021749340191548075,0.0032570943342469963,0.008759802891400157,-0.002271833909371691,-0.011061615335184011,-0.0031002405038493366,-0.016163484771319694,0.006161210320233555,0.0097443940461135,0.008134342606946645,0.008020711284697949,-5.288648913220482e-05,1.3749234608153378e-05,0.009784799330558156,0.016029677638603825,-0.003107045393288067,-0.005102187706497228,0.002451126617007957,0.011753552965975834,0.010839097554812336,0.004191029223126257,0.005457807960961901,-0.010205898340800438,-0.0042691379952785975,-0.0008143693009341271,0.006431615006540283,0.005895026329791495,-0.007176208178967167,-0.004375638110522713,-0.0011866232876569338,0.005257297541211707,-0.001960422323933741,-0.00020611216108300947,-0.002495206595751485,0.004921734731632645,0.0017418568713455755,0.0002467913143129772,-0.0010676011127379395,-0.0004953854378515972,0.0007803288793443981,-0.0007731446144568488,0.00013558643773953964
22,0.014466851696011186,0.001325356552420052,0.0029595147647279827,-0.0038701643965357584,-0.004287173761895815,0.008754445821754447,-0.00197692060454011,0.004489433334621056,-0.0006784650534091683,-0.006676373379134582,0.0022827199018790787,0.002300411283124828,0.006460002739118824,0.010357264460488657,0.0042892481751204,0.009188659920442696,-0.010484081263727837,-0.006361265517313419,-0.0030572053301368344,0.007840037656774303,0.0001520494541429848,-0.021749340191548075,195.7888294449558,0.003622773816573148,0.003214038387591602,-0.0018418993720353588,0.0024501699267465062,-0.006857442044370625,-0.009958691112943797,-0.003205340744804101,-8.601974658741023e-05,0.004996685394359082,-0.002732247074307608,-0.00445750032983548,-0.0019840238848030686,-0.014663831337864933,-0.0013966913902658975,0.009608092948160755,-0.0017567074869187357,-0.003293641621652432,0.002397668062094461,-0.0005228821639818614,-0.0016366501563668135,-0.001175938568239752,0.001278278152265041,0.0007713618990873587,0.0009854061298796453,-0.0019026038982243832,-0.0027714587985155116,-0.0009939818035293434,0.0016532319120969737,-0.00017666963181512923,0.0026217110931200296,-0.0008079144377196101,-0.0015077436008516414,0.0008685728679531771,0.0011352978038594165,1.992949197940634e-05,-0.00023030409104126952,0.00026014582536814843,-0.00024330981322334417,-0.00038980366463183826,-3.7292221075276244e-05,-3.8274813126765566e-05
23,-0.003466724657029911,-0.01500731288266463,0.004118990170526643,-0.0032201956999312843,0.011050592106687645,0.0023129543474750994,0.004156245829137345,0.00026332531906765307,-0.0009900250700549148,0.005645262290127059,-0.0021514931706544285,-0.005599611129788541,-0.0018926426161785747,0.007958868629030504,0.005976471864144894,0.0005155692056881293,0.005721902002839516,0.008305329666458664,-0.0034990324998547006,-0.0018238892273202214,0.008284775870238672,0.0032570943342469963,0.003622773816573148,150.21682433925358,-0.003926082334436977,-0.0033697462121330887,0.0033192300585060262,0.0007679325640556586,0.0023866938562491554,-0.0004984881244808593,0.004425224973930388,-0.002231641723507729,-0.0006138162187772176,0.003606365026144478,8.568934921209094e-05,-0.005706066713900512,-0.0020139205253218483,-0.001534144627101897,0.0029949851905671627,-0.0003704913513552141,0.0005181024916500363,0.004734592330336003,0.0019797688871680884,0.001799145950047419,-0.0035397875700324028,-6.607693417399026e-05,-0.0003311432609587383,0.0013267293671389037,-0.004300443914567173,0.0012826187130137731,0.0019506224687596166,0.0007145565120672408,-0.0024699905829286893,-0.0010952453749592426,3.290087868667331e-05,-0.0011309743681319944,0.0008051584743669974,0.00047630304146734965,0.0005135479891002758,-6.760234932765237e-05,0.00012857692467698256,-0.0004335828713637733,0.0001952422883683485,4.713038199486604e-05
24,0.007029229451676684,0.006829815430015187,-0.012861254638291655,-0.002973039991260097,0.008554103487965594,0.014245416240283698,-0.003959172068432293,0.0035016040538043704,5.94123276516046e-05,-0.0003015065643204522,-0.0007822063341679985,-0.006070892691112423,-0.0009190215327107195,0.0015544137551491974,0.003912879535197773,0.010356750223936477,-0.009213553914359194,0.00048747361232374573,-0.002865906484547067,0.005017049155894382,-0.0023966306971555246,0.008759802891400157,0.003214038387591602,-0.003926082334436977,154.62592800232107,-0.006917642081753521,-0.0017054281549202977,-0.0015489254118988775,0.002226859927421157,0.003543385946866443,-0.0010303143943146459,0.002322651303850671,-0.00010979294717294989,0.004558407210995232,-0.0066702282126096316,0.003798844414742267,-0.0053114973301872075,0.0007426009692045057,0.0032360417437176728,-0.0034919828415651603,0.0019144669370763387,-0.0004039832633399702,0.0014164152288914792,-0.0010102497450271218,-0.003322527467000797,-0.002284374929312709,0.001692074927605855,0.001238723404080834,0.00383333071900885,-0.0008312829561778892,-0.000911343246383006,0.0003764756171072243,-0.0015336115867853892,-0.0016881943963297317,0.001276149457696095,-0.0002953681689268857,0.0018351653144690493,-0.000714964889804649,-0.00033539845072663667,-0.00019040627310452812,-0.000352226247643886,0.0004398900092776497,8.639575954201799e-05,-6.454587443648364e-05
25,0.00016753480058249285,0.001874216332344944,0.00010266532767323579,-0.011198463867616927,-0.002559178901091336,-0.007127678662514176,-4.929725928516926e-05,-0.0020827825027028694,0.0006785545809831669,0.0038458035553162323,0.0016643064892996342,-0.007719510796257671,0.00013923844784815033,-0.005773591607564807,0.0007696813059517194,-0.005725090143531812,-0.0011782100053402528,-0.00972558074596275,0.0006563366568641809,0.0020135049781400223,-0.021974946419893546,-0.002271833909371691,-0.0018418993720353588,-0.0033697462121330887,-0.006917642081753521,183.74789709905744,0.004081724774483562,-0.00046823086771213487,0.00011863983609005086,-0.00021413413639097636,-0.003206960098400557,-0.0005900835227361957,0.00045031711696093724,-6.0539749104925e-05,-0.001103364386131804,0.00847628294465188,0.015425039615768276,0.0017302166581392344,-0.0025082049720621218,0.002502232906696701,0.008109660187763117,0.00041615997527582243,0.0029203863862509415,0.0037783109949332135,-0.002063484443267976,0.0004274837807682014,-0.0034316475456992327,0.0036074790152786813,0.0023351202070666563,0.0018120127375324845,0.0003166610473602556,0.003017764631617697,0.0006274055489545624,0.0006020367037460286,-0.00019262743929212154,-0.0004833474319158579,-0.003502269787291908,0.0009378042494924186,0.000260309221490592,-0.000810038909844494,-0.00020018900896869943,0.00017896373925757988,-0.00041164840243946714,-0.00014475805494369674
26,-0.004699578413155411,-0.00021839706083010886,0.009977885579493811,0.00585422471538198,-0.024994991042469054,-0.002898598608648491,-9.986867817147434e-05,-0.005618632484100949,0.00138936261468598,0.0019124028599331324,0.0007399752115603883,0.007236508647637315,0.005089220612368713,-0.0015876493571614916,-0.004912777182100192,-0.01464811699414296,-0.003950887767546612,0.0016280104187585322,-0.001453803285776099,-0.024754800158287668,-0.008155690860649035,-0.011061615335184011,0.0024501699267465062,0.0033192300585060262,-0.0017054281549202977,0.004081724774483562,147.66567833042464,0.0035295576407111053,-0.008745822986690436,0.002211938180454738,-0.005771288710271785,0.002728256435001431,0.0048908901183744215,-0.0011336799631591987,-0.002904713856473892,-0.0075403536888258614,0.005300122067111475,0.009760367633690044,0.0008257632964366459,0.004453055609111929,-0.00014838950948765637,-0.005591820619416704,0.0004289451586526618,-0.0029038406946623515,0.0018905467728713818,-0.005504510160962632,0.0034585769210789476,-0.002364808625737511,-6.388249393503652e-05,-0.0006531316727481098,2.568007504449848e-05,0.0007162287869630037,-0.0011855678384570033,-0.0004799032098331699,-0.001039796960692477,0.001403296252986646,0.0012818113963325203,0.0008378352379542074,0.0007061313532739595,-0.0006677191697283087,3.326011563533e-05,8.388460981853921e-05,-0.00026441909427195087,9.326501454885201e-05
27,-0.0062193329627852146,-0.0032870097366997485,0.0010227829048851031,0.0031296505358837704,-0.014759977500617737,-0.0058846089068840726,0.0010724936722782557,-0.0016814777760651106,0.0017451056274612638,-0.0028988213286027854,0.0027803457446299797,-0.0032079829010171687,0.003441963606667158,0.005571416903101821,-0.0029869342635005214,-0.008133404987442175,0.002559953573087984,-0.0022227732958575467,-0.0005150427899848215,0.004590780522018897,0.0018968337145854333,-0.0031002405038493366,-0.006857442044370625,0.0007679325640556586,-0.0015489254118988775,-0.00046823086771213487,0.0035295576407111053,113.34183977360279,-0.0015957236785271215,0.005010354553429183,0.0018280431420659726,0.003211986464418525,0.000443740348182422,-0.0006757833279812248,-0.0014743062455443102,-0.00799698004772961,0.004963173148749853,0.004140319240413246,-0.0006448907793920589,-0.0069710714975307255,-0.0005497037992320477,-0.001193158863983505,0.0017130365675601467,-0.002807174922897499,-0.0010627414235638768,-0.00013724607169006764,0.001074377639122039,0.00030441467365295875,0.0007838101378370901,0.0011295192368728669,-0.0007271757097150646,0.0008352940424918829,-0.0004663712063667487,0.0004131130834613344,-9.741921776209629e-05,0.0006724658209435094,0.0006640437219664013,3.163549219120466e-05,0.00012155509667229193,0.0004949829795584652,0.00027686367771164453,6.984586049258451e-05,0.0001304228151420825,-0.0001459236275238442
