,0,1,2,3,4,5,6,7,8,9,10,11,12,13,14,15,16,17,18,19,20,21,22,23,24,25,26,27,28,29,30,31,32,33,34,35,36,37,38,39,40,41,42,43,44,45,46,47,48,49,50,51,52,53,54,55,56,57,58,59,60,61,62,63
0,6.042984572324744,5.205994901288547e-05,-0.00012368321300009936,-0.00010463312836006105,0.00020724585358021554,3.897345112109076e-05,5.9462676149642665e-05,0.0001198238309628092,7.609737009952782e-06,-0.00011732898935304526,-3.705779128770559e-05,0.0001757412403841099,2.849871626833694e-05,6.984589896583843e-05,0.00036629870619763887,0.00017682817498973475,0.00014328253236708813,9.188058185268083e-05,-8.775860576362077e-05,1.8843644979049836e-05,0.000193067359177374,0.0002021898052648708,0.0003444488499050813,-8.455425992759882e-05,0.00017573073629198734,4.295764117477268e-06,-0.00012367311613563155,-0.0001680900800752078,-8.217989054593681e-05,-0.00015112413906569156,0.0002179486155068594,0.00011945171878706292,-0.00012546529901658269,-6.953088779770974e-05,-0.00021743317887106534,0.0002476294306030595,0.00022388539093569232,6.517166064156565e-05,-6.32092382525026e-05,-0.00033525744784504153,0.0004379454118045379,-0.0002176544757006494,-5.6022922799431277e-05,0.00013503813868483806,9.526356162538594e-05,0.00014482699504167712,-0.00011754192637027763,0.00012108528820332603,-6.197352921842937e-05,-1.3411059362936242e-05,-0.0004717838580929723,-0.0002556829444103897,-0.00013731276992451155,0.00016735591271140624,-4.167840471970321e-05,0.00010102032713121095,2.1962681983518436e-05,-0.0002491325446611969,7.31295796217342e-05,1.5911080698186297e-05,-3.424050562485611e-05,-4.6485531679100634e-05,0.0001380406739695488,5.440340188714819e-06
1,5.205994901288547e-05,6.452590858471535,-0.0001389490196659053,-0.00013176749269565272,-2.4187158654647573e-05,5.9843356194109535e-06,0.00017854199204771958,0.00024460396164826365,-1.9466104126722665e-06,6.960074095369408e-05,-0.00024167345898210357,-2.080143546645677e-05,0.00026958041806566483,4.458170948303079e-05,7.38111139832369e-05,0.0001627994286809861,-0.0001746317852760277,-9.453157248637246e-05,0.00010941346501584693,-0.0007166838797539205,-0.00013819015388083817,-0.0006675525797904298,3.155610839094044e-05,-0.0003660320215285899,0.00017074538575047606,4.805682903446832e-05,-5.747291074471292e-06,-8.883810099190132e-05,-0.0001171105475958356,0.00011370465044519797,-0.00018122028244720647,7.336911739556965e-05,6.807790609437554e-06,-0.00013978041484749917,7.99756702151036e-05,0.0003666585973901357,6.72716514643921e-05,-0.000265722583799039,0.0001570303584851723,-0.00032098006755289704,0.0003635993475022177,1.5617268457397347e-05,7.754540173029947e-05,-0.0003265729435010662,-0.0002019067223691611,0.0002100560603813316,-7.052458398361017e-05,-0.00013763218102169703,-0.0001307363334204363,1.540437314672526e-05,-1.777370093767279e-05,0.000251345404821983,-0.0001837408663225551,7.820543494759134e-06,-0.00011853967701438478,-0.00020271870059814797,-7.975036721433427e-05,-0.0002857580269876592,-0.00011330857917936868,0.00032493789829838785,-3.339116975135707e-05,0.00011593753498258186,0.00026747904474094293,-9.752225433075766e-05
2,-0.00012368321300009936,-0.0001389490196659053,7.661028349420452,0.00023483185822543764,0.00032131458969378947,-0.00020386553915607944,0.00024607218490871005,-0.00024772724022866465,-4.0274934163235517e-05,-0.00010826995108827427,0.0002218204504284105,-0.0001411530173210007,8.894917913980982e-05,-4.367272898722076e-05,0.00022999062680806564,0.00047911663466921597,9.895662165052287e-05,0.0004670999527927778,-2.841020481694922e-05,0.0001920023013889557,0.0001313100367956851,0.000470868494195339,7.046463725546816e-05,0.00010046317489086179,-0.0003215313659572656,2.632444299331179e-06,0.00026257593630251927,2.7642781213093266e-05,9.794645607883984e-05,0.0003260482268001743,-9.783701179054197e-06,0.00016692763744376136,2.579387611740095e-05,0.0002890140053596921,0.00023172458697119403,0.00029934987750417877,-9.808757455796369e-05,-0.00038485046018847327,-0.00017655049649356946,4.7345200624193414e-05,0.00014273112290015696,-0.00016239363437657253,-0.00018401344472081412,-4.8963757837674544e-05,-6.147668300594819e-05,-4.7779140170455224e-05,-6.882048649374176e-05,-4.27890021166698e-05,-3.992495326488006e-05,0.0002084808847101519,-0.00016000945418400355,0.00019988334995335705,-0.0001745837731187345,3.1895465651227774e-05,-3.780068601211634e-05,-1.2076895622685234e-05,-0.00012713254468957113,0.00014458067849647702,7.109669507516218e-05,-0.00022271243662287579,1.494934187336881e-05,-0.00012410108048934503,0.00032678587102710267,8.2546205582624e-05
3,-0.00010463312836006105,-0.00013176749269565272,0.00023483185822543764,5.167926804840689,-0.00022162678419716372,-0.00031619406579691154,3.7965229524401336e-05,0.00010497067769596364,3.4501571505727996e-05,-0.0002795027789208212,-0.00017297173554447177,-0.00020809836597502975,3.0473550375152263e-05,-0.00013865035740262722,0.00021119331183093486,-0.00011180461725056853,0.00022481238486600472,0.00022403511786411366,-0.00015281198188187058,9.533899149614932e-06,-5.843601468908476e-05,-0.00021705726559513038,-9.214677134609759e-05,-7.854135853498198e-05,-7.432599978148541e-05,-0.0002871400991697206,0.00015405854514166374,8.458514961850485e-05,-0.00027023260776319873,6.173771873369388e-05,-0.00021247052324496572,2.566908005337804e-05,0.0001532611329061212,0.00013325936317606558,6.145094127573699e-05,0.0001939288882904042,2.165008412485308e-06,0.00012272222155157797,0.00013271332405524844,6.369339638527518e-05,-0.00012512275279867284,5.284627972303329e-05,0.00012179372455846186,-9.676721997806773e-05,2.1331829278733217e-05,-4.006617374274745e-05,0.00014574960347817033,9.408207431206744e-05,-0.00019647990207889148,0.00025307285711614435,8.972718040923539e-05,-7.235539889125777e-05,0.00020273695414183397,1.0288849298009057e-05,-0.00010597570605321102,7.987646110284377e-05,0.00024986397080192254,9.508578841261495e-05,-9.892907808314977e-05,0.00012978296461121238,2.5424702608216388e-05,-0.00019807126336985728,-4.162173084979075e-06,-9.60937891658798e-05
4,0.00020724585358021554,-2.4187158654647573e-05,0.00032131458969378947,-0.00022162678419716372,9.394912874905172,-0.00029887574183450185,-2.3877159877523836e-05,3.373439071594746e-05,3.408808630550369e-05,4.150736454918408e-05,-0.00014812254213493017,5.487067948314454e-05,-0.0001968891760717551,0.0001409718043988061,-0.000191370189363261,-0.00010773266199486805,2.062327007199364e-05,2.4664222343741745e-05,-0.00012202673291883181,-0.00011183385425207659,-0.000551547702165387,0.00014118939323259984,-0.00010207556575949856,0.000269526636748419,0.00021385258719919194,-6.561997182283257e-05,-0.000657762922170205,-0.0003989183108275009,-0.00013090000818222734,-9.382111423149518e-05,-7.87250869259139e-05,-0.00011815187028335332,0.0003341780434764024,-0.0002538851471171726,-0.0002532000572235651,0.00013804367369251567,0.0001450050664254902,-6.987819083214114e-05,-0.0001187985484837676,0.00021217190571454407,0.00019590335752162378,-1.1174383661798915e-05,-0.0004474286600116986,-0.000320359454468078,-5.81479368882895e-05,0.00016893688457605258,-4.065829553755652e-05,-0.0002008042866740898,-7.307373959634659e-05,-5.03556992540082e-06,3.432332437156591e-05,0.0002155668200889171,-0.00010185432895817794,-4.344147069493732e-05,-7.55304687011621e-05,4.6128279098309496e-05,0.00010206059147123669,3.431314912489546e-05,0.00013108858349756864,-0.00018038249053727682,-5.583998130992006e-05,0.00010330033881955431,0.00038454394585299694,-3.774683285254897e-05
5,3.897345112109076e-05,5.9843356194109535e-06,-0.00020386553915607944,-0.00031619406579691154,-0.00029887574183450185,5.8462904463469,-7.491866116562704e-05,-0.0001532462667856259,6.467411129266121e-05,0.0001416574500346392,0.00010751902526711655,6.982648738096178e-05,7.73531338821671e-05,0.00021167295540161678,0.0002828008757941886,-1.7705025135350738e-05,0.0002443469868998666,-0.00026011333397656,-8.247300168760862e-05,2.660085574918611e-05,-9.421172454571577e-05,-0.0003222517384299602,0.000208439186232189,5.641352067016052e-05,0.00035613540600711057,-0.0001827609913466291,-7.627891075383119e-05,-0.00015904348396985975,6.013823307646881e-05,0.0001708127409190296,-7.842885965890826e-05,8.497077517245659e-05,1.8814663237456674e-05,9.944853873074662e-05,-3.0166377464204813e-05,8.445836079733278e-05,0.00012616489741433054,-0.0007521849505952616,0.00011333440494067426,-0.0002900095474819313,-0.00011091191091847362,-0.00015028057754861357,0.0005557658102464076,-0.00020023467875805658,9.396435372162268e-05,-7.800984890539168e-05,-0.00016816460219645288,-0.0002569688920772685,-7.110178377160805e-05,-0.0002858298714245757,-0.00012143999699890086,0.00033014052136038003,-1.5213324919431775e-05,8.15105647073808e-06,0.00015605905924265517,-9.772658994331315e-05,6.767245057219937e-05,-3.875121663125426e-05,3.91271381606234e-05,1.372424312995947e-05,-5.6471869688130785e-05,-9.74237132484135e-05,-0.00038159275534399995,-6.964222163710474e-05
6,5.9462676149642665e-05,0.00017854199204771958,0.00024607218490871005,3.7965229524401336e-05,-2.3877159877523836e-05,-7.491866116562704e-05,3.2779105198857548,0.00039639752449372123,3.341394729087618e-05,-4.36525997205089e-05,6.765043171734115e-05,-7.559815590355202e-05,-3.873849138969576e-05,4.86798104614134e-05,2.758370600740654e-05,5.768774703579176e-05,0.00010592507061631337,-7.245630927650668e-05,0.00012297037524437488,-9.201566485857082e-05,0.00022473326532457445,0.0001534551425065847,-4.706953820332456e-05,0.00010137184949109074,-9.897930171078497e-05,-1.2640322893623253e-06,-2.6281231097469303e-06,2.898631546697195e-05,-7.966414083519462e-05,-0.00022195732132556842,-3.660375204028488e-05,0.00010769210462540803,-3.515573961217261e-05,-5.545216730571985e-05,0.00013701853566928354,-1.3391815999567876e-05,3.2928646994284103e-05,0.00012123764601782462,6.8444087475542295e-06,-1.4624702931343294e-05,0.0001142900008105479,-4.651999182520289e-05,-4.986114471849537e-05,5.5926147311901914e-05,-9.972918177423479e-05,-0.00012152945988260356,7.560546783433401e-05,-7.315082654259247e-05,8.918262343061688e-05,-0.00015501171502904328,0.0001547317925148153,9.065977763256546e-05,2.8844229901200467e-05,9.775137528530367e-05,3.883334988356583e-06,7.663994046870753e-05,-9.946161372741039e-05,-3.431504107844511e-05,0.00015384893975160078,4.101393640930767e-05,-1.3253945698606502e-05,-1.7680914608746076e-05,-0.00019860411841550146,0.00012636710492916522
7,0.0001198238309628092,0.00024460396164826365,-0.00024772724022866465,0.00010497067769596364,3.373439071594746e-05,-0.0001532462667856259,0.00039639752449372123,4.11133134843755,-1.0730716490352427e-05,3.43413560400448e-05,6.599512041829963e-05,-2.691815233615732e-05,0.00016484089757956918,-0.00012811772405064265,8.035868551202722e-05,0.00012009147486542194,-8.226713573991382e-05,-9.451236948305421e-05,-4.411493830928401e-05,-0.0002476929031958633,0.0001306563784575112,0.00025467682054504756,0.00010689126987200107,6.422568757757323e-06,8.754010134508237e-05,-5.340467955648807e-05,-0.00014785874958159854,-4.544534529904598e-05,0.00012375106080693665,1.8457110680136507e-05,-2.4952234761262243e-05,0.00031044396901662024,1.7544211041110362e-05,-0.00025217178738279024,-2.7042713732073297e-05,-0.0002721959137731966,-0.000381118143579875,-2.062686961674902e-05,0.00015883651674812648,-7.908614222292885e-05,-0.00014125267566736147,2.6863598193840765e-05,-0.0001029195048786569,-0.00015590331637501412,-4.032533400973956e-05,1.7252642496890482e-05,1.2831706056506146e-05,-5.644904373308497e-05,5.3308780673872205e-05,0.00016998564456487984,-2.248798046568184e-05,-3.807371277861331e-05,-4.971934507648741e-05,2.6073245162143573e-05,-0.0002221977632614391,5.043408346322676e-05,4.15609776079693e-05,8.349374034218038e-05,0.00022454531741774978,-4.211230668646258e-05,-5.663463045107533e-05,-8.618498332660965e-05,0.00022419839577431994,-0.00010186731932719459
8,7.609737009952782e-06,-1.9466104126722665e-06,-4.0274934163235517e-05,3.4501571505727996e-05,3.408808630550369e-05,6.467411129266121e-05,3.341394729087618e-05,-1.0730716490352427e-05,0.35726496902988314,1.8777418903021212e-05,-3.666489457780314e-05,3.9605200532102186e-06,-1.5181148510210425e-05,7.407209659768625e-05,4.5293414802682716e-05,-7.587609225420364e-05,-1.5532438157149278e-06,6.738021225032328e-05,1.9443406586160122e-05,1.4462953533602817e-05,-3.557041628195421e-06,-1.7721213947144227e-05,-1.6153929843085906e-05,-2.4146952928192605e-05,1.4853081912919993e-06,1.7398835409826662e-05,3.656217407067307e-05,4.716501695841388e-05,-4.399600878437651e-05,-1.6134648078856478e-05,2.6760314372000526e-05,-8.02006365968107e-05,1.602129010222337e-05,-5.333874654503997e-06,-9.664049017686763e-07,-7.876509820390195e-06,6.0738975056733224e-05,4.6883530912954975e-05,8.51565113317405e-05,-5.28137297286879e-06,-3.6503809322498165e-05,-3.678002927621897e-05,-1.6721921374122565e-05,-1.7696276807110404e-05,2.114684860278184e-05,9.053428604048612e-06,-2.6435176192582204e-06,2.8543078536214713e-05,-4.812562491054345e-05,2.7707019630510804e-05,-1.7778674357364514e-05,-3.84571474273821e-05,-3.0370984712174366e-05,-1.3140567710681627e-06,6.357986097489553e-05,4.069500440703266e-05,-4.3146740795991746e-05,-9.973865573291759e-06,3.6845930197440808e-06,1.705802971921832e-05,9.17646896213534e-06,-1.8420012336916316e-05,6.723376280480349e-05,1.6640893130515982e-05
9,-0.00011732898935304526,6.960074095369408e-05,-0.00010826995108827427,-0.0002795027789208212,4.150736454918408e-05,0.0001416574500346392,-4.36525997205089e-05,3.43413560400448e-05,1.8777418903021212e-05,2.7742103347684677,-0.00014129671774137356,-0.00015019760886553365,2.573627607310141e-05,2.5201977913677683e-06,-7.165841162590906e-05,-3.492771858736357e-05,-2.486999610254932e-05,7.11009619920682e-05,7.678830794484216e-05,-0.00015362810692912934,8.622914667320101e-05,-0.00012607103870259127,-0.00015896127093168504,0.0001376893241494276,-7.537664108034283e-06,9.861034757221613e-05,5.032639105083416e-05,-7.834652239465505e-05,0.00024260254424860416,7.327782077794726e-05,-7.076179107560827e-05,5.801219747923669e-05,0.0002801285361623311,0.00010947980881160092,-1.0479366267185486e-05,0.00013751143767111465,0.0001026422737116426,0.00014718660888580782,-0.00016759708969507926,0.00032022082875007385,0.00015227176677005147,4.185687249055367e-05,0.00017165461551328588,8.013525030493751e-05,8.644870207108434e-05,-9.749536155032214e-06,-0.00010975752480352586,0.0002852088887884495,8.804117726193436e-05,-0.00013016409284783114,0.00022619112811492632,0.00017950933701202327,-3.617559689394437e-05,0.00014722369919922145,-0.0002119546710321529,0.0001190842456082848,-0.00013098595917192157,-8.259487382961983e-06,-1.5566601330087368e-05,9.132373206808879e-05,8.842505317143866e-06,-0.00011404295069228782,-1.8343519716415612e-05,3.771473406446393e-05
10,-3.705779128770559e-05,-0.00024167345898210357,0.0002218204504284105,-0.00017297173554447177,-0.00014812254213493017,0.00010751902526711655,6.765043171734115e-05,6.599512041829963e-05,-3.666489457780314e-05,-0.00014129671774137356,3.9882093347472627,-4.8640784053670725e-05,-3.2421842218377934e-06,-0.00010695946831443627,-1.6056433039369066e-05,-0.0001664505734053545,4.8283177200355916e-05,0.0001219937837471725,4.216914405306733e-05,-2.0822997054197714e-05,-0.0003231494746834975,-0.0005258022046994787,5.4350473854348304e-05,-5.247544318668388e-05,-1.9555158354234136e-05,4.26745253666975e-05,1.9473031883176486e-05,7.514447958461387e-05,0.00014302267256340444,-5.612636564110359e-05,5.6506837141684214e-06,0.00014098357456333215,-4.050490132307245e-05,-0.00018729520742062476,-0.0002984385402298416,-9.253884038105569e-06,-0.00040457092916572156,-0.0002648980559233629,-0.00015094908447242753,-9.783162634231392e-05,-2.8775428655126065e-05,3.06567208254617e-05,0.00010737654047640572,2.7595977798129695e-05,-0.0002767837163866683,-7.406487528909411e-06,-2.102333390697777e-05,0.00010691518730934393,2.4015172644427705e-05,5.8262471844207165e-05,4.4070771481136275e-05,5.0985510602133966e-05,0.000112039360147014,-0.000127062936904594,-0.00014566218468938752,2.9583458211729198e-05,4.1789476639692094e-05,6.12237979645537e-05,-5.7444341394960994e-05,0.0002198225146177192,7.397974667503046e-05,-4.9865510519384875e-05,-0.00012891333261703857,8.318762492342742e-05
11,0.0001757412403841099,-2.080143546645677e-05,-0.0001411530173210007,-0.00020809836597502975,5.487067948314454e-05,6.982648738096178e-05,-7.559815590355202e-05,-2.691815233615732e-05,3.9605200532102186e-06,-0.00015019760886553365,-4.8640784053670725e-05,2.9759834916078534,2.2774599794404057e-05,0.0001122185619850493,0.0002342961901312806,3.6399068800689e-05,6.592076235448887e-05,0.00016992957896186522,5.003720923388849e-05,-6.126488343613889e-05,1.1726815327080466e-06,-0.00010528383334448768,5.477169721725237e-05,-0.00013657588121434447,-0.0001517723172778913,-0.0001979361742629348,0.0001904344380957262,-8.670224056806449e-05,-0.00016114793764857225,7.205277396953096e-05,-7.26583091922702e-06,0.00030148117815391744,-3.6886670513591656e-05,0.00011575878124421877,-5.427262873352059e-06,-0.00025067591025083023,0.00022323138667623425,8.898918066059922e-05,-0.00014914255508567163,2.2583725952294264e-05,-4.465050576787869e-05,2.981418298572375e-05,-4.69955822865023e-05,-0.0001642710128549128,-5.0437906352500625e-05,0.0002235388909168136,2.603708813494803e-05,-0.0001918489788867054,4.778093947004951e-05,0.0002080282315761152,-0.00015122093903321935,0.00015939284498953427,-3.358194443675885e-05,-0.00010354441694560406,0.00021229629835054802,-2.7307361076287533e-05,-0.0002748829286755739,0.0001575079534933243,-3.7607460631641447e-05,0.00012271363433766783,-1.145849126325928e-06,0.00010161500608359785,-0.00014694768458741285,1.9507256587859742e-05
12,2.849871626833694e-05,0.00026958041806566483,8.894917913980982e-05,3.0473550375152263e-05,-0.0001968891760717551,7.73531338821671e-05,-3.873849138969576e-05,0.00016484089757956918,-1.5181148510210425e-05,2.573627607310141e-05,-3.2421842218377934e-06,2.2774599794404057e-05,2.8426779590235385,1.4962611151895382e-05,-0.00027469849804725,-8.33705294914005e-06,-9.291026384127946e-05,1.8655369119507902e-05,0.00013711218233854373,0.0003193819335700853,-0.00015943331576329453,4.123065588213871e-05,0.0001538095890267239,-4.616201502870075e-05,-2.2975538317769158e-05,3.570216611494188e-06,0.0001339268582202724,9.302604342340466e-05,6.181070823227085e-05,4.739203796236957e-05,2.102231036236467e-05,-9.939435140689665e-05,3.678367021955478e-05,1.2094795569534726e-05,-2.5974528007872487e-05,0.00017526777592107975,0.00010888753206390672,-0.0003742844711702183,0.00020149225892212102,6.54430518976913e-05,-0.00012861083134592575,-5.2003823740689205e-06,-0.00015413524643473589,0.00012647044850078087,0.0002165973884184286,-6.854994088903061e-05,-3.7873839772667393e-06,-5.593581461979947e-05,-6.659211285386661e-06,-0.00018613353107836336,-7.814315844571403e-05,5.064803610612291e-05,-0.0002221446244635202,1.4735071119453914e-05,-2.1880850293713068e-05,-6.079324361815138e-06,-9.084901974230122e-05,7.1596308730189e-05,-2.2372294608430857e-05,-8.368585501082533e-05,1.3661047954292223e-05,0.00013511883422356004,0.00026062746436742124,1.4588701428639374e-05
13,6.984589896583843e-05,4.458170948303079e-05,-4.367272898722076e-05,-0.00013865035740262722,0.0001409718043988061,0.00021167295540161678,4.86798104614134e-05,-0.00012811772405064265,7.407209659768625e-05,2.5201977913677683e-06,-0.00010695946831443627,0.0001122185619850493,1.4962611151895382e-05,4.6210159998341105,-1.4142469770749205e-06,-0.00015724863437561863,0.00010838124193297523,0.00032301387157210245,3.9668667407721144e-05,-0.00016495315997374358,0.0001570847272351589,0.00010237577917505855,0.0002466015347734984,0.00019411874704953927,3.8860343878707537e-05,-0.0001480408104504618,-4.178024624102981e-05,0.00015057883521904405,7.282536126289499e-05,0.0002934132150916744,-1.548115500974238e-05,-0.00027556282470303023,3.4718210955067056e-05,7.3630452590141484e-06,7.039961271107838e-05,-0.0001237178935276883,0.00010625666682013438,-9.089036772211329e-05,7.961569983926269e-05,-3.9980261321728376e-05,0.00024976379063594307,-0.00020570709111550337,-0.0002795732158389821,9.150122383635568e-06,0.00035898665159449694,-5.333793525908813e-06,5.631683679833408e-05,7.779496115295134e-05,-0.00011583909216225823,0.00014509133393552176,-8.303882010729621e-05,-0.0002068766741229578,2.5819833831569446e-05,-9.138212499098004e-06,0.00017634163317575477,5.3795757209887934e-05,-0.00022746930688417595,0.00018583289335515247,-9.917568071340478e-05,6.808031080493937e-07,-3.8251521504075335e-06,-0.00013947151349604346,-0.00032794903808125697,4.1876299403053684e-05
14,0.00036629870619763887,7.38111139832369e-05,0.00022999062680806564,0.00021119331183093486,-0.000191370189363261,0.0002828008757941886,2.758370600740654e-05,8.035868551202722e-05,4.5293414802682716e-05,-7.165841162590906e-05,-1.6056433039369066e-05,0.0002342961901312806,-0.00027469849804725,-1.4142469770749205e-06,5.038885086378761,5.750685152575906e-06,-6.519574024947367e-05,-0.00018894023124353253,-0.00011146301793468671,-0.00021949718261935356,7.717515430886516e-05,0.00017456930504407349,0.00010212495655044667,0.0001457676064426418,9.782198837996736e-05,1.97354181013553e-05,-0.0001292836100552219,-8.072795306756854e-05,9.608471192474932e-05,0.00011068049784220507,2.458871421802945e-06,0.00015882803458700445,0.00011922350592652384,7.766316500672481e-05,-0.00015164067236736616,-0.0005139167691877603,-4.92094406959988e-05,0.00033340921953965046,2.777341485368059e-05,0.00016251588093581712,0.00022766358476366725,-2.8881301838985013e-05,-3.0865617517831185e-05,-0.0001326247264361913,0.00026989861307785,5.922449260844653e-05,-0.00011168209189456878,-9.94107643935321e-05,0.0001245941590854549,-7.694727902254287e-05,-2.0569731753851366e-05,7.378615332979691e-05,0.0001374640786684151,3.5418821918570156e-05,2.1547084897854587e-05,-9.240528227458784e-05,7.290413744468303e-05,-0.0001471316077359675,-9.733298010202258e-05,-0.0003638651170770482,-4.205497526098137e-05,-7.105729286953698e-05,-9.846396352802737e-05,0.00010616461227585707
15,0.00017682817498973475,0.0001627994286809861,0.00047911663466921597,-0.00011180461725056853,-0.00010773266199486805,-1.7705025135350738e-05,5.768774703579176e-05,0.00012009147486542194,-7.587609225420364e-05,-3.492771858736357e-05,-0.0001664505734053545,3.6399068800689e-05,-8.33705294914005e-06,-0.00015724863437561863,5.750685152575906e-06,5.8455260616347156,-5.0484538753936876e-05,0.0005462724704811502,0.00013323277427297324,-0.0002630450761773383,0.0002927503804429421,4.264385406285212e-05,0.00021877761715346196,1.257485867532687e-05,0.00025891875559840363,-0.00014679718316749755,-0.00038547676300388695,-0.00021982175641735942,-0.00014807413991897427,-7.737304601529439e-05,-0.00013557936819084726,-0.00010635139331119152,-0.0001402902837305783,-3.48236136309812e-05,-1.0404095072465592e-05,7.803101436541034e-05,4.52722298628869e-05,7.169366176609439e-05,-0.00012828781878637937,-9.107521307487974e-06,-0.0003314146726991834,1.246871568642211e-05,0.0005403161710263988,-0.00019519909435350094,-0.0003022294348977423,-2.0024861767809538e-05,0.00021008734284101913,0.00013972399114048033,7.217313029637173e-05,-0.0004401289183385421,-0.00012214057166512956,-8.32442837276254e-05,-6.653222892862189e-05,-4.004555129718753e-05,-3.599983628967398e-05,-7.504255999918443e-05,-2.886083187989108e-05,-0.00017212248519953753,6.980843670249142e-05,-0.00033896221235786046,1.3266895921891186e-06,-0.00027723424487688885,-0.00011067433179147539,5.0040997249909545e-05
16,0.00014328253236708813,-0.0001746317852760277,9.895662165052287e-05,0.00022481238486600472,2.062327007199364e-05,0.0002443469868998666,0.00010592507061631337,-8.226713573991382e-05,-1.5532438157149278e-06,-2.486999610254932e-05,4.8283177200355916e-05,6.592076235448887e-05,-9.291026384127946e-05,0.00010838124193297523,-6.519574024947367e-05,-5.0484538753936876e-05,3.578293518952216,-4.3640536857276525e-05,3.608103443987066e-05,0.0003326351692797893,-2.2264332403756093e-05,-7.536802245776048e-05,-0.00024962098246961726,0.0001395585854351891,-0.00023033884785895214,-3.0210512957487935e-05,-0.00010397073072491148,6.918793440779352e-05,-0.00019427426950800194,6.972956151260644e-05,0.00022005427462678466,-0.00016719478076120814,-0.00022375691022673213,-3.252166532358327e-05,0.00012020365884311644,-0.00010439628689135913,-0.00016792967908696798,0.00018888293149247807,0.00019084709579492208,-0.0001922645913610214,9.251257754719987e-05,8.405348054560441e-05,-4.2690756591613477e-05,-1.4823931187373202e-05,0.00011843356638503379,-1.1383052333990156e-05,-0.00015489560400840915,0.00010326006222715904,-3.134648461259138e-05,0.00012566769153882462,-5.5489953552364825e-05,-3.093092108324336e-05,-6.284236860286163e-05,-1.4279621358789194e-05,-0.00011787954841491861,8.337063539747069e-05,-0.0001574618396973218,-5.888678454618115e-05,-4.197701378455555e-05,-0.0002602492511232877,1.982709286001277e-05,-6.574809402663786e-05,9.69907864309569e-06,-3.570511338721776e-05
17,9.188058185268083e-05,-9.453157248637246e-05,0.0004670999527927778,0.00022403511786411366,2.4664222343741745e-05,-0.00026011333397656,-7.245630927650668e-05,-9.451236948305421e-05,6.738021225032328e-05,7.11009619920682e-05,0.0001219937837471725,0.00016992957896186522,1.8655369119507902e-05,0.00032301387157210245,-0.00018894023124353253,0.0005462724704811502,-4.3640536857276525e-05,5.481437636949806,2.373416080169317e-05,0.00040582014179886046,0.00017342072586127322,0.00021649101373764194,-0.00015145870279304648,0.00020256901625516794,1.2186840308091026e-05,-0.000249373865281122,4.284237944100424e-05,-6.007495394214638e-05,0.00010368465291365458,0.00014808954768098342,1.617019818422048e-05,-0.0002718784375799472,-0.00018415482149744975,-5.48709660339546e-05,1.0652830157699082e-05,0.00029013245157717867,0.00023747050452399784,0.0006686437085456473,0.00024026539525496524,-0.00022054461185451514,-8.948316805809641e-05,-0.00018391662044753168,-0.00020158841862902478,7.300574459693238e-05,-0.00015643469710665815,-1.5512249637737768e-05,2.344564062885982e-05,0.00012660807886406632,9.553071968445724e-06,-1.0834067425536078e-05,-3.187053291782991e-05,2.723133035848126e-05,-1.9119085410773707e-05,9.32537527253259e-05,4.2443793461235734e-06,-1.6105379140150924e-05,-1.7919732570979216e-05,0.00011296464283131544,-1.6303019990228812e-05,0.0002970057844458707,-6.700410915592933e-05,-0.00025293437974796475,0.00016155241360526064,0.00013005016721167717
18,-8.775860576362077e-05,0.00010941346501584693,-2.841020481694922e-05,-0.00015281198188187058,-0.00012202673291883181,-8.247300168760862e-05,0.00012297037524437488,-4.411493830928401e-05,1.9443406586160122e-05,7.678830794484216e-05,4.216914405306733e-05,5.003720923388849e-05,0.00013711218233854373,3.9668667407721144e-05,-0.00011146301793468671,0.00013323277427297324,3.608103443987066e-05,2.373416080169317e-05,2.5650469746578533,0.00013162676698257614,0.00024499808819857454,-0.00017816460837721387,-7.279060309842858e-05,-8.534225609401466e-05,-7.164766211366287e-05,1.6829145047793286e-05,-3.8257981204592135e-05,-1.3920075404999763e-05,7.728807911602082e-05,0.00010475547977926056,-5.1061994578627644e-05,-6.393099746798491e-05,0.00014044257039305658,-0.00013290267329492335,3.6915087754196686e-05,-5.4295148580846975e-05,-0.0002024164719129531,-6.3826196384879104e-06,8.322926063077084e-06,-0.00011409533147841138,-8.400921847910552e-05,5.611150189579774e-05,-0.0002443074360326876,-1.7788121438355437e-06,8.763471116309903e-05,1.251872696260508e-05,-0.00012028473085003552,0.0003038281434976771,-0.00013967835679444383,0.00024081332202105526,0.00011446643098969825,-6.875075174126596e-05,0.00019944161142580207,-2.5429345922098065e-05,2.7039632892841548e-05,7.688571320838825e-06,-0.00030686900615978783,3.34911515745396e-05,3.841158215689412e-05,-7.158806643202171e-05,5.92253971571149e-05,-8.442025073965992e-06,-7.220997797078725e-05,1.1080579116651004e-05
19,1.8843644979049836e-05,-0.0007166838797539205,0.0001920023013889557,9.533899149614932e-06,-0.00011183385425207659,2.660085574918611e-05,-9.201566485857082e-05,-0.0002476929031958633,1.4462953533602817e-05,-0.00015362810692912934,-2.0822997054197714e-05,-6.126488343613889e-05,0.0003193819335700853,-0.00016495315997374358,-0.00021949718261935356,-0.0002630450761773383,0.0003326351692797893,0.00040582014179886046,0.00013162676698257614,10.086177033021844,-9.118297271802221e-05,0.00024075746015002174,0.00018666756325647792,-4.448510310532984e-05,0.00012542622889736882,5.16283327728602e-05,-0.000651442109428631,0.00012407514924371867,-0.00021133261241795194,-0.000103256999644744,7.220628590230707e-05,-0.0001230716367848681,-1.1947290168937719e-05,0.00023103478203122954,0.0001633850660593715,-0.0002313252922330629,5.2789172400588894e-05,-0.0005064329521033019,0.00015325839604390018,-5.03951062235846e-05,-8.153254389019488e-05,1.3968600849111956e-05,8.259152454400079e-05,0.00014227178704358733,0.0002223841840028882,2.7253586364468077e-05,-0.00010382746585258071,0.0002925816854507516,-0.0004663472050275835,-0.0003975205772340108,-4.638281023268877e-05,-0.00017230456135161165,-0.00022250109212802816,-9.236647962683424e-05,-0.00017721632405699137,0.00023089283616384737,0.00017104630054658282,-0.00010231562734780283,1.951778110199696e-05,-0.0005682353581057282,0.00010261310953482009,8.382381889725453e-05,-0.000690755575956711,3.290288106157828e-05
20,0.000193067359177374,-0.00013819015388083817,0.0001313100367956851,-5.843601468908476e-05,-0.000551547702165387,-9.421172454571577e-05,0.00022473326532457445,0.0001306563784575112,-3.557041628195421e-06,8.622914667320101e-05,-0.0003231494746834975,1.1726815327080466e-06,-0.00015943331576329453,0.0001570847272351589,7.717515430886516e-05,0.0002927503804429421,-2.2264332403756093e-05,0.00017342072586127322,0.00024499808819857454,-9.118297271802221e-05,6.704444226901126,-0.00018789406645141786,3.6202250986663594e-06,0.00020206770415220546,-5.9915767428858e-05,-0.0005634601646129025,-0.00021462344370126805,5.126577606985698e-05,9.908823915101098e-05,9.151726559421089e-05,6.267926022895023e-05,-0.0001874726650316984,2.822716464231379e-06,-0.00011045294301857429,0.0003314200551357079,-0.0004807435579462755,-0.0001003044528295799,-0.0002682356727281473,2.6793982555420156e-05,5.9948746156214726e-05,-4.671203929805267e-05,3.943994323100207e-05,0.00011454574393978276,-7.090220563044081e-05,-7.213498772702486e-05,7.170216978032048e-05,-6.476608243189972e-05,-0.00020637146971197923,7.231596607170033e-05,-0.00019530780100249082,-9.911485033323454e-05,-7.448515855200566e-05,-0.000268077054455706,-0.00015663292049818435,4.538961762958945e-06,0.0003970960366808546,0.00033608414997973897,0.00012688274124659208,3.896510834671e-05,0.0001138726339225988,1.2968667950363342e-05,-6.0159228299488815e-05,-0.000197941403924875,-7.14902256838505e-05
21,0.0002021898052648708,-0.0006675525797904298,0.000470868494195339,-0.00021705726559513038,0.00014118939323259984,-0.0003222517384299602,0.0001534551425065847,0.00025467682054504756,-1.7721213947144227e-05,-0.00012607103870259127,-0.0005258022046994787,-0.00010528383334448768,4.123065588213871e-05,0.00010237577917505855,0.00017456930504407349,4.264385406285212e-05,-7.536802245776048e-05,0.00021649101373764194,-0.00017816460837721387,0.00024075746015002174,-0.00018789406645141786,19.71789610309912,-0.000517841433132382,7.944132522552937e-05,0.00021899507228484734,-5.825215152234121e-05,-0.00029109514039980154,-8.379028388778991e-05,-0.00044898568809196383,0.00017603458057808478,0.000286599824885999,0.00024649523051353085,0.0002506472276467906,-1.7060157784438517e-06,4.5830782036298296e-07,0.0003374068734675084,0.0005724884870928376,-0.00011507575530710861,-0.00019623798871149902,9.804506468032945e-05,0.0004897313735823155,0.00047126511107862856,0.0001905013283239566,0.0002598956171886153,-0.0005102949170399492,-0.0002246914734356934,-4.5242738940858e-05,0.00037833029450229247,0.00036843914561199303,-0.0004784138785977686,-0.00031254557932308805,-9.127871443514305e-05,0.00043810812843431455,-0.00017822021126669312,-2.0611216108321982e-05,-0.0002772451773057016,0.0006152168414540686,0.00024883669590650506,4.1131885718822785e-05,-0.00021352022254758073,-0.00012384635946290347,0.00026010962644813855,-0.0003865723072284208,0.00013558643773953964
22,0.0003444488499050813,3.155610839094044e-05,7.046463725546816e-05,-9.214677134609759e-05,-0.00010207556575949856,0.000208439186232189,-4.706953820332456e-05,0.00010689126987200107,-1.6153929843085906e-05,-0.00015896127093168504,5.4350473854348304e-05,5.477169721725237e-05,0.0001538095890267239,0.0002466015347734984,0.00010212495655044667,0.00021877761715346196,-0.00024962098246961726,-0.00015145870279304648,-7.279060309842858e-05,0.00018666756325647792,3.6202250986663594e-06,-0.000517841433132382,4.661638796308813,8.836033698953446e-05,8.035095968981509e-05,-4.722818902649082e-05,6.447815596699827e-05,-0.00018533627146943079,-0.00027663030869303667,-9.158116413729877e-05,-2.529992546693365e-06,0.0001514147089199039,-8.538272107206957e-05,-0.0001437903332205021,-6.61341294933671e-05,-0.0005056493564780742,-4.9881835366745815e-05,0.0003558552943764612,-6.756567257379875e-05,-0.00013174566486608822,9.990283592059275e-05,-2.273400712963599e-05,-7.439318892570893e-05,-5.599707467808191e-05,6.391390761325042e-05,4.059799468880778e-05,5.474478499335268e-05,-0.00011191787636614336,-0.0001732161749071893,-6.626545356860728e-05,0.00011808799372121974,-1.358997167807457e-05,0.00021847592442668525,-7.344676706542184e-05,-0.00015077436008516733,9.650809643923715e-05,0.00014191222548244,2.847070282768241e-06,-3.8384015173544865e-05,5.202916507363529e-05,-6.082745330583644e-05,-0.0001299345548772839,-1.8646110537639745e-05,-3.8274813126765566e-05
23,-8.455425992759882e-05,-0.0003660320215285899,0.00010046317489086179,-7.854135853498198e-05,0.000269526636748419,5.641352067016052e-05,0.00010137184949109074,6.422568757757323e-06,-2.4146952928192605e-05,0.0001376893241494276,-5.247544318668388e-05,-0.00013657588121434447,-4.616201502870075e-05,0.00019411874704953927,0.0001457676064426418,1.257485867532687e-05,0.0001395585854351891,0.00020256901625516794,-8.534225609401466e-05,-4.448510310532984e-05,0.00020206770415220546,7.944132522552937e-05,8.836033698953446e-05,3.6638249838862307,-9.81520583608487e-05,-8.640374902905388e-05,8.734815943437409e-05,2.0754934163687833e-05,6.629705156249434e-05,-1.4242517842345878e-05,0.00013015367570383415,-6.76255067729486e-05,-1.9181756836798515e-05,0.0001163343556820592,2.856311640383554e-06,-0.00019676092116885764,-7.192573304723759e-05,-5.682017137412835e-05,0.00011519173809872509,-1.4819654054208095e-05,2.1587603818720215e-05,0.00020585184044937508,8.998949487125142e-05,8.567361666891861e-05,-0.00017698937850156682,-3.477733377605397e-06,-1.83968478310497e-05,7.804290394934753e-05,-0.00026877774466048333,8.550791420090532e-05,0.00013933017633996993,5.496588554363007e-05,-0.00020583254857736594,-9.956776135994147e-05,3.2900878686707134e-06,-0.00012566381868133296,0.00010064480929587365,6.804329163819051e-05,8.559133151671675e-05,-1.3520469865525114e-05,3.2144231169243676e-05,-0.0001445276237879299,9.762114418417674e-05,4.713038199486604e-05
24,0.00017573073629198734,0.00017074538575047606,-0.0003215313659572656,-7.432599978148541e-05,0.00021385258719919194,0.00035613540600711057,-9.897930171078497e-05,8.754010134508237e-05,1.4853081912919993e-06,-7.537664108034283e-06,-1.9555158354234136e-05,-0.0001517723172778913,-2.2975538317769158e-05,3.8860343878707537e-05,9.782198837996736e-05,0.00025891875559840363,-0.00023033884785895214,1.2186840308091026e-05,-7.164766211366287e-05,0.00012542622889736882,-5.9915767428858e-05,0.00021899507228484734,8.035095968981509e-05,-9.81520583608487e-05,3.8656482000569157,-0.000177375437993609,-4.4879688287378395e-05,-4.186284897026586e-05,6.185722020612318e-05,0.00010123959848191582,-3.0303364538663966e-05,7.03833728439428e-05,-3.4310295991566136e-06,0.00014704539390302145,-0.00022234094042034234,0.00013099463499116227,-0.00018969633322098368,2.750373960022668e-05,0.000124463143989193,-0.00013967931366261634,7.976945571152913e-05,-1.7564489710437535e-05,6.438251040414533e-05,-4.810713071556917e-05,-0.00016612637334999713,-0.00012023025943749377,9.400416264476737e-05,7.286608259298539e-05,0.00023958316993807124,-5.5418863745197474e-05,-6.509594617021629e-05,2.8959662854393975e-05,-0.0001278009655654783,-0.00015347221784813795,0.00012761494576959314,-3.281868543631822e-05,0.00022939566430864363,-0.0001021378414006748,-5.589974178777581e-05,-3.8081254620907316e-05,-8.805656191096933e-05,0.0001466300030925509,4.319787977100976e-05,-6.454587443648364e-05
25,4.295764117477268e-06,4.805682903446832e-05,2.632444299331179e-06,-0.0002871400991697206,-6.561997182283257e-05,-0.0001827609913466291,-1.2640322893623253e-06,-5.340467955648807e-05,1.7398835409826662e-05,9.861034757221613e-05,4.26745253666975e-05,-0.0001979361742629348,3.570216611494188e-06,-0.0001480408104504618,1.97354181013553e-05,-0.00014679718316749755,-3.0210512957487935e-05,-0.000249373865281122,1.6829145047793286e-05,5.16283327728602e-05,-0.0005634601646129025,-5.825215152234121e-05,-4.722818902649082e-05,-8.640374902905388e-05,-0.000177375437993609,4.711484541004668,0.00010741380985483992,-1.2654888316526228e-05,3.2955510024960528e-06,-6.118118182608402e-06,-9.432235583529083e-05,-1.7881318870821343e-05,1.4072409905020942e-05,-1.952895132416474e-06,-3.6778812871058976e-05,0.0002922856187811402,0.0005508942719917073,6.40820984496244e-05,-9.646942200240279e-05,0.00010008931626783989,0.0003379025078234792,1.8093911968519183e-05,0.0001327448357386804,0.00017991957118732688,-0.00010317422216338701,2.24991463562183e-05,-0.00019064708587225826,0.00021220464795764817,0.00014594501294166589,0.00012080084916881152,2.2618646240019023e-05,0.00023213574089367807,5.2283795746212596e-05,5.473060943145795e-05,-1.9262743929207017e-05,-5.3705270212871116e-05,-0.00043778372341152894,0.00013397203564177046,4.3384870248432666e-05,-0.00016200778196890365,-5.004725224217345e-05,5.9654579752528064e-05,-0.0002058242012197436,-0.00014475805494369674
26,-0.00012367311613563155,-5.747291074471292e-06,0.00026257593630251927,0.00015405854514166374,-0.000657762922170205,-7.627891075383119e-05,-2.6281231097469303e-06,-0.00014785874958159854,3.656217407067307e-05,5.032639105083416e-05,1.9473031883176486e-05,0.0001904344380957262,0.0001339268582202724,-4.178024624102981e-05,-0.0001292836100552219,-0.00038547676300388695,-0.00010397073072491148,4.284237944100424e-05,-3.8257981204592135e-05,-0.000651442109428631,-0.00021462344370126805,-0.00029109514039980154,6.447815596699827e-05,8.734815943437409e-05,-4.4879688287378395e-05,0.00010741380985483992,3.885938903431632,9.539344974900381e-05,-0.0002429395274080423,6.319823372731848e-05,-0.00016974378559628448,8.267443742427341e-05,0.0001528403161991485,-3.657032139225586e-05,-9.682379521573508e-05,-0.00026001219616659783,0.00018929007382540512,0.00036149509754413985,3.176012678604387e-05,0.00017812222436449233,-6.182896228644528e-06,-0.00024312263562683415,1.9497507211475406e-05,-0.00013827812831723746,9.452733864353746e-05,-0.00028971106110332043,0.00019214316228216934,-0.00013910638974922758,-3.992655870947417e-06,-4.3542111516558524e-05,1.8342910746074598e-06,5.509452207409583e-05,-9.879731987141496e-05,-4.36275645302846e-05,-0.00010397969606924184,0.00015592180588741713,0.00016022642454157317,0.00011969074827916087,0.0001176885588789825,-0.00013354383394566325,8.31502890883308e-06,2.796153660617935e-05,-0.00013220954713597514,9.326501454885201e-05
