,0,1,2,3,4,5,6,7,8,9,10,11,12,13,14,15,16,17,18,19,20,21,22,23,24,25,26,27,28,29,30,31,32,33,34,37,38,39,40,41,42,43,44,45,46,47,48,49,50,52,53,54,55,56,57,58,59,60,61,62,63
0,5.921452202739864,4.711527458782382e-05,7.610106760083889e-05,5.283812199230907e-05,-0.00022292667961646038,-4.644815118382652e-05,7.48434214686166e-05,9.398353782753337e-05,7.529588898759712e-05,0.0002612832664518672,-9.555234366066351e-05,-0.00013908525952397588,-0.0003091467843512515,0.0001771726355633527,0.00019845957276560874,-4.9164285188874895e-05,0.0002841002967976892,0.00019384750618101255,-0.00025977583205070125,9.715350852899998e-05,5.918802492224755e-06,-0.00034652925477479,0.0001830797584281755,-0.00011998324788071947,0.0003125557170092004,5.037738535111423e-06,0.00010367656026262473,-0.00013667458400614654,-7.599460152172366e-05,-1.5005157525876573e-06,0.00015422765972524023,0.00012364856744090063,0.00014699067384792066,-4.721254439141899e-05,6.182363103694063e-05,1.9121785894360408e-05,-3.798494589787905e-05,0.00012742583549480007,8.685225843686827e-05,-0.00016374757388961126,-1.0341186044392913e-06,-0.00018443498134969297,4.4325786344050556e-05,-2.5785865349271324e-06,-0.0001829860086468747,8.260773365643029e-05,-0.0001355418133610739,-6.477719943405818e-05,0.00029316000551491783,3.651241033639858e-05,-3.965544244015875e-05,0.00014403849523775698,-5.12531090880359e-05,0.00010401947760459663,9.512512193045847e-05,-0.0001783972410605845,0.00048645535928834967,-0.00011015002915569932,0.00012327460868201341,3.6412282208824245e-05,8.603959577547685e-05
1,4.711527458782382e-05,6.545135052167065,-7.7711446021111e-05,3.0849764877437485e-05,-0.0002050538889969804,0.0001339605188288071,-4.250693852539878e-05,-9.011580360785658e-06,7.53330128789867e-05,5.5415741170513374e-05,0.0004072470311965492,0.00020253738090828823,-4.4580912429830574e-05,-4.000361213910776e-06,-0.0002325651114586891,-0.0001592088914219256,0.0001672855339947567,-0.0002302947247894838,4.1492709197225945e-05,-0.00019008280815577773,0.0001582901853080023,-0.00042506576182779255,2.8706354307883253e-05,-5.7980544813439165e-05,-9.374960870244542e-05,-0.0003681083434972415,-0.0001352991039302818,0.00011300968019555652,-0.00016538610466781907,-7.422396028329548e-05,-5.1158754099543044e-05,-8.226256776647872e-05,7.573729274742599e-05,-0.00012590305351649995,-5.739259025259649e-05,-0.00018279427640680943,0.00022550465392052332,-0.00013679251326780906,-0.00026209861082196993,0.0001792347102837138,-5.315878335766017e-06,-7.690891029355268e-05,0.00010316216051246641,6.302028886168096e-05,0.00013613421584067288,-0.00013085229531147052,-0.0001479157425402428,6.793414290111736e-05,0.00020676576082164552,-0.00022226691971382215,0.00015958818969570555,-1.2095235733975192e-05,0.00013709662026449348,-0.0002024131240615079,0.0001954506896016729,-0.0001682247437347522,0.0002440625468946263,6.533783875548697e-05,3.317065041149434e-05,-0.00013919339473368562,-0.00024215105976500742
2,7.610106760083889e-05,-7.7711446021111e-05,7.2454454564763004,-5.5662869567911184e-05,0.00021604668634046126,0.00030880123625907495,0.00011569885037643312,9.32058087452996e-05,-9.526144991973979e-05,-1.7043440249342992e-05,-0.0002439646736008223,0.00014865345771805468,-7.715490018801008e-05,-4.1127936905889026e-05,-0.00016041220780347914,0.00018775146422377506,5.601838868283803e-05,-0.00014031097367723854,7.380445574626534e-05,-0.00019849625857990233,-0.00010029542813465341,0.00025672333360719286,-5.597387126339606e-05,0.0002499242588552585,-6.678697908723572e-05,1.44437520490693e-06,-0.000161154916459469,-0.0002972796622135419,0.00023935013729260796,0.00013415515143320338,-0.00022990219907158063,-0.00013641228709523198,-5.342347857675755e-05,-7.994670397077082e-05,0.00016169242140432299,-0.00028380646659123624,-4.201617842499531e-05,8.983144687239285e-06,-5.531906923051835e-05,0.00018878246816729266,0.00032920598819561,4.6746488512635294e-05,-0.00010266078454936057,1.9627450242730035e-06,-0.00012472461694251836,6.348017946089379e-05,-0.0001075220485995332,0.00020136333279119136,3.4828908563331097e-06,0.0004911714257359987,1.6093060710821393e-05,0.0002065517621362614,-6.940025709030538e-05,0.00012140116618301818,-0.00011580898505018817,2.106991331282706e-05,-0.00027882912761973983,3.6269379666702084e-05,-0.00027506744641536706,0.00016886128902679476,1.8107164971926366e-06
3,5.283812199230907e-05,3.0849764877437485e-05,-5.5662869567911184e-05,5.094462580114775,-9.150673379621706e-05,-3.0058484953499137e-05,-1.7343066399250183e-05,-2.283607135637833e-05,3.115443325429797e-05,-8.836918816270457e-05,0.00015278244550247884,-1.3412352374433644e-05,1.4254711915903127e-05,-3.101029844750083e-05,0.00015252913237660665,0.00017436889007072982,0.000315659152570197,4.464281316348411e-05,0.00010574930969548209,0.00017852217681873963,-8.61661073862797e-05,0.0005788654315084304,-4.7802899326028186e-05,-3.8214780798832216e-05,3.5979817987780094e-06,-0.0001677894289504287,-0.0001454003648189261,-0.00013813690885189128,-7.390657880012004e-06,0.00017355913142961282,-1.7226984114519633e-05,0.0002849531429596032,0.00017189489305117887,-3.36364467329395e-05,0.0001304722051099984,0.0003377739043381795,4.2577326986719e-06,-0.00015852651221650994,3.1443484466608375e-05,0.0002094467172763497,0.0003640926806639888,-9.253349259889716e-05,7.219860990786683e-06,-0.00011145928769057148,-3.0139096196630625e-05,3.4734342542072496e-05,2.6051438403718193e-05,-6.103387363896735e-05,-0.00011093389107052346,0.00016228260172613016,-0.0001745386441956902,1.100521687006083e-05,-0.0001307638583261736,0.0001628438229649502,0.00019884816110742737,0.00021189601599726324,-0.00011277225588915051,-4.696536096322256e-05,-9.89932978831278e-05,9.947131444019831e-05,-4.4312238952133794e-05
4,-0.00022292667961646038,-0.0002050538889969804,0.00021604668634046126,-9.150673379621706e-05,9.413359123999621,0.0004745464348083686,-3.3039992016063885e-05,0.00032303442684451035,-6.6079599759658745e-06,0.00010715402860393175,-2.0333549116081615e-05,-1.3525408626683617e-05,3.513788935923595e-05,-0.00013569452288824876,1.6335865530787946e-05,-0.00023453631315235797,0.00025629981031493254,0.0005428781230510973,2.4021794796804508e-05,-0.00011587250388037169,-0.00019566005059459617,0.0004431373753376484,-9.964632739289834e-05,-9.9569495016618e-05,3.8352344561926986e-05,0.00023132298872839818,2.171652067467615e-06,-0.00023558600848489554,-5.244865406115715e-05,3.102654487418284e-05,-3.172584291756009e-05,0.00031173375081117925,0.00025202140378776847,0.0002933462618638623,0.00021398592401093646,-0.00047733652915628744,0.0001777607350969999,0.00020523760190104416,4.952809548692933e-05,-6.4942461084586e-05,8.298476968090743e-05,-8.57292483945867e-05,0.00020869643119417877,-0.00017143477593673168,-0.00025938412965698,0.00011665286530009951,-0.00015234818922079215,-0.00031291733991689065,2.6035504394139093e-05,-0.0001378007023403869,0.0001374275098273874,0.00011982497113270786,4.9125414271819094e-05,-0.0004762032324513882,6.367526011309758e-05,0.0001692346453340615,-0.0001670739431413972,-5.643133278107494e-05,-5.34383333703835e-05,0.00024066656995839163,-7.0473012868113806e-06
5,-4.644815118382652e-05,0.0001339605188288071,0.00030880123625907495,-3.0058484953499137e-05,0.0004745464348083686,5.973345138333252,0.0002220516394401849,-0.00030271204115374974,4.547317593455217e-05,1.4389249019415476e-05,0.0002245042236893347,6.575694108082759e-05,-5.8820055486920174e-06,-0.0002290307799266398,1.885039599998718e-05,0.0004231721881099071,-3.7829853715413446e-05,7.784104018038681e-05,0.00010470953578316655,0.00020948854299373285,2.6895998885966152e-05,0.00016906970883871658,-0.0001820263513282485,-4.888608507627434e-05,-0.00036515744699113666,0.00012962260538641542,1.144632177571474e-05,-6.23294939009063e-05,2.8497360136712046e-05,0.0001553277176038517,4.290611097626617e-05,0.0001752234507543009,-0.00033702247763303786,0.0002089526896870103,-7.031222099333836e-05,0.00041362996723730023,-0.0004630517223672771,-4.347737049697099e-05,4.454145964033992e-06,4.819886963718487e-05,0.0004961923052781345,-8.669695225586983e-05,4.8553831688074015e-05,5.732520477224679e-05,-3.9594144417841e-05,-6.889256421137469e-05,0.00012798536831980603,6.233660983007955e-05,4.839140763850791e-05,8.782323989186892e-05,0.0001432735857674708,0.0001404580519302971,-0.00013396136389377063,0.0003214849633331024,0.00022515720960582608,-0.00011546005264212657,-0.000134048794882935,3.9465182945876624e-05,2.4554211644201126e-05,4.747273799814794e-05,-2.774040639116939e-05
6,7.48434214686166e-05,-4.250693852539878e-05,0.00011569885037643312,-1.7343066399250183e-05,-3.3039992016063885e-05,0.0002220516394401849,3.2789651937842432,0.00013872278324719736,-4.212051746115882e-05,-5.285432037092371e-05,0.00013517447213343267,7.680356053839546e-05,0.00017848230999357908,5.211040586815282e-05,-5.465111760222885e-05,2.233420134014398e-05,2.444321803368882e-05,0.0003345306455106887,-1.9871456122388523e-05,4.594145738757406e-05,1.38134946338055e-05,0.0002837925602380507,-0.00012235498797977498,-1.9283632830373676e-05,-5.173887182235211e-05,-0.00011810040478448602,-5.372117885701416e-05,-7.408565275737546e-05,0.00027817780629081824,-1.8466301926696968e-05,-3.46962907108332e-05,-8.705149461359584e-05,3.550636115695135e-06,1.843656688232294e-05,-0.00013123168275176492,0.00012824717669789032,-0.0005038084535379893,-1.4981971931669557e-05,3.666285845347116e-05,0.0001447916872839372,0.0001618487583581773,-0.00016809655587096003,4.536889770922405e-05,1.5430761224571678e-05,2.588935235846877e-05,0.00016016900339793446,1.6098339322444492e-05,-0.00010859220155204406,3.7635802046298355e-05,5.645103091772337e-05,8.821851757470139e-05,-4.0417934476140616e-05,5.546524246159842e-06,0.00021907554165351498,0.00013933065357721092,0.0001332861865584986,0.00014308190463941934,4.42372456063866e-06,-8.340092661476863e-05,-1.9923403708895973e-05,-8.136285998852898e-05
7,9.398353782753337e-05,-9.011580360785658e-06,9.32058087452996e-05,-2.283607135637833e-05,0.00032303442684451035,-0.00030271204115374974,0.00013872278324719736,3.97426267645655,5.0293333735425886e-05,7.229102575049264e-05,9.313766165775928e-05,-8.280181035680357e-05,8.31501886024182e-06,-3.778100609511494e-05,3.2982173853026915e-05,0.00034189847944773367,6.976692420663393e-05,-8.945140087996698e-05,-0.00016328212390211125,7.072523815331799e-05,3.0030909824414293e-05,0.00013426448650580893,0.0001563127094227853,4.7887184129752065e-05,7.28369309059099e-05,-0.00011343856666976773,8.922026651337043e-05,4.363667454825326e-05,0.00011300566826514128,-3.417094218986435e-05,3.4562025355158645e-05,-6.228308562600145e-05,0.00012245268503606005,6.997595938951348e-05,0.00011333646384107208,1.4764396579011251e-05,-9.903230683394348e-05,-0.00013281395550653416,0.00024877378632186237,2.566635420211853e-05,-4.3742221146034694e-05,0.0001295842802298874,0.00025112440529232897,-7.812148636204671e-05,0.00016709968048355184,-8.33245524963601e-05,3.199116773018936e-05,-3.6041331923824326e-05,0.00018365521000973225,4.753668290688024e-05,8.309751309660165e-05,0.00018760970661424535,0.00015318928527133078,0.00032185091515632956,3.824303626247729e-05,-2.687819752259186e-05,-0.00034978524719171157,-4.105769955532812e-05,0.00021741233103028223,-0.0002627075124400168,-1.8738955733833572e-05
8,7.529588898759712e-05,7.53330128789867e-05,-9.526144991973979e-05,3.115443325429797e-05,-6.6079599759658745e-06,4.547317593455217e-05,-4.212051746115882e-05,5.0293333735425886e-05,0.35647976915216883,3.772923055946323e-05,-7.159754074124049e-06,-3.0486944713230583e-05,-5.477752458193258e-06,-1.6540199991880865e-05,-9.95458471138848e-05,-4.3808830619788165e-05,7.125825654924838e-06,-6.903855274724289e-06,-5.4026106877646985e-05,5.686973014326115e-05,-5.503712067301599e-06,-6.124517790888812e-05,4.518712683735049e-05,8.415546629050445e-06,4.2913159019952534e-05,5.980662835699679e-05,5.3871467337032144e-05,-3.701551574178566e-05,0.00010911511170061631,-1.3391478837309166e-06,-6.83204822260145e-06,1.4731362898870512e-05,2.629905765299339e-05,2.6647996406310756e-05,1.7945373415718907e-05,-0.00016432315450895713,6.566540832101322e-05,5.073592894916951e-05,1.2360310555969325e-05,-1.949736883405905e-05,-0.0001312746796504962,3.440444211297255e-05,5.5885968647366023e-05,3.1080081242177435e-05,8.060060641753088e-06,-1.5704336648424907e-06,-1.1607077361575014e-05,-3.441637114080194e-05,1.1693649441989256e-05,-2.5796547258165855e-05,1.3721393042248243e-05,6.839658597482361e-06,5.841739399766058e-05,2.4181928862070545e-06,-1.3563932809182824e-05,-1.0991547740159517e-05,-6.304183664119206e-05,1.0796286767036281e-05,7.367550937040197e-05,-1.9717012357395625e-05,1.19559383523328e-05
9,0.0002612832664518672,5.5415741170513374e-05,-1.7043440249342992e-05,-8.836918816270457e-05,0.00010715402860393175,1.4389249019415476e-05,-5.285432037092371e-05,7.229102575049264e-05,3.772923055946323e-05,2.7449892050786775,8.261829427471476e-06,8.352400171133769e-05,6.941574309826583e-05,-6.907040124035736e-05,0.00035413110426018435,-8.488494993637869e-05,-8.600206586903296e-06,-7.424068173941192e-05,-7.886789211693548e-05,-0.00011953838339022813,0.0001725227240609193,-3.430193897201856e-05,-0.00020997981891169242,5.43074117822335e-05,-8.121492584196574e-05,-0.00015082076491092878,7.551011576530641e-05,3.4959181206773784e-05,-0.00013989365161238407,-6.694105978915574e-05,7.094739075949549e-05,4.101987183212097e-05,1.454510600013737e-06,0.00010863244608216593,-6.215457194773193e-06,0.00039128260251049143,-1.789380220791123e-05,5.340471200330172e-05,-2.6454239276817785e-05,9.112059477910815e-06,-1.502149827060289e-06,6.232848499880726e-05,2.7449996080173297e-05,7.983589141560316e-06,-3.384096459406877e-05,8.163753719571085e-05,-8.617541248565485e-06,-0.0002639336931734504,4.705378303683901e-05,0.0001849849051722652,-3.835553124860266e-05,-0.00011910181004793836,2.2492655052340546e-06,-0.0002594321850776086,-9.950628063962676e-05,4.1178726813238776e-05,-4.605337401853983e-06,-5.438215570179836e-06,0.00011287134784454041,3.445887057907503e-05,5.2058801538061864e-05
10,-9.555234366066351e-05,0.0004072470311965492,-0.0002439646736008223,0.00015278244550247884,-2.0333549116081615e-05,0.0002245042236893347,0.00013517447213343267,9.313766165775928e-05,-7.159754074124049e-06,8.261829427471476e-06,4.00713903283644,0.0001028357223304588,3.473682339269164e-06,7.473612296574225e-05,-3.6383557797996696e-05,0.0001299080276899781,-3.6119224679027686e-05,2.5094697812603552e-05,-0.00010532622768941024,-0.00020431762127839708,0.00013086693841512893,-0.0003503683370990781,1.4964120782085291e-05,0.00016157070392919525,0.00018759721704579885,-0.00011575861265907832,-1.408919546377069e-05,7.579903080784954e-05,3.395927925512516e-05,5.142861125138716e-06,-5.3652895270796686e-05,1.91643996435355e-05,7.056934629559219e-05,-0.00011301682026114929,-8.0717364512449e-05,-9.046734414328551e-05,-1.107531707650561e-05,0.00011059121768565033,8.406597765211465e-05,-0.0001751144839893419,0.00011492824493438916,-9.257391443776549e-06,-0.00017787062901156335,0.00012203971530870013,-5.516466065640989e-07,0.00013960521596434412,-0.0001834204264101474,0.0001454978072929167,-0.0001254237172574796,-1.6028335376473747e-05,-0.0001199412482205258,-4.268261532810873e-05,-7.421453728048677e-05,-3.293239766812671e-05,8.748561806395079e-05,-2.672655422516711e-05,-0.00032922212007790834,-3.379047223376601e-05,-7.605956936998322e-05,-0.000102505652418594,-7.63443164736741e-05
11,-0.00013908525952397588,0.00020253738090828823,0.00014865345771805468,-1.3412352374433644e-05,-1.3525408626683617e-05,6.575694108082759e-05,7.680356053839546e-05,-8.280181035680357e-05,-3.0486944713230583e-05,8.352400171133769e-05,0.0001028357223304588,2.9533269252616448,-9.095068049410845e-05,-0.00011216922737113343,1.532343977959513e-05,0.00021658518224515507,1.0385202274496778e-07,0.00011679263310926752,-9.568973487231105e-05,8.421936196235321e-05,-0.00017848326915831343,1.8614261252592644e-05,3.20539042451219e-05,7.271924242720423e-05,-8.008791880478045e-05,4.660639904496394e-05,6.006397645895376e-05,0.00010731425334319905,9.584369805598985e-05,-5.666313973325222e-05,0.00010809667142691144,-4.24279633585593e-05,-1.366314625707747e-05,0.00010100154418828276,-7.928932686045871e-05,0.0003445128885077186,-0.00013242202537956912,-6.456436108218078e-05,-7.792983489037955e-05,-7.067764211906979e-05,9.816348038157661e-05,1.61350894153253e-05,0.0001522574941289065,-1.2094142438994515e-05,6.859360897658964e-05,2.8551221873498135e-05,-0.00011085639105359784,-4.7854651090541324e-05,-7.403881012176677e-05,-6.76493855890595e-05,-5.285437852293187e-05,0.00019292762096822843,-6.512218432966959e-05,0.0001713393169260632,-0.0001246991732807049,0.00014343117844136584,-0.00010523818155990845,-7.353998570565313e-05,-7.729757700574772e-06,-6.604441106947633e-05,4.134562379374771e-05
12,-0.0003091467843512515,-4.4580912429830574e-05,-7.715490018801008e-05,1.4254711915903127e-05,3.513788935923595e-05,-5.8820055486920174e-06,0.00017848230999357908,8.31501886024182e-06,-5.477752458193258e-06,6.941574309826583e-05,3.473682339269164e-06,-9.095068049410845e-05,2.946443043075173,8.839540222578191e-05,1.0159350527347603e-05,0.00015831931535663835,-4.9728149247978026e-05,0.0001520591947452035,5.071261541105308e-05,2.752754018439665e-05,-1.0352442220247138e-05,-2.737727840670428e-05,5.196372445897506e-05,-7.86685123258555e-06,-2.9252959442581637e-05,-0.00017757692567159158,0.00018763426423920173,9.837159882464436e-05,-4.7136198281381625e-06,0.0001229497069755298,-0.0003515921382836575,1.2908128385492296e-05,0.00014387442335875268,5.264568018265483e-05,0.00011150769603018098,-0.00019997766438695577,-0.00011615645371446229,-4.15285460079333e-05,-6.356142061946161e-05,-9.863590553756548e-06,-3.90013798215332e-06,5.090788781732773e-06,-0.00025470311581778576,-7.519971264361909e-06,-0.00013567946024160745,1.411004274320663e-05,-4.5685429564298324e-05,-0.0003103192005739003,0.00013748404568377377,0.00012285403752741869,0.00013495949168693323,-9.814962084991947e-05,-2.6579935698627786e-05,-0.00010796963185877705,-8.19964437748267e-05,-4.090511135497905e-05,-0.0002974392331752773,2.0786961450318046e-05,6.51326342293615e-05,-0.00011731236606990585,-8.570846637450617e-05
13,0.0001771726355633527,-4.000361213910776e-06,-4.1127936905889026e-05,-3.101029844750083e-05,-0.00013569452288824876,-0.0002290307799266398,5.211040586815282e-05,-3.778100609511494e-05,-1.6540199991880865e-05,-6.907040124035736e-05,7.473612296574225e-05,-0.00011216922737113343,8.839540222578191e-05,4.5180353925239345,-7.769327016195484e-05,-0.0002127604448370707,1.261994216128819e-05,-0.00025406320417006536,0.0001167830822779761,6.459457003612206e-05,1.1869510179479437e-05,0.0003037010946736754,-0.0001052437399295943,0.000123490890448705,-0.0002805300289841216,-0.00022575620552971504,6.795002849884106e-06,5.461875328084212e-06,-0.00013268129796509468,1.217570561730704e-05,-0.000181338782260049,3.7131020970050736e-05,0.00016264444993242352,3.0362366589099522e-05,-9.198004783863312e-06,-0.00029716243893311654,9.61870184318541e-05,-0.0002294072654712724,-1.077930341139157e-05,6.988381159886738e-05,-0.00010907831392727994,0.00022343931576464677,-0.00046795195488222503,-5.3012376525394454e-05,9.3046438349916e-05,0.00021883391833111125,-2.9996428408658865e-05,-0.00016861070259312528,-1.4814434589775758e-05,0.000313947036912774,-2.4273751236827526e-05,-0.0001850642618330556,-0.00019355764269087737,-5.959970752755101e-06,-0.00012105376625598403,-5.2942389650731456e-05,6.767937180450552e-05,2.29230066515887e-06,-0.00019210637446040755,-3.152213079492612e-05,-5.300603464873476e-05
14,0.00019845957276560874,-0.0002325651114586891,-0.00016041220780347914,0.00015252913237660665,1.6335865530787946e-05,1.885039599998718e-05,-5.465111760222885e-05,3.2982173853026915e-05,-9.95458471138848e-05,0.00035413110426018435,-3.6383557797996696e-05,1.532343977959513e-05,1.0159350527347603e-05,-7.769327016195484e-05,4.944433345931563,-0.00017384352495333148,-0.00014180962924967026,0.00036249662477949536,0.00010391633209985677,-0.0003980848691318913,-0.0003259329612950673,-3.91911946855263e-05,-0.00010906833477068428,-7.835414573351526e-05,1.9312311208791245e-05,4.767831804487379e-05,-5.727494247590321e-05,0.00019798784403947498,0.0001283605512095394,-5.185563518477299e-05,-0.00012452587050003797,-9.207391773348634e-05,-1.9604726575375142e-05,0.00022818235984442445,-8.942759801201778e-07,0.0004772429871968377,-0.00012788976284207576,0.00020985777141618566,-0.00023078852734692004,5.0727266982799615e-05,-2.571085760264584e-06,-3.0528242345715595e-05,-8.263175209345655e-05,-0.00010144067767673517,-7.180690470413158e-05,9.538829129075558e-05,5.3433117289349384e-05,3.6035653222102165e-05,0.00017683214398302307,9.83598610755456e-06,7.016131987921138e-06,-0.00012745100232698734,-6.61932205654416e-06,-0.0001574240394678876,-7.24113932590242e-05,-0.0001503620263994469,4.074004848669676e-05,-9.794794745419919e-05,-0.00012100486163249037,-1.5451604985551356e-05,0.00012987720887398243
15,-4.9164285188874895e-05,-0.0001592088914219256,0.00018775146422377506,0.00017436889007072982,-0.00023453631315235797,0.0004231721881099071,2.233420134014398e-05,0.00034189847944773367,-4.3808830619788165e-05,-8.488494993637869e-05,0.0001299080276899781,0.00021658518224515507,0.00015831931535663835,-0.0002127604448370707,-0.00017384352495333148,5.8073037285447064,-3.9397415594503726e-05,0.00035548677631687837,0.00012595893879594933,-0.0004207248102997901,-1.8501166490730996e-05,0.00019274864437825932,-0.00011364191913260778,-0.00025717000321949334,-7.653286820470144e-05,-4.766998768375326e-05,-0.00019894600254723643,-2.4293929006395635e-05,-0.00026372446713439113,6.690628065758224e-05,-7.541011253603152e-05,0.00010454858944599613,1.8939791900484785e-05,2.1904882304780776e-05,-0.0001406300181837361,-0.0004948110418283915,5.1003993040802765e-05,-0.00012515512963780966,-0.00014242842212385922,-1.0445289573057153e-05,7.824806675528171e-05,-0.00010351178981304249,0.0002638921770791121,-4.306135234961627e-05,0.00015138666257702126,0.00043218029236082527,1.058575549454227e-05,0.0002936477042770146,-6.33543410716567e-05,-5.675055508378409e-05,1.1954890139813097e-05,-8.578524339769054e-06,-0.0003347245120139818,-2.8911469816642436e-05,-3.8694699531962344e-05,2.902000459225957e-06,-5.944192302913847e-05,-3.6117831164200515e-05,0.0001958275093550637,4.243827644683292e-05,-3.238764937640847e-05
16,0.0002841002967976892,0.0001672855339947567,5.601838868283803e-05,0.000315659152570197,0.00025629981031493254,-3.7829853715413446e-05,2.444321803368882e-05,6.976692420663393e-05,7.125825654924838e-06,-8.600206586903296e-06,-3.6119224679027686e-05,1.0385202274496778e-07,-4.9728149247978026e-05,1.261994216128819e-05,-0.00014180962924967026,-3.9397415594503726e-05,3.6813936269357748,-6.38114048218172e-05,8.796456742162123e-05,-4.0204689222692485e-05,6.742686679244957e-05,-0.0005025653973165707,3.1025175523923034e-06,0.00017958532125383507,5.167533390956477e-05,-0.0002427375595207551,4.52296457315409e-05,0.00011367730512959064,-9.682369559668825e-06,-4.780820051052016e-06,-3.27365811080533e-05,1.2009820615045505e-05,-4.7729654573017354e-05,-2.5337981502711352e-05,-0.00017682493349236662,-9.189306537440487e-05,2.454930945257687e-05,-0.00011896472741947998,-1.3213662396145656e-05,3.185870358599325e-05,-2.169250972412963e-06,2.9039215815274303e-05,-3.572616839487316e-05,-4.5540632576354275e-05,2.9330839519345648e-05,0.00018939323762660827,3.99410156159586e-05,-0.00012124207992398331,-0.00033133964639081484,1.8529218678444664e-05,8.175770992728151e-05,-2.150552790685491e-05,-8.81862536446028e-05,0.00014166376033434555,-0.0001717132204734143,6.529910132726606e-05,0.0003454360876375943,-0.00015259725009048148,5.317193674506333e-05,-0.00015107016362545517,3.1798294870046095e-06
17,0.00019384750618101255,-0.0002302947247894838,-0.00014031097367723854,4.464281316348411e-05,0.0005428781230510973,7.784104018038681e-05,0.0003345306455106887,-8.945140087996698e-05,-6.903855274724289e-06,-7.424068173941192e-05,2.5094697812603552e-05,0.00011679263310926752,0.0001520591947452035,-0.00025406320417006536,0.00036249662477949536,0.00035548677631687837,-6.38114048218172e-05,5.3628259663500355,0.0001113601665687218,0.00017264803585556138,-7.099661016220425e-05,5.894122788562508e-05,-7.219022562983044e-05,4.812788389487787e-06,-2.2446678328916225e-05,-0.00014104311556507163,7.312867682453681e-06,-5.2463723154109256e-05,0.0002746240573635175,0.0002217855099188522,0.00019250815171188829,3.85817200409491e-05,-0.00014066291308943694,-0.0001247883982283851,-0.00016034800972500093,0.0003362498800616003,-0.00024960855425753593,-0.00033374535298124686,-0.00011822847006310706,-8.590766863123975e-05,-1.2506040762428934e-06,6.632036580749118e-05,8.515651282983132e-05,-2.278832263702625e-05,0.00018930715221585824,-7.981821525321394e-05,6.363755386653254e-05,0.0001965809379666935,4.992082059948971e-06,-0.0003270632527017101,5.250599451356319e-05,5.2968801811884817e-05,-0.00022134958178348927,0.00016084166285391987,-0.00018043706934654227,2.6939936771802382e-06,-5.139989512714823e-05,3.6793612601905196e-05,-5.311977426023897e-05,-1.0590388374727394e-05,7.025321790370145e-05
18,-0.00025977583205070125,4.1492709197225945e-05,7.380445574626534e-05,0.00010574930969548209,2.4021794796804508e-05,0.00010470953578316655,-1.9871456122388523e-05,-0.00016328212390211125,-5.4026106877646985e-05,-7.886789211693548e-05,-0.00010532622768941024,-9.568973487231105e-05,5.071261541105308e-05,0.0001167830822779761,0.00010391633209985677,0.00012595893879594933,8.796456742162123e-05,0.0001113601665687218,2.685170958126372,-0.00022512573117925385,5.897873221086027e-05,-3.817328549319705e-05,1.8812332510574314e-05,2.2297590521207144e-06,2.2180865107553815e-05,-0.00012508746842726038,0.0001464470051065117,-7.44304534994978e-05,-0.00010148957365098662,-2.518789742679096e-05,7.882325273384123e-05,-0.00014798249938526064,-2.648791824054231e-05,9.622177469987082e-05,3.8102984424845604e-05,0.0002748018373678098,0.00017508503242154218,-0.00010882268382311347,-9.095859960938883e-05,0.00010410836343317743,-0.00019612646114177578,2.672846137329187e-05,-8.277513209370973e-05,-0.00011374474057912647,-1.7297396629946596e-05,-2.735878497237435e-05,2.5193290192381715e-05,-5.556570176987458e-05,-3.538490718916497e-06,-0.00021310807476672164,1.9720235957541948e-05,1.877921644749844e-05,1.2399106934980669e-05,0.00010048076983698253,1.7711434531287072e-05,-0.0001837994590562589,-0.0002880711286121598,-2.9336953781116832e-05,-1.564330528579414e-05,-0.00018936422797237944,3.8104000321703956e-06
19,9.715350852899998e-05,-0.00019008280815577773,-0.00019849625857990233,0.00017852217681873963,-0.00011587250388037169,0.00020948854299373285,4.594145738757406e-05,7.072523815331799e-05,5.686973014326115e-05,-0.00011953838339022813,-0.00020431762127839708,8.421936196235321e-05,2.752754018439665e-05,6.459457003612206e-05,-0.0003980848691318913,-0.0004207248102997901,-4.0204689222692485e-05,0.00017264803585556138,-0.00022512573117925385,9.558022634166372,-0.0003006116651039829,-0.00040654725423351304,0.0001108564112111867,-0.00019841648862225486,0.00024946567184847414,-0.0001847229462034706,0.00010775345539977117,0.0001474324973540363,-7.014774252709793e-05,-0.00026490432364613924,-0.0002954459053527113,-1.5721759925061765e-05,-4.7821891202773615e-05,-1.4624417937251727e-05,-0.0002690326297783711,0.00016898779802759895,0.00021606783872211988,0.0003665033299268003,-0.00030118876778509394,-0.00011343568033888824,0.00010004864715347216,-0.00018360278046798936,-1.2842653236233414e-05,-0.00011609709735143561,0.00011114672342579065,-9.539518418469441e-05,7.387768243727596e-05,-0.00010504350296840495,-0.0003152583653346818,-8.573655212667505e-05,-7.301126555539508e-05,0.0002850033813472457,-0.00012550043232495853,-5.98686300764644e-05,-0.00012314616823974557,0.00018957460398152622,-0.00033587125757712007,2.878680631614434e-05,1.5315874048679582e-05,6.436166114914646e-05,-0.00017700176478162037
20,5.918802492224755e-06,0.0001582901853080023,-0.00010029542813465341,-8.61661073862797e-05,-0.00019566005059459617,2.6895998885966152e-05,1.38134946338055e-05,3.0030909824414293e-05,-5.503712067301599e-06,0.0001725227240609193,0.00013086693841512893,-0.00017848326915831343,-1.0352442220247138e-05,1.1869510179479437e-05,-0.0003259329612950673,-1.8501166490730996e-05,6.742686679244957e-05,-7.099661016220425e-05,5.897873221086027e-05,-0.0003006116651039829,6.272969737530808,0.00024974227251682633,9.543378569841667e-05,-1.4293171016807319e-05,0.00021150367194234216,-0.00014432425632775634,-6.389270406758305e-05,-4.610435536896608e-05,0.0002133881041452866,0.00022676729995566052,-4.20018478820997e-05,0.0002988173974324024,0.00022224397092003416,-1.3172517631405379e-05,-5.004360907023059e-05,0.0005145218554550194,-4.003126493359919e-05,-0.00022795217517253646,0.00013343524676843742,-1.885248193588131e-05,0.00013745152013011313,-6.305313624367302e-05,-8.825465248699268e-05,-0.0001238853889748863,0.00013303066596028376,-0.00012821323226380323,9.265751467187188e-05,-0.00015416476754142127,-0.00022500313923728483,-6.186931127006762e-05,-0.00014179469729422338,-0.00012054202076040862,-1.0085102557646607e-05,3.02778025589675e-05,0.0002762958615088868,0.00011436589443813489,-0.0003195025135148338,8.040490032612444e-05,-0.0002407415828899072,0.00026357583126834176,-0.00017511401480664815
21,-0.00034652925477479,-0.00042506576182779255,0.00025672333360719286,0.0005788654315084304,0.0004431373753376484,0.00016906970883871658,0.0002837925602380507,0.00013426448650580893,-6.124517790888812e-05,-3.430193897201856e-05,-0.0003503683370990781,1.8614261252592644e-05,-2.737727840670428e-05,0.0003037010946736754,-3.91911946855263e-05,0.00019274864437825932,-0.0005025653973165707,5.894122788562508e-05,-3.817328549319705e-05,-0.00040654725423351304,0.00024974227251682633,19.012650134011597,0.00021230585591798333,0.00015309030510638733,0.00012237258647003555,0.00016059891539655697,-0.00023633403611814956,0.00011152929482065844,-3.739316494758039e-05,8.785632843695402e-05,0.00045253880879552187,-0.00020816790820318403,-0.0003187087043045981,0.00013814627851174268,0.00031761996793550117,-0.00017243472873159824,1.558160423170874e-05,-0.00015060030916778965,-0.00012301785838448288,-0.00034534053462122736,0.0006409369865627471,-0.0003892710126842993,-0.00048111116184073124,-0.0004095471241958747,-0.000236393918425196,-4.469682931662364e-05,-0.00020376751160719665,-0.0002844116248311488,-0.0003191548626505114,0.0005567290460971683,-5.9309701573014247e-05,0.00036801992626417335,-0.00015002760451441002,0.0005048497813975833,-0.00012725737027216824,2.25102560147235e-05,0.0005822736406379245,0.00013567917883693743,0.00017986365483300254,0.0002931141385829339,5.36350036112831e-05
22,0.0001830797584281755,2.8706354307883253e-05,-5.597387126339606e-05,-4.7802899326028186e-05,-9.964632739289834e-05,-0.0001820263513282485,-0.00012235498797977498,0.0001563127094227853,4.518712683735049e-05,-0.00020997981891169242,1.4964120782085291e-05,3.20539042451219e-05,5.196372445897506e-05,-0.0001052437399295943,-0.00010906833477068428,-0.00011364191913260778,3.1025175523923034e-06,-7.219022562983044e-05,1.8812332510574314e-05,0.0001108564112111867,9.543378569841667e-05,0.00021230585591798333,4.567143596436841,-0.00013902454147520226,-1.3009103167945038e-05,0.00020526376411862345,-0.00031733491170743216,8.995186499150984e-05,3.095164501611387e-05,-2.4542081489181996e-05,-0.0001401832164755335,3.1452060665085914e-05,2.166124860944795e-05,6.103467049765162e-05,-0.00010511119118854605,-0.00014323756882585667,-1.6134383998311296e-05,-0.00020501696091182025,0.00017043482291445586,0.00016376478593676418,-7.628972470766393e-05,0.00024810641127973054,0.00040109808014839927,2.5525151312108244e-06,-4.402074792777119e-05,3.180694227937269e-05,0.00012883805844722616,-0.0002774811450318107,9.327402178401706e-05,-4.1334113045693846e-05,0.00013863175885532963,3.126551673378903e-05,0.00026899427899828085,0.00017991595098465138,0.00010168301535777343,-0.00011597927073818539,0.00017806369219253664,-3.949487776449407e-06,-2.4527606910217802e-05,-7.294541558427697e-06,0.00019535473098044137
23,-0.00011998324788071947,-5.7980544813439165e-05,0.0002499242588552585,-3.8214780798832216e-05,-9.9569495016618e-05,-4.888608507627434e-05,-1.9283632830373676e-05,4.7887184129752065e-05,8.415546629050445e-06,5.43074117822335e-05,0.00016157070392919525,7.271924242720423e-05,-7.86685123258555e-06,0.000123490890448705,-7.835414573351526e-05,-0.00025717000321949334,0.00017958532125383507,4.812788389487787e-06,2.2297590521207144e-06,-0.00019841648862225486,-1.4293171016807319e-05,0.00015309030510638733,-0.00013902454147520226,3.7280229854696447,7.586603809914487e-05,-0.00010182215022654418,-0.00023344288031256692,1.7861780587444126e-05,-7.842328136528818e-05,-9.064847225063254e-05,-1.708820837274245e-06,0.00018981948097464117,3.761131754003354e-05,-1.676971507366752e-05,-0.00013396923103991987,0.00018164421140664483,0.00012042080815858006,0.0001499023363193403,0.00010634908419255649,-0.0001273170110840344,0.0001679184544301949,-0.00012964100768617995,7.059292939237247e-06,-0.00014961222402085303,2.922687342539256e-05,-5.919008790928289e-05,-8.995988496428417e-05,-0.00012394562221227284,0.00010359690374784552,-0.00018284478480897693,9.352297526149509e-05,-0.0001618334369314063,-4.870999633686947e-05,-0.00012597118940367217,0.0003165549105829035,0.0001735683681511393,0.00017848505768810468,3.8179336108790134e-05,0.00011219797264546425,-0.00011795909000310481,6.22440740137974e-05
24,0.0003125557170092004,-9.374960870244542e-05,-6.678697908723572e-05,3.5979817987780094e-06,3.8352344561926986e-05,-0.00036515744699113666,-5.173887182235211e-05,7.28369309059099e-05,4.2913159019952534e-05,-8.121492584196574e-05,0.00018759721704579885,-8.008791880478045e-05,-2.9252959442581637e-05,-0.0002805300289841216,1.9312311208791245e-05,-7.653286820470144e-05,5.167533390956477e-05,-2.2446678328916225e-05,2.2180865107553815e-05,0.00024946567184847414,0.00021150367194234216,0.00012237258647003555,-1.3009103167945038e-05,7.586603809914487e-05,3.920807964898889,7.37475217283706e-05,0.00017826517789507455,-3.903486014686104e-05,4.170033440768649e-05,0.00013865660772654118,-2.1130456942314084e-05,0.00011906600306971789,-0.00017054266944955382,-0.00010243628428779749,0.00011479987912958602,-0.0001556096715919942,-0.0001008769195384655,-0.00018270645929852747,0.00015937446852889962,0.0002707253687037818,0.00035575134914312296,-2.1428086735767327e-05,-0.0002579356374985732,-0.0001859628949707343,-3.024343746362883e-05,-1.1131332259069285e-05,6.942217566536546e-06,-3.738219587500268e-05,0.00013363115447553034,1.3683872464050266e-05,-8.330683006809217e-05,-1.2695943592199752e-05,5.0213057358077376e-05,0.00037453249228694104,-6.295108622369073e-05,3.817464014958347e-05,2.222686840256425e-05,1.8280816892400215e-05,5.827365068181015e-05,0.00015859978341906962,-9.537795473382656e-05
25,5.037738535111423e-06,-0.0003681083434972415,1.44437520490693e-06,-0.0001677894289504287,0.00023132298872839818,0.00012962260538641542,-0.00011810040478448602,-0.00011343856666976773,5.980662835699679e-05,-0.00015082076491092878,-0.00011575861265907832,4.660639904496394e-05,-0.00017757692567159158,-0.00022575620552971504,4.767831804487379e-05,-4.766998768375326e-05,-0.0002427375595207551,-0.00014104311556507163,-0.00012508746842726038,-0.0001847229462034706,-0.00014432425632775634,0.00016059891539655697,0.00020526376411862345,-0.00010182215022654418,7.37475217283706e-05,4.497606283842972,-2.213347096101288e-05,8.238837658615135e-06,0.0003266332583172783,1.550758410375137e-05,0.0001733303272796624,-0.00022611642291739016,-4.428687040513259e-05,-0.0002208515334257188,-4.6395388214608564e-05,-7.308293400061797e-05,-0.00019322245089584974,0.00029463750401796565,-4.055956293575637e-05,-8.676633193971327e-05,-4.982359543499507e-05,-0.00012205116604718035,9.277593947826906e-05,7.797702335213306e-05,-6.685459053244977e-05,-3.2560358282501425e-05,0.0001977526159076423,-0.00022284346698636735,5.632266794769246e-05,0.0002573318430184113,-6.85395328623296e-05,-0.00010469663255137478,0.00019580788701309868,-9.669644455296636e-05,-3.2372717445371966e-05,-1.987744586275618e-05,-6.603651954653874e-05,4.247555399723045e-06,-2.891162005066798e-05,-0.00014780745248743656,-8.576062279039692e-05
26,0.00010367656026262473,-0.0001352991039302818,-0.000161154916459469,-0.0001454003648189261,2.171652067467615e-06,1.144632177571474e-05,-5.372117885701416e-05,8.922026651337043e-05,5.3871467337032144e-05,7.551011576530641e-05,-1.408919546377069e-05,6.006397645895376e-05,0.00018763426423920173,6.795002849884106e-06,-5.727494247590321e-05,-0.00019894600254723643,4.52296457315409e-05,7.312867682453681e-06,0.0001464470051065117,0.00010775345539977117,-6.389270406758305e-05,-0.00023633403611814956,-0.00031733491170743216,-0.00023344288031256692,0.00017826517789507455,-2.213347096101288e-05,3.8279799530669516,-4.821051267312559e-05,-5.111094885478176e-05,-6.713277810804427e-05,6.353710847416925e-05,-0.000108920734690666,-0.00013215459517365482,-0.00014079646748233447,-7.017838649053797e-05,-0.00030513521455622424,0.0002405990756031007,1.9031572149195613e-05,0.00015907663943771192,-1.5805630031838097e-05,-0.00011965758276575043,-5.540743420183099e-05,-9.816284841463873e-05,-0.00014410123524357356,-5.913610029606888e-05,-0.00019352182426954023,3.766981726724394e-05,-0.00031568128839968293,-0.00022083625898595957,-5.178289958514086e-05,0.00022532901421311663,6.675031122217173e-05,0.00010399956249148197,-0.0001251323645845341,0.0003151010219497068,-0.00014156643334229256,-0.00015834218456481022,-3.364170599284601e-05,1.0752585017152651e-05,-0.00015964350574172603,-3.561314714050538e-05
27,-0.00013667458400614654,0.00011300968019555652,-0.0002972796622135419,-0.00013813690885189128,-0.00023558600848489554,-6.23294939009063e-05,-7.408565275737546e-05,4.363667454825326e-05,-3.701551574178566e-05,3.4959181206773784e-05,7.579903080784954e-05,0.00010731425334319905,9.837159882464436e-05,5.461875328084212e-06,0.00019798784403947498,-2.4293929006395635e-05,0.00011367730512959064,-5.2463723154109256e-05,-7.44304534994978e-05,0.0001474324973540363,-4.610435536896608e-05,0.00011152929482065844,8.995186499150984e-05,1.7861780587444126e-05,-3.903486014686104e-05,8.238837658615135e-06,-4.821051267312559e-05,3.0367634047438874,-8.560800062857213e-05,5.4056189415387826e-05,-5.4603751837163516e-05,7.769173885658233e-05,0.00010793514817584292,-1.0484005020561576e-06,-5.316014216037046e-05,0.0004807669625788376,3.517357069158784e-05,-2.1713916018757805e-05,3.859126500439452e-05,-1.2341702607935534e-05,0.0002245537933698122,-0.00021711106686693747,-9.118973314768854e-05,1.0871994578110602e-05,-5.9928667727918354e-05,-1.8709072729450404e-06,5.274673569423976e-05,9.046566667597206e-05,3.4290225706704298e-09,0.0002506060534612737,5.8139922513251126e-05,-0.00025667329222859155,-8.240052149348697e-05,1.743413978303731e-05,0.00013155764872213157,-0.00014642564693721942,-1.1541917148060755e-05,2.3639884284705087e-05,-4.3787474804005225e-06,-0.00015801723436826488,1.680726975102804e-05
