,2,3,4,5,6,7,8,9
2,1353.176733921824,-0.005165113461707666,0.0005815633949991632,-0.003798419965796501,-0.0024182775247260997,-0.0004320749463506299,-0.0006566115417048407,0.00010704723837569751
3,-0.005165113461707666,327.4860336926502,-0.00047799858336185875,0.0017360761179673954,0.0003749183632183648,0.0004740034314949299,3.558309672863841e-06,-0.000127234686525286
4,0.0005815633949991632,-0.00047799858336185875,68.14663978441314,-0.0012915542125349546,-0.0002836360799681505,0.0003750006014300062,-7.69751658578106e-05,4.794018096179218e-05
5,-0.003798419965796501,0.0017360761179673954,-0.0012915542125349546,13.559011170025862,0.00012199691320534523,7.334236140959874e-06,2.0477897784706682e-05,-3.341043598504543e-05
6,-0.0024182775247260997,0.0003749183632183648,-0.0002836360799681505,0.00012199691320534523,2.635325763424755,-9.987691031952905e-06,1.8108920293243725e-05,2.150088282329357e-05
7,-0.0004320749463506299,0.0004740034314949299,0.0003750006014300062,7.334236140959874e-06,-9.987691031952905e-06,0.5369156335994922,-4.600468775471058e-06,-3.3706881512538482e-06
8,-0.0006566115417048407,3.558309672863841e-06,-7.69751658578106e-05,2.0477897784706682e-05,1.8108920293243725e-05,-4.600468775471058e-06,0.15507749763471837,1.7584249167307609e-06
9,0.00010704723837569751,-0.000127234686525286,4.794018096179218e-05,-3.341043598504543e-05,2.150088282329357e-05,-3.3706881512538482e-06,1.7584249167307609e-06,0.04746104625786868
