,2,3,4,5,6,7,8,9
2,10825.413871374934,-0.03615579423195174,0.003489380369993925,-0.018992099828983134,-0.009673110098904427,-0.0012962248390519335,-0.0013132230834096601,0.00010704723837569751
3,-0.03615579423195174,2292.4022358485295,-0.0028679915001708634,0.008680380589836655,0.0014996734528733339,0.0014220102944848404,7.116619345725155e-06,-0.000127234686525286
4,0.003489380369993925,-0.0028679915001708634,408.87983870650515,-0.006457771062674567,-0.0011345443198726363,0.0011250018042899851,-0.00015395033171562047,4.794018096179218e-05
5,-0.018992099828983134,0.008680380589836655,-0.006457771062674567,67.7950558501234,0.00048798765282137666,2.200270842288204e-05,4.095579556942205e-05,-3.341043598504543e-05
6,-0.009673110098904427,0.0014996734528733339,-0.0011345443198726363,0.00048798765282137666,10.541303053698579,-2.9963073095857564e-05,3.621784058648739e-05,2.150088282329357e-05
7,-0.0012962248390519335,0.0014220102944848404,0.0011250018042899851,2.200270842288204e-05,-2.9963073095857564e-05,1.6107469007985125,-9.200937550941779e-06,-3.3706881512538482e-06
8,-0.0013132230834096601,7.116619345725155e-06,-0.00015395033171562047,4.095579556942205e-05,3.621784058648739e-05,-9.200937550941779e-06,0.31015499526943635,1.7584249167307609e-06
9,0.00010704723837569751,-0.000127234686525286,4.794018096179218e-05,-3.341043598504543e-05,2.150088282329357e-05,-3.3706881512538482e-06,1.7584249167307609e-06,0.04746104625786868
