,2,3,4,5,6,7,8,9
2,3000.9101002178395,-0.011403820451473071,0.002444325964441695,-0.009572668249170897,-0.00664929924725884,-0.0011507550764981323,-0.001622681507835638,0.00020244175191028776
3,-0.011403820451473071,820.1333730252373,-0.0011997668642290352,0.005114594479739282,0.000983114824078183,0.0011709490560646218,8.518091034397176e-05,-0.0002801770155982563
4,0.002444325964441695,-0.0011997668642290352,189.17097845557117,-0.0036342602420455323,-0.0009105523297140348,0.0011833823030860924,-0.00022073549618999486,0.0001211816112545994
5,-0.009572668249170897,0.005114594479739282,-0.0036342602420455323,42.68365070390653,0.0003956506553752731,1.9273950970771415e-05,7.457032758737788e-05,-9.057408054120511e-05
6,-0.00664929924725884,0.000983114824078183,-0.0009105523297140348,0.0003956506553752731,9.067590353894508,-2.802677186282878e-05,5.955087237235183e-05,6.338332555060524e-05
7,-0.0011507550764981323,0.0011709490560646218,0.0011833823030860924,1.9273950970771415e-05,-2.802677186282878e-05,1.8831825414764805,-1.6639868058908972e-05,-9.551751604491388e-06
8,-0.001622681507835638,8.518091034397176e-05,-0.00022073549618999486,7.457032758737788e-05,5.955087237235183e-05,-1.6639868058908972e-05,0.4390642337097284,3.869486264786053e-06
9,0.00020244175191028776,-0.0002801770155982563,0.0001211816112545994,-9.057408054120511e-05,6.338332555060524e-05,-9.551751604491388e-06,3.869486264786053e-06,0.121841008935769
