,2,3,4,5,6,7,8,9
2,24007.280801743887,-0.07982674316030464,0.014665955786650543,-0.047863341245858504,-0.026597196989035746,-0.0034522652294940908,-0.003245363015671279,0.00020244175191028776
3,-0.07982674316030464,5740.933611176091,-0.007198601185375824,0.025572972398692814,0.0039324592963123906,0.003512847168193931,0.00017036182068794027,-0.0002801770155982563
4,0.014665955786650543,-0.007198601185375824,1135.0258707335388,-0.018171301210227846,-0.0036422093188561767,0.0035501469092582734,-0.00044147099237998744,0.0001211816112545994
5,-0.047863341245858504,0.025572972398692814,-0.018171301210227846,213.418253519541,0.0015826026215010529,5.7821852912313626e-05,0.00014914065517474462,-9.057408054120511e-05
6,-0.026597196989035746,0.0039324592963123906,-0.0036422093188561767,0.0015826026215010529,36.2703614155773,-8.408031558848112e-05,0.0001191017447447059,6.338332555060524e-05
7,-0.0034522652294940908,0.003512847168193931,0.0035501469092582734,5.7821852912313626e-05,-8.408031558848112e-05,5.649547624429247,-3.3279736117815755e-05,-9.551751604491388e-06
8,-0.003245363015671279,0.00017036182068794027,-0.00044147099237998744,0.00014914065517474462,0.0001191017447447059,-3.3279736117815755e-05,0.8781284674194826,3.869486264786053e-06
9,0.00020244175191028776,-0.0002801770155982563,0.0001211816112545994,-9.057408054120511e-05,6.338332555060524e-05,-9.551751604491388e-06,3.869486264786053e-06,0.121841008935769
