,2,3,4,5,6,7,8,9,10,11,12,13,14,15,16,17,18,19,20,21,22,23,24,25,26,27,28,29,30,31,32,33
2,984.984398545307,0.03223793211490673,-0.06048487812105368,-0.012192138983631822,0.02624681948283192,0.002295603763448263,-0.004443392294545324,-0.012092796661983412,0.003207372715800768,-0.01606086638237851,-0.010617060842554055,0.002928994188743672,-0.0011291522624432805,0.005050269831151598,0.0002535453184151846,0.0010450802034129988,-0.0013510720619024437,0.007398268568092093,-0.001983373744467996,0.016532696024087763,-0.0036653992006381413,-0.00063408767712193,-0.0014491004125349591,-0.0011973343517419981,-0.004115441861523898,0.004020413785479707,0.0006709378141601907,-1.0089728007145557e-06,-0.00011833062874716948,-0.0005536112823460769,-7.235364958620028e-05,-6.6544469856906315e-06
3,0.03223793211490673,1330.3616708956965,0.005641796687832822,0.004617932424387652,0.04676456470770991,0.022309426392402073,0.008632454460637573,0.02046261915672646,0.012234784744052414,0.006856692814686811,-0.0034880129127058375,0.012504430157170371,0.004457332640439298,0.008552196283371736,0.006518278944268479,0.004145258322859804,0.00019371855797555576,-0.005240731129495498,0.0008660170562526031,0.006954592545207219,0.025534177612067048,-0.0019519322849513173,-0.004562281074001924,0.0003157123915192745,-0.0022707228095250474,-0.0003033362532860978,0.0013145764480456124,0.0003565520696196281,-0.00012907367730714286,0.00021468437375463958,-2.543117235449954e-05,0.00010660096700963251
4,-0.06048487812105368,0.005641796687832822,1054.3405154782836,-0.021155094092712566,-0.018181450479733022,-0.00384492905076694,0.02751587520845017,-0.007690070648955193,0.007168231982816837,0.010391749741525118,0.017371373809783555,-0.007125993587974998,0.007901498803548693,-0.0022684703928149263,-0.006199674915412851,-0.0027758200349346242,-0.003239667219319816,-0.003280043370171119,0.009971316744395133,0.010646927613623755,-0.014870585619560598,0.000630314153044329,-0.007004965079659432,0.003323593640945731,0.00364270240673446,-0.001323874504498033,0.00012601827942001267,-0.0012627696544843991,0.0002864625378226824,0.0006066913352531044,8.352557570762217e-05,-2.8202018175327273e-05
5,-0.012192138983631822,0.004617932424387652,-0.021155094092712566,583.0711602561403,-0.013543077537733416,0.005582045516115356,-0.013582353953580715,-0.0031285883969670966,-0.008092247397285146,-0.01204054376481741,0.003430804353904545,-0.0017150562758405422,-0.0021387793620707193,-0.002407339881313444,-0.004429974648880583,0.0018498895674180626,0.0003023444287933709,-0.00043939143829624486,0.00115846333388709,0.004237100736096504,-0.0032720577830254024,0.003772367746192646,0.002352644660475011,0.0019510478143799103,0.0015364935175387897,9.058000930970512e-05,-9.051977462718244e-05,-0.0002564976783915744,-9.035675698175926e-05,-0.0001536545759521003,0.0003222218049022735,5.250347833810431e-05
6,0.02624681948283192,0.04676456470770991,-0.018181450479733022,-0.013543077537733416,404.5414545575407,-0.00469919138319574,-0.001604660240740073,-0.00733555665632344,-0.007616905663827635,-0.005449095565451642,0.0025382364520246856,0.0012780912918904572,-0.0008641790162148342,-0.004293308684169614,0.0009845934218082229,0.006104270483789822,-0.0020642240352077078,-0.0019936589384961403,0.004189891736908049,0.0008333516131486357,-0.0003305278203971729,0.0007845394135122517,-0.0015002959202558234,0.0016978092207487498,0.0015865921836452652,-0.0014880132665548542,0.00033767730229239596,-6.55397359026786e-06,0.00023945064778953387,-0.00016122110550478486,-6.432893450823108e-05,-2.7925136836880868e-05
7,0.002295603763448263,0.022309426392402073,-0.00384492905076694,0.005582045516115356,-0.00469919138319574,261.84457975638287,-0.0022964771527017977,0.0026454733218847525,0.007664541110186794,0.004212274432294914,0.003958223077721491,0.0006477326396330758,0.004152230008506463,-0.0020379416470663733,-0.000969291200133672,0.0008696603995063927,0.0009429560531705917,0.000735429934824126,0.0002534703644716703,-0.0015229367966311563,-8.229810957650216e-05,0.00018478869913328712,0.0005827510964242242,0.004635434679720335,-0.00019168618867171483,0.0016017727436314425,-0.0005741887022272758,0.00023914410091553187,7.600515496124799e-05,0.00016362770376725575,-6.177141180892788e-05,-1.9732890754687343e-05
8,-0.004443392294545324,0.008632454460637573,0.02751587520845017,-0.013582353953580715,-0.001604660240740073,-0.0022964771527017977,195.45644050318356,-0.003246761115048754,0.0044339243643187285,0.00644724326896003,-0.008732056096260706,-0.0018909235464274591,0.002866441785640636,-0.00038454605856749416,-0.0021231471950117916,0.00030347729308062126,-0.0032337563071062943,0.0019030319588649132,-0.0006438617631042383,-0.010189080995529027,0.00028388061796791976,-3.055262817537632e-05,-0.0007048919838291877,-0.0023990830089460433,-2.6549030679472895e-05,7.735441866740304e-05,-0.0001345191998549007,-0.00023622449245110533,0.00013886548035887524,-9.134754052546078e-05,-3.5234476009516656e-05,-6.602603368602974e-05
9,-0.012092796661983412,0.02046261915672646,-0.007690070648955193,-0.0031285883969670966,-0.00733555665632344,0.0026454733218847525,-0.003246761115048754,180.86436912378684,-0.002193804194857928,0.00463855841219907,0.004867389965160122,-0.004495288290253764,-0.0002633155892899203,-0.0010227375263215902,-0.0007153325719506655,0.0004436340594771608,0.0008463686707540586,-0.005005937429186642,0.0023655448405728863,-0.002412671487893729,-0.0052697725462216806,-0.0008189002211121069,0.0014655497911103023,-0.00040096681441478924,-0.0010054515274303367,-0.00019879030708815798,-6.834441742414214e-05,0.00013334397111108213,-1.5202169259012787e-05,0.00023353163659607326,3.779405995546103e-05,-1.0303693313803207e-05
10,0.003207372715800768,0.012234784744052414,0.007168231982816837,-0.008092247397285146,-0.007616905663827635,0.007664541110186794,0.0044339243643187285,-0.002193804194857928,133.99952480848748,-0.004056615775329321,8.685785523187437e-05,-0.0006132719478988981,-0.001155509875433233,-0.0010263342532407147,-0.00038315324411979345,0.001442017677273201,0.00048525260652701664,0.0017119915327164395,-0.00017254589183945656,0.005905601467043475,-0.00261575586257273,0.00034135387396194586,0.0009145450195912819,-0.00013015252029776998,0.0007874886294547517,-0.0012445258292117214,-6.569667039729715e-05,0.00042161943393457515,6.508799690060839e-05,-0.00010076113831239155,-7.523964212445019e-05,4.09511079129811e-05
11,-0.01606086638237851,0.006856692814686811,0.010391749741525118,-0.01204054376481741,-0.005449095565451642,0.004212274432294914,0.00644724326896003,0.00463855841219907,-0.004056615775329321,118.51499760154518,-0.003673705193737265,-0.0008199895814216428,0.003018408621406501,-0.0007234972228719103,0.0019289362060393137,0.0005545631297254459,6.160275080980242e-05,-6.060214393759711e-05,-0.0025056270552654032,0.006469637893511015,0.0015819010307043212,0.002164268107412092,0.00030263509537008747,-0.0011490712975669286,-0.00042549967756460574,0.0007068309625295069,-0.0001068229956423184,0.00023530551928071202,-7.73226779510638e-05,2.8515913418432848e-05,-2.7753324845854558e-05,-2.2892643328376492e-05
12,-0.010617060842554055,-0.0034880129127058375,0.017371373809783555,0.003430804353904545,0.0025382364520246856,0.003958223077721491,-0.008732056096260706,0.004867389965160122,8.685785523187437e-05,-0.003673705193737265,80.25157573622856,0.004040671458651223,-0.0002227846528081122,0.003195984442924629,-0.003591601374654172,-8.130035323018583e-05,-0.0005750793200831186,9.405828838828023e-05,-0.0013472172456755092,-0.0005740562753614474,-0.0012977304292482628,-1.6813076568144227e-05,-0.0006623930722965193,0.0020662805421207088,-1.7851948553473495e-06,-0.0008864541088586623,-8.439930970227186e-05,0.00010187974318292117,-8.198525851273317e-05,-8.59005788241693e-05,5.590523948943419e-06,-1.0242172799875203e-05
13,0.002928994188743672,0.012504430157170371,-0.007125993587974998,-0.0017150562758405422,0.0012780912918904572,0.0006477326396330758,-0.0018909235464274591,-0.004495288290253764,-0.0006132719478988981,-0.0008199895814216428,0.004040671458651223,49.961441990869545,-0.0005871602855520868,0.0009978383650658272,0.0008402936325415507,0.0008729503632770599,-0.0006048576270053873,-0.0003025448123540628,-0.00024223203199495578,0.0003030813758921445,-0.001799480394299131,0.00019342399402931925,0.0003423834689532733,0.00033757887075487017,3.662128484459007e-05,-0.0002528810983683365,-9.743563922965587e-05,8.248340386812319e-05,4.0597046978003896e-05,3.778647937882612e-05,-5.070689481154989e-05,-4.428679965025735e-05
14,-0.0011291522624432805,0.004457332640439298,0.007901498803548693,-0.0021387793620707193,-0.0008641790162148342,0.004152230008506463,0.002866441785640636,-0.0002633155892899203,-0.001155509875433233,0.003018408621406501,-0.0002227846528081122,-0.0005871602855520868,40.230754935247724,-8.344224955159722e-05,-0.0004227041471874067,-0.0002962574349187529,-0.0007850530002114095,-0.0010613792808570038,-0.00035797437606511785,-0.0063210141419643715,0.00037293711722982003,-0.0003263128249370211,0.0009659360658318209,0.0006431199833594859,-0.00010129075429683664,-0.0001827518695829105,-1.5380614015043208e-05,-0.0002340219867816919,-6.0404642156876874e-05,-6.970831694343035e-05,1.9850521138886193e-05,-1.0981250349669074e-05
15,0.005050269831151598,0.008552196283371736,-0.0022684703928149263,-0.002407339881313444,-0.004293308684169614,-0.0020379416470663733,-0.00038454605856749416,-0.0010227375263215902,-0.0010263342532407147,-0.0007234972228719103,0.003195984442924629,0.0009978383650658272,-8.344224955159722e-05,38.14245452625454,0.00023426241666378616,0.001120751921454986,0.0002199742050748653,-0.0008172339429586465,0.0006933075530894926,8.684501225967273e-05,0.0011842432219779904,-0.00020351811448866375,0.00022254978661428613,-0.0008399813453950243,-0.00017332125687268284,-4.974404311098542e-05,-2.67706858676184e-05,-0.0001007851926373399,-5.731297035049705e-06,-1.1962083745326437e-05,-1.716162421891298e-05,-1.4837005045268586e-05
16,0.0002535453184151846,0.006518278944268479,-0.006199674915412851,-0.004429974648880583,0.0009845934218082229,-0.000969291200133672,-0.0021231471950117916,-0.0007153325719506655,-0.00038315324411979345,0.0019289362060393137,-0.003591601374654172,0.0008402936325415507,-0.0004227041471874067,0.00023426241666378616,27.951862333308487,0.0025676429209350255,0.0004378631841772254,-0.00022751424506246387,0.00046496806180199577,0.0031754455949651464,0.0019400501881676041,-6.351304039282876e-05,-0.00016742289081507508,0.00035456343825994137,9.042611093119678e-05,7.24114331349721e-05,-5.897932683389094e-05,4.5841105561233044e-05,4.863525008953077e-05,-7.888641959871412e-05,3.837259831256678e-05,-1.626025167889648e-05
17,0.0010450802034129988,0.004145258322859804,-0.0027758200349346242,0.0018498895674180626,0.006104270483789822,0.0008696603995063927,0.00030347729308062126,0.0004436340594771608,0.001442017677273201,0.0005545631297254459,-8.130035323018583e-05,0.0008729503632770599,-0.0002962574349187529,0.001120751921454986,0.0025676429209350255,24.605553211978204,-0.001265938350702366,0.0001960812717172616,-0.00016230348455441366,0.0001652423479301085,-0.0006482526717308243,0.0002906233396845063,9.678586779141863e-05,-0.0005961774118251,0.0005889335416168104,-0.00048757142197609725,-4.436710967691114e-05,3.027928274298817e-05,3.608429569257505e-05,-3.126394042793315e-05,1.5668889435482666e-05,5.034145039273787e-06
18,-0.0013510720619024437,0.00019371855797555576,-0.003239667219319816,0.0003023444287933709,-0.0020642240352077078,0.0009429560531705917,-0.0032337563071062943,0.0008463686707540586,0.00048525260652701664,6.160275080980242e-05,-0.0005750793200831186,-0.0006048576270053873,-0.0007850530002114095,0.0002199742050748653,0.0004378631841772254,-0.001265938350702366,14.998837994552872,0.0008816855267586264,-0.00063412007515658,-0.00033385783885492217,-0.001993621445361237,-9.341108875142393e-05,-7.871186997868179e-06,-0.0007312378020890045,0.00027397707755801216,0.0002653625281826858,0.00021528612390595787,-0.00010264927169630507,-5.1280688073581893e-05,6.060864624610079e-05,9.038326019300282e-06,4.32767217113397e-06
19,0.007398268568092093,-0.005240731129495498,-0.003280043370171119,-0.00043939143829624486,-0.0019936589384961403,0.000735429934824126,0.0019030319588649132,-0.005005937429186642,0.0017119915327164395,-6.060214393759711e-05,9.405828838828023e-05,-0.0003025448123540628,-0.0010613792808570038,-0.0008172339429586465,-0.00022751424506246387,0.0001960812717172616,0.0008816855267586264,16.491033802199528,0.00012251811637529334,0.0012275878254206826,-0.00019512819121738183,-0.00016554791584837806,0.00016485153538532024,-6.5419728378508825e-06,0.00011966466213871896,0.000658401673817565,5.0318428599723876e-05,-5.1953118520498404e-05,-1.001123175239347e-05,-3.7943915478480396e-05,2.3099806102651284e-05,-7.78308575223465e-06
20,-0.001983373744467996,0.0008660170562526031,0.009971316744395133,0.00115846333388709,0.004189891736908049,0.0002534703644716703,-0.0006438617631042383,0.0023655448405728863,-0.00017254589183945656,-0.0025056270552654032,-0.0013472172456755092,-0.00024223203199495578,-0.00035797437606511785,0.0006933075530894926,0.00046496806180199577,-0.00016230348455441366,-0.00063412007515658,0.00012251811637529334,13.275222856270064,0.0016778735683451913,0.0021848855592182625,-0.00011552214846677934,0.00011357259825064727,-0.0004123049559961528,-7.137642056697122e-06,9.015501022637894e-05,1.2581040196458206e-05,2.269451949965896e-05,2.622240002800189e-05,-1.011958876846642e-05,8.145876918886792e-06,-9.09820779684152e-06
21,0.016532696024087763,0.006954592545207219,0.010646927613623755,0.004237100736096504,0.0008333516131486357,-0.0015229367966311563,-0.010189080995529027,-0.002412671487893729,0.005905601467043475,0.006469637893511015,-0.0005740562753614474,0.0003030813758921445,-0.0063210141419643715,8.684501225967273e-05,0.0031754455949651464,0.0001652423479301085,-0.00033385783885492217,0.0012275878254206826,0.0016778735683451913,170.4065415135016,-0.0007922997143189003,-0.00027581093154955096,0.0002984750532932153,0.0029495329862082396,-0.0002427715874518235,8.479955979677488e-05,0.0004055750794575862,-8.237340878240425e-05,2.7094556400979925e-05,0.00013869627825546785,-6.273697234760086e-06,4.700746822433559e-05
22,-0.0036653992006381413,0.025534177612067048,-0.014870585619560598,-0.0032720577830254024,-0.0003305278203971729,-8.229810957650216e-05,0.00028388061796791976,-0.0052697725462216806,-0.00261575586257273,0.0015819010307043212,-0.0012977304292482628,-0.001799480394299131,0.00037293711722982003,0.0011842432219779904,0.0019400501881676041,-0.0006482526717308243,-0.001993621445361237,-0.00019512819121738183,0.0021848855592182625,-0.0007922997143189003,91.03392106394719,0.00074219727024863,-0.0005625178205604206,0.001447764969047327,-3.1654195956105474e-05,-0.0009453203510280247,-1.1660326603245329e-05,-9.009955594172751e-05,0.0001275029367472164,-1.9275802845953964e-05,1.9055786721037874e-05,5.6808264620888985e-05
23,-0.00063408767712193,-0.0019519322849513173,0.000630314153044329,0.003772367746192646,0.0007845394135122517,0.00018478869913328712,-3.055262817537632e-05,-0.0008189002211121069,0.00034135387396194586,0.002164268107412092,-1.6813076568144227e-05,0.00019342399402931925,-0.0003263128249370211,-0.00020351811448866375,-6.351304039282876e-05,0.0002906233396845063,-9.341108875142393e-05,-0.00016554791584837806,-0.00011552214846677934,-0.00027581093154955096,0.00074219727024863,6.565612941757157,-6.38662637632114e-05,0.00020630971651144797,2.2971526129291058e-05,-0.0001116175036505197,3.018332976986708e-05,0.00011987429487972014,-6.375071144909612e-05,2.7222760810415937e-05,-8.471540951787368e-07,8.80524333847016e-06
24,-0.0014491004125349591,-0.004562281074001924,-0.007004965079659432,0.002352644660475011,-0.0015002959202558234,0.0005827510964242242,-0.0007048919838291877,0.0014655497911103023,0.0009145450195912819,0.00030263509537008747,-0.0006623930722965193,0.0003423834689532733,0.0009659360658318209,0.00022254978661428613,-0.00016742289081507508,9.678586779141863e-05,-7.871186997868179e-06,0.00016485153538532024,0.00011357259825064727,0.0002984750532932153,-0.0005625178205604206,-6.38662637632114e-05,10.294264391500395,-0.0002118844167052044,5.209714226001403e-05,0.00040133396611675764,9.239222565384538e-06,-8.078120793151413e-05,-3.6840082277464464e-05,-1.6516800768967735e-05,-8.621308602357833e-06,3.829914306058207e-06
25,-0.0011973343517419981,0.0003157123915192745,0.003323593640945731,0.0019510478143799103,0.0016978092207487498,0.004635434679720335,-0.0023990830089460433,-0.00040096681441478924,-0.00013015252029776998,-0.0011490712975669286,0.0020662805421207088,0.00033757887075487017,0.0006431199833594859,-0.0008399813453950243,0.00035456343825994137,-0.0005961774118251,-0.0007312378020890045,-6.5419728378508825e-06,-0.0004123049559961528,0.0029495329862082396,0.001447764969047327,0.00020630971651144797,-0.0002118844167052044,22.393474236100154,-2.7834880467701905e-05,-0.00020614660066702246,-1.8112693130129832e-05,0.00014763037565999735,-2.3153867231533768e-05,-4.312590538212446e-05,2.375766850079402e-06,1.9295040607272435e-05
26,-0.004115441861523898,-0.0022707228095250474,0.00364270240673446,0.0015364935175387897,0.0015865921836452652,-0.00019168618867171483,-2.6549030679472895e-05,-0.0010054515274303367,0.0007874886294547517,-0.00042549967756460574,-1.7851948553473495e-06,3.662128484459007e-05,-0.00010129075429683664,-0.00017332125687268284,9.042611093119678e-05,0.0005889335416168104,0.00027397707755801216,0.00011966466213871896,-7.137642056697122e-06,-0.0002427715874518235,-3.1654195956105474e-05,2.2971526129291058e-05,5.209714226001403e-05,-2.7834880467701905e-05,4.005737044672817,-8.267664916722339e-05,-3.780754150941884e-05,-6.941379037726125e-05,1.72170548652589e-05,4.043588542663656e-06,1.7654098477050618e-05,-2.337187892946425e-06
27,0.004020413785479707,-0.0003033362532860978,-0.001323874504498033,9.058000930970512e-05,-0.0014880132665548542,0.0016017727436314425,7.735441866740304e-05,-0.00019879030708815798,-0.0012445258292117214,0.0007068309625295069,-0.0008864541088586623,-0.0002528810983683365,-0.0001827518695829105,-4.974404311098542e-05,7.24114331349721e-05,-0.00048757142197609725,0.0002653625281826858,0.000658401673817565,9.015501022637894e-05,8.479955979677488e-05,-0.0009453203510280247,-0.0001116175036505197,0.00040133396611675764,-0.00020614660066702246,-8.267664916722339e-05,3.6743655729074294,0.00010365736286161521,-2.3561232576304522e-05,-7.695494479076656e-06,1.464595823916904e-05,5.8152315209186325e-06,9.842014393886646e-06
28,0.0006709378141601907,0.0013145764480456124,0.00012601827942001267,-9.051977462718244e-05,0.00033767730229239596,-0.0005741887022272758,-0.0001345191998549007,-6.834441742414214e-05,-6.569667039729715e-05,-0.0001068229956423184,-8.439930970227186e-05,-9.743563922965587e-05,-1.5380614015043208e-05,-2.67706858676184e-05,-5.897932683389094e-05,-4.436710967691114e-05,0.00021528612390595787,5.0318428599723876e-05,1.2581040196458206e-05,0.0004055750794575862,-1.1660326603245329e-05,3.018332976986708e-05,9.239222565384538e-06,-1.8112693130129832e-05,-3.780754150941884e-05,0.00010365736286161521,0.489573482063408,-4.153100844290903e-06,-3.182362624253302e-06,1.4985551488896238e-05,-2.589459191037417e-06,3.32976703414569e-07
29,-1.0089728007145557e-06,0.0003565520696196281,-0.0012627696544843991,-0.0002564976783915744,-6.55397359026786e-06,0.00023914410091553187,-0.00023622449245110533,0.00013334397111108213,0.00042161943393457515,0.00023530551928071202,0.00010187974318292117,8.248340386812319e-05,-0.0002340219867816919,-0.0001007851926373399,4.5841105561233044e-05,3.027928274298817e-05,-0.00010264927169630507,-5.1953118520498404e-05,2.269451949965896e-05,-8.237340878240425e-05,-9.009955594172751e-05,0.00011987429487972014,-8.078120793151413e-05,0.00014763037565999735,-6.941379037726125e-05,-2.3561232576304522e-05,-4.153100844290903e-06,0.4238991053500993,1.8537055773222875e-05,3.992986326173079e-06,2.915878336104198e-07,-8.566456372129738e-07
30,-0.00011833062874716948,-0.00012907367730714286,0.0002864625378226824,-9.035675698175926e-05,0.00023945064778953387,7.600515496124799e-05,0.00013886548035887524,-1.5202169259012787e-05,6.508799690060839e-05,-7.73226779510638e-05,-8.198525851273317e-05,4.0597046978003896e-05,-6.0404642156876874e-05,-5.731297035049705e-06,4.863525008953077e-05,3.608429569257505e-05,-5.1280688073581893e-05,-1.001123175239347e-05,2.622240002800189e-05,2.7094556400979925e-05,0.0001275029367472164,-6.375071144909612e-05,-3.6840082277464464e-05,-2.3153867231533768e-05,1.72170548652589e-05,-7.695494479076656e-06,-3.182362624253302e-06,1.8537055773222875e-05,0.1431353078739962,5.694516319208309e-07,1.7477634096212819e-06,-1.0747268608315688e-06
31,-0.0005536112823460769,0.00021468437375463958,0.0006066913352531044,-0.0001536545759521003,-0.00016122110550478486,0.00016362770376725575,-9.134754052546078e-05,0.00023353163659607326,-0.00010076113831239155,2.8515913418432848e-05,-8.59005788241693e-05,3.778647937882612e-05,-6.970831694343035e-05,-1.1962083745326437e-05,-7.888641959871412e-05,-3.126394042793315e-05,6.060864624610079e-05,-3.7943915478480396e-05,-1.011958876846642e-05,0.00013869627825546785,-1.9275802845953964e-05,2.7222760810415937e-05,-1.6516800768967735e-05,-4.312590538212446e-05,4.043588542663656e-06,1.464595823916904e-05,1.4985551488896238e-05,3.992986326173079e-06,5.694516319208309e-07,0.09994128645815505,1.6921453654499375e-06,4.543297287151786e-07
32,-7.235364958620028e-05,-2.543117235449954e-05,8.352557570762217e-05,0.0003222218049022735,-6.432893450823108e-05,-6.177141180892788e-05,-3.5234476009516656e-05,3.779405995546103e-05,-7.523964212445019e-05,-2.7753324845854558e-05,5.590523948943419e-06,-5.070689481154989e-05,1.9850521138886193e-05,-1.716162421891298e-05,3.837259831256678e-05,1.5668889435482666e-05,9.038326019300282e-06,2.3099806102651284e-05,8.145876918886792e-06,-6.273697234760086e-06,1.9055786721037874e-05,-8.471540951787368e-07,-8.621308602357833e-06,2.375766850079402e-06,1.7654098477050618e-05,5.8152315209186325e-06,-2.589459191037417e-06,2.915878336104198e-07,1.7477634096212819e-06,1.6921453654499375e-06,0.015884323548551807,5.472620357390945e-07
33,-6.6544469856906315e-06,0.00010660096700963251,-2.8202018175327273e-05,5.250347833810431e-05,-2.7925136836880868e-05,-1.9732890754687343e-05,-6.602603368602974e-05,-1.0303693313803207e-05,4.09511079129811e-05,-2.2892643328376492e-05,-1.0242172799875203e-05,-4.428679965025735e-05,-1.0981250349669074e-05,-1.4837005045268586e-05,-1.626025167889648e-05,5.034145039273787e-06,4.32767217113397e-06,-7.78308575223465e-06,-9.09820779684152e-06,4.700746822433559e-05,5.6808264620888985e-05,8.80524333847016e-06,3.829914306058207e-06,1.9295040607272435e-05,-2.337187892946425e-06,9.842014393886646e-06,3.32976703414569e-07,-8.566456372129738e-07,-1.0747268608315688e-06,4.543297287151786e-07,5.472620357390945e-07,0.008252685474570544
