,2,3,4,5,6,7,8,9,10,11,12,13,14,15,16,17,18,19,20,21,22,23,24,25,26,27,28,29,30,31,32,33
2,31519.500753459793,0.999375895561873,-1.8145463436314289,-0.3535720305252947,0.734910945519514,0.06198130161302929,-0.1155281996581713,-0.3023199165494405,0.0769769451791562,-0.3693999267948146,-0.2335753385363044,0.06150887796361376,-0.022583045248885582,0.09595512679192271,0.004563815731470332,0.01776636345804119,-0.021617152990430995,0.11097402852136813,-0.027767232422549436,0.2149250483131203,-0.043984790407656064,-0.0069749644483406426,-0.014491004125347219,-0.010776009165680542,-0.032923534892190826,0.0281428964983559,0.004025626884961555,-5.0448640035119464e-06,-0.0004733225149886978,-0.0016608338470382354,-0.00014470729917239535,-6.6544469856906315e-06
3,0.999375895561873,41241.211797777265,0.1692539006350585,0.13392004030723456,1.3094078118157115,0.6023545125947501,0.22444381597640203,0.5115654789179231,0.2936348338572138,0.1577039347378369,-0.07673628407951981,0.2625930333006555,0.08914665280881476,0.1624917293840704,0.11732902099685784,0.07046939148860772,0.0030994969276035476,-0.07861096694243044,0.012124238787536249,0.09040970308768682,0.30641013134479994,-0.021471255134468497,-0.04562281074002096,0.0028414115236721493,-0.018165782476201257,-0.0021233537730024703,0.007887458688274082,0.00178276034809822,-0.0005162947092285752,0.0006440531212639297,-5.086234470899308e-05,0.00010660096700963251
4,-1.8145463436314289,0.1692539006350585,31630.215464344587,-0.6134977286886019,-0.5090806134324924,-0.10381308437073902,0.715412755419728,-0.19225176622389947,0.17203756758754923,0.23901024405507673,0.38217022381531485,-0.14964586534747895,0.15802997607094735,-0.04310093746344446,-0.11159414847738586,-0.04718894059388823,-0.051834675509116704,-0.04920065055256245,0.13959843442153994,0.1384100589771206,-0.178447027434715,0.006933455683487689,-0.07004965079659331,0.029912342768512276,0.029141619253874897,-0.00926712153148743,0.0007561096765200731,-0.006313848272421965,0.0011458501512906876,0.0018200740057593503,0.00016705115141524822,-2.8202018175327273e-05
5,-0.3535720305252947,0.13392004030723456,-0.6134977286886019,16909.06364742809,-0.37920617105650833,0.1507152289351149,-0.35314120279314826,-0.07821470992420138,-0.19421393753478067,-0.27693250659087343,0.07547769578589662,-0.036016181792633474,-0.04277558724141878,-0.04573945774495048,-0.07973954367983846,0.03144812264610462,0.004837510860693341,-0.006590871574459841,0.0162184866744224,0.055082309569291284,-0.03926469339631416,0.04149604520812524,0.023526446604751,0.01755943032941496,0.012291948140309981,0.0006340600651673965,-0.0005431186477633235,-0.001282488391957921,-0.0003614270279270309,-0.00046096372785629157,0.0006444436098045431,5.250347833810431e-05
6,0.734910945519514,1.3094078118157115,-0.5090806134324924,-0.37920617105650833,11327.160727610786,-0.1268781673462316,-0.041721166259245025,-0.1833889164080411,-0.18280573593181607,-0.1253291980053874,0.055841201944532674,0.02683991712969924,-0.017283580324304465,-0.08157286499923874,0.017722681592548313,0.1037725982244174,-0.03302758456332279,-0.029904884077443294,0.05865848431671928,0.010833570970930937,-0.00396633384476461,0.008629933548632816,-0.01500295920255678,0.015280282986738851,0.012692737469163395,-0.010416092865884302,0.002026063813754407,-3.276986795137535e-05,0.0009578025911580006,-0.0004836633165143632,-0.0001286578690164616,-2.7925136836880868e-05
7,0.06198130161302929,0.6023545125947501,-0.10381308437073902,0.1507152289351149,-0.1268781673462316,7069.803653422475,-0.059708405970231436,0.0661368330471205,0.18394898664446627,0.09688231194279011,0.08708090770988353,0.013602385432280003,0.08304460017008625,-0.03872089129427234,-0.01744724160239901,0.014784226791613547,0.01508729685072456,0.011031449022358274,0.003548585102603596,-0.01979817835619792,-0.0009875773149178823,0.0020326756904666,0.005827510964241974,0.04171891211748665,-0.001533489509374208,0.011212409205419643,-0.003445132213363842,0.0011957205045776465,0.00030402061984499283,0.0004908831113017585,-0.00012354282361785862,-1.9732890754687343e-05
8,-0.1155281996581713,0.22444381597640203,0.715412755419728,-0.35314120279314826,-0.041721166259245025,-0.059708405970231436,5081.867453081251,-0.08116902787625589,0.10641418474362606,0.14828659518609605,-0.1921052341177138,-0.039709394474970905,0.057328835712816745,-0.007306375112779612,-0.03821664951020637,0.005159113982373749,-0.05174010091371558,0.028545479382981374,-0.009014064683456858,-0.13245805294187057,0.003406567415610499,-0.00033607890993022645,-0.00704891983829222,-0.021591747080514683,-0.000212392245435612,0.0005414809306715427,-0.0008071151991294172,-0.0011811224622555816,0.0005554619214355064,-0.00027404262157637626,-7.046895201903895e-05,-6.602603368602974e-05
9,-0.3023199165494405,0.5115654789179231,-0.19225176622389947,-0.07821470992420138,-0.1833889164080411,0.0661368330471205,-0.08116902787625589,4521.609228093991,-0.05265130067657071,0.10668684348063245,0.10708257923349389,-0.09440105409533077,-0.005266311785799338,-0.01943201300011077,-0.012875986295112175,0.0075417790111076705,0.01354189873206416,-0.07508906143781234,0.033117627768025404,-0.03136472934261902,-0.06323727055467027,-0.009007902432233776,0.014655497911105254,-0.0036087013297325895,-0.008043612219442171,-0.0013915321496170976,-0.0004100665045447708,0.0006667198555553331,-6.08086770360291e-05,0.0007005949097882326,7.558811991092182e-05,-1.0303693313803207e-05
10,0.0769769451791562,0.2936348338572138,0.17203756758754923,-0.19421393753478067,-0.18280573593181607,0.18394898664446627,0.10641418474362606,-0.05265130067657071,3215.9885954046113,-0.09330216283256038,0.0019108728150910726,-0.01287871090587499,-0.023110197508671514,-0.019500350811578433,-0.0068967583941531236,0.024514300513637205,0.007764041704433158,0.025679872990742515,-0.0024156424857523675,0.07677281907156518,-0.031389070350873814,0.0037548926135813226,0.009145450195914546,-0.001171372682680795,0.006299909035637327,-0.008711680804482163,-0.0003941800223837728,0.0021080971696729994,0.0002603519876024281,-0.000302283414937178,-0.00015047928424890628,4.09511079129811e-05
11,-0.3693999267948146,0.1577039347378369,0.23901024405507673,-0.27693250659087343,-0.1253291980053874,0.09688231194279011,0.14828659518609605,0.10668684348063245,-0.09330216283256038,2725.844944835682,-0.08082151426220828,-0.017219781209851816,0.06036817242812367,-0.01374644723457018,0.03472085170870935,0.00942757320533634,0.0009856440129585467,-0.0009090321590658187,-0.0350787787737168,0.08410529261566348,0.018982812368452565,0.023806949181532693,0.0030263509537009595,-0.010341641678100163,-0.0034039974205166347,0.0049478167377057436,-0.0006409379738538685,0.0011765275964035113,-0.00030929071180427024,8.554774025529929e-05,-5.5506649691708405e-05,-2.2892643328376492e-05
12,-0.2335753385363044,-0.07673628407951981,0.38217022381531485,0.07547769578589662,0.055841201944532674,0.08708090770988353,-0.1921052341177138,0.10708257923349389,0.0019108728150910726,-0.08082151426220828,1765.534666197021,0.0848541006316924,-0.004455693056161578,0.06072370441557248,-0.06464882474379614,-0.0013821060049098498,-0.009201269121329785,0.0014108743258238376,-0.01886104143945897,-0.007462731579700358,-0.015572765150985851,-0.0001849438422494812,-0.0066239307229644375,0.01859652487908609,-1.4281558842684987e-05,-0.006205178762010037,-0.0005063958582136183,0.000509398715914624,-0.000327941034050927,-0.0002577017364725189,1.1181047897886356e-05,-1.0242172799875203e-05
13,0.06150887796361376,0.2625930333006555,-0.14964586534747895,-0.036016181792633474,0.02683991712969924,0.013602385432280003,-0.039709394474970905,-0.09440105409533077,-0.01287871090587499,-0.017219781209851816,0.0848541006316924,1049.1902818081594,-0.011743205711043488,0.018958928936246774,0.015125285385744053,0.014840156175709334,-0.00967772203208814,-0.004538172185313736,-0.0033912484479302293,0.003940057886599497,-0.021593764731598568,0.0021276639343230236,0.003423834689532207,0.003038209836793082,0.0002929702787568623,-0.0017701676885785347,-0.0005846138353779296,0.0004124170193406169,0.00016238818791204234,0.00011335943813648511,-0.00010141378962309627,-4.428679965025735e-05
14,-0.022583045248885582,0.08914665280881476,0.15802997607094735,-0.04277558724141878,-0.017283580324304465,0.08304460017008625,0.057328835712816745,-0.005266311785799338,-0.023110197508671514,0.06036817242812367,-0.004455693056161578,-0.011743205711043488,804.6150987046458,-0.0015854027414789122,-0.0076086746493729445,-0.005036376393619843,-0.012560848003381708,-0.015920689212853317,-0.005011641264912888,-0.08217318384554284,0.004475245406757068,-0.0035894410743076343,0.009659360658318484,0.005788079850235433,-0.0008103260343746861,-0.0012792630870804619,-9.228368409023534e-05,-0.0011701099339083423,-0.00024161856862751023,-0.0002091249508302964,3.970104227777014e-05,-1.0981250349669074e-05
15,0.09595512679192271,0.1624917293840704,-0.04310093746344446,-0.04573945774495048,-0.08157286499923874,-0.03872089129427234,-0.007306375112779612,-0.01943201300011077,-0.019500350811578433,-0.01374644723457018,0.06072370441557248,0.018958928936246774,-0.0015854027414789122,724.7066359989801,0.004216723499947535,0.019052782664740843,0.003519587281196094,-0.012258509144379313,0.009706305743252949,0.0011289851593758074,0.014210918663737143,-0.0022386992593740693,0.002225497866143703,-0.007559832108555379,-0.0013865700549814594,-0.0003482083017767756,-0.00016062411520570392,-0.0005039259631867142,-2.2925188140199378e-05,-3.5886251235980426e-05,-3.432324843782542e-05,-1.4837005045268586e-05
16,0.004563815731470332,0.11732902099685784,-0.11159414847738586,-0.07973954367983846,0.017722681592548313,-0.01744724160239901,-0.03821664951020637,-0.012875986295112175,-0.0068967583941531236,0.03472085170870935,-0.06464882474379614,0.015125285385744053,-0.0076086746493729445,0.004216723499947535,503.1335219994584,0.043649929655889735,0.007005810946839269,-0.003412713675936555,0.006509552865229833,0.041280792734555774,0.023280602258011485,-0.00069864344432105,-0.0016742289081505737,0.0031910709443393618,0.0007234088874494349,0.0005068800319448674,-0.0003538759610033144,0.0002292055278061688,0.00019454100035811442,-0.00023665925879614688,7.674519662513239e-05,-1.626025167889648e-05
17,0.01776636345804119,0.07046939148860772,-0.04718894059388823,0.03144812264610462,0.1037725982244174,0.014784226791613547,0.005159113982373749,0.0075417790111076705,0.024514300513637205,0.00942757320533634,-0.0013821060049098498,0.014840156175709334,-0.005036376393619843,0.019052782664740843,0.043649929655889735,418.2944046035747,-0.020255013611231387,0.0029412190757595346,-0.0022722487837603107,0.0021481505230915507,-0.007779032060770324,0.0031968567365292188,0.0009678586779143174,-0.005365596706426231,0.0047114683329342886,-0.0034129999538329544,-0.00026620265806148264,0.0001513964137149542,0.00014433718277029567,-9.37918212838033e-05,3.1337778870963515e-05,5.034145039273787e-06
18,-0.021617152990430995,0.0030994969276035476,-0.051834675509116704,0.004837510860693341,-0.03302758456332279,0.01508729685072456,-0.05174010091371558,0.01354189873206416,0.007764041704433158,0.0009856440129585467,-0.009201269121329785,-0.00967772203208814,-0.012560848003381708,0.003519587281196094,0.007005810946839269,-0.020255013611231387,239.98140791285198,0.013225282901379079,-0.008877681052189378,-0.004340151905114945,-0.023923457344338716,-0.0010275219762657722,-7.871186997909229e-05,-0.006581140218800235,0.0021918166204642933,0.0018575376972786916,0.001291716743435738,-0.0005132463584815241,-0.00020512275229431204,0.00018182593873830274,1.807665203860073e-05,4.32767217113397e-06
19,0.11097402852136813,-0.07861096694243044,-0.04920065055256245,-0.006590871574459841,-0.029904884077443294,0.011031449022358274,0.028545479382981374,-0.07508906143781234,0.025679872990742515,-0.0009090321590658187,0.0014108743258238376,-0.004538172185313736,-0.015920689212853317,-0.012258509144379313,-0.003412713675936555,0.0029412190757595346,0.013225282901379079,247.36550703292656,0.0017152536292546346,0.015958641730467422,-0.002341538294608497,-0.0018210270743324397,0.001648515353853001,-5.887775554069232e-05,0.0009573172971100746,0.0046088117167230646,0.00030191057159835205,-0.0002597655926024864,-4.004492700957524e-05,-0.00011383174643544284,4.619961220530264e-05,-7.78308575223465e-06
20,-0.027767232422549436,0.012124238787536249,0.13959843442153994,0.0162184866744224,0.05865848431671928,0.003548585102603596,-0.009014064683456858,0.033117627768025404,-0.0024156424857523675,-0.0350787787737168,-0.01886104143945897,-0.0033912484479302293,-0.005011641264912888,0.009706305743252949,0.006509552865229833,-0.0022722487837603107,-0.008877681052189378,0.0017152536292546346,185.85311998780452,0.021812356388484416,0.026218626710616453,-0.0012707436331344413,0.001135725982506586,-0.003710744603964722,-5.710113645351817e-05,0.0006310850715847718,7.548624117873864e-05,0.000113472597498291,0.00010488960011201289,-3.035876630539867e-05,1.62917538377731e-05,-9.09820779684152e-06
21,0.2149250483131203,0.09040970308768682,0.1384100589771206,0.055082309569291284,0.010833570970930937,-0.01979817835619792,-0.13245805294187057,-0.03136472934261902,0.07677281907156518,0.08410529261566348,-0.007462731579700358,0.003940057886599497,-0.08217318384554284,0.0011289851593758074,0.041280792734555774,0.0021481505230915507,-0.004340151905114945,0.015958641730467422,0.021812356388484416,2215.2850396756344,-0.009507596571827303,-0.003033920247046084,0.002984750532931714,0.02654579687587395,-0.0019421726996145612,0.0005935969185775846,0.002433450476745377,-0.0004118670439119465,0.00010837822560395266,0.0004160888347664124,-1.2547394469522727e-05,4.700746822433559e-05
22,-0.043984790407656064,0.30641013134479994,-0.178447027434715,-0.03926469339631416,-0.00396633384476461,-0.0009875773149178823,0.003406567415610499,-0.06323727055467027,-0.031389070350873814,0.018982812368452565,-0.015572765150985851,-0.021593764731598568,0.004475245406757068,0.014210918663737143,0.023280602258011485,-0.007779032060770324,-0.023923457344338716,-0.002341538294608497,0.026218626710616453,-0.009507596571827303,1092.4070527673027,0.008164169972733915,-0.005625178205604363,0.013029884721423862,-0.0002532335676488156,-0.006617242457195129,-6.996195961947521e-05,-0.00045049777970866076,0.0005100117469889102,-5.782740853785821e-05,3.8111573442077794e-05,5.6808264620888985e-05
23,-0.0069749644483406426,-0.021471255134468497,0.006933455683487689,0.04149604520812524,0.008629933548632816,0.0020326756904666,-0.00033607890993022645,-0.009007902432233776,0.0037548926135813226,0.023806949181532693,-0.0001849438422494812,0.0021276639343230236,-0.0035894410743076343,-0.0022386992593740693,-0.00069864344432105,0.0031968567365292188,-0.0010275219762657722,-0.0018210270743324397,-0.0012707436331344413,-0.003033920247046084,0.008164169972733915,72.2217423593338,-0.0006386626376324229,0.0018567874486030069,0.0001837722090343047,-0.0007813225255536749,0.00018109997861920056,0.0005993714743986345,-0.00025500284579637743,8.16682824312512e-05,-1.6943081903574692e-06,8.80524333847016e-06
24,-0.014491004125347219,-0.04562281074002096,-0.07004965079659331,0.023526446604751,-0.01500295920255678,0.005827510964241974,-0.00704891983829222,0.014655497911105254,0.009145450195914546,0.0030263509537009595,-0.0066239307229644375,0.003423834689532207,0.009659360658318484,0.002225497866143703,-0.0016742289081505737,0.0009678586779143174,-7.871186997909229e-05,0.001648515353853001,0.001135725982506586,0.002984750532931714,-0.005625178205604363,-0.0006386626376324229,102.94264391500016,-0.0019069597503469297,0.00041677713808008145,0.002809337762817403,5.543533539229722e-05,-0.00040390603965757436,-0.00014736032910985224,-4.9550402306903474e-05,-1.7242617204715696e-05,3.829914306058207e-06
25,-0.010776009165680542,0.0028414115236721493,0.029912342768512276,0.01755943032941496,0.015280282986738851,0.04171891211748665,-0.021591747080514683,-0.0036087013297325895,-0.001171372682680795,-0.010341641678100163,0.01859652487908609,0.003038209836793082,0.005788079850235433,-0.007559832108555379,0.0031910709443393618,-0.005365596706426231,-0.006581140218800235,-5.887775554069232e-05,-0.003710744603964722,0.02654579687587395,0.013029884721423862,0.0018567874486030069,-0.0019069597503469297,201.54126812491688,-0.0002226790437415974,-0.0014430262046690953,-0.00010867615878077912,0.0007381518782999928,-9.26154689261373e-05,-0.00012937771614639104,4.751533700158956e-06,1.9295040607272435e-05
26,-0.032923534892190826,-0.018165782476201257,0.029141619253874897,0.012291948140309981,0.012692737469163395,-0.001533489509374208,-0.000212392245435612,-0.008043612219442171,0.006299909035637327,-0.0034039974205166347,-1.4281558842684987e-05,0.0002929702787568623,-0.0008103260343746861,-0.0013865700549814594,0.0007234088874494349,0.0047114683329342886,0.0021918166204642933,0.0009573172971100746,-5.710113645351817e-05,-0.0019421726996145612,-0.0002532335676488156,0.0001837722090343047,0.00041677713808008145,-0.0002226790437415974,32.04589635738316,-0.0005787365441705948,-0.00022684524905652317,-0.0003470689518862914,6.886821946102786e-05,1.2130765627993085e-05,3.5308196954100986e-05,-2.337187892946425e-06
27,0.0281428964983559,-0.0021233537730024703,-0.00926712153148743,0.0006340600651673965,-0.010416092865884302,0.011212409205419643,0.0005414809306715427,-0.0013915321496170976,-0.008711680804482163,0.0049478167377057436,-0.006205178762010037,-0.0017701676885785347,-0.0012792630870804619,-0.0003482083017767756,0.0005068800319448674,-0.0034129999538329544,0.0018575376972786916,0.0046088117167230646,0.0006310850715847718,0.0005935969185775846,-0.006617242457195129,-0.0007813225255536749,0.002809337762817403,-0.0014430262046690953,-0.0005787365441705948,25.72055901035409,0.0006219441771697481,-0.00011780616288151766,-3.078197791630762e-05,4.3937874717507495e-05,1.1630463041837262e-05,9.842014393886646e-06
28,0.004025626884961555,0.007887458688274082,0.0007561096765200731,-0.0005431186477633235,0.002026063813754407,-0.003445132213363842,-0.0008071151991294172,-0.0004100665045447708,-0.0003941800223837728,-0.0006409379738538685,-0.0005063958582136183,-0.0005846138353779296,-9.228368409023534e-05,-0.00016062411520570392,-0.0003538759610033144,-0.00026620265806148264,0.001291716743435738,0.00030191057159835205,7.548624117873864e-05,0.002433450476745377,-6.996195961947521e-05,0.00018109997861920056,5.543533539229722e-05,-0.00010867615878077912,-0.00022684524905652317,0.0006219441771697481,2.9374408923805957,-2.0765504221454498e-05,-1.272945049701398e-05,4.495665446668827e-05,-5.178918382074591e-06,3.32976703414569e-07
29,-5.0448640035119464e-06,0.00178276034809822,-0.006313848272421965,-0.001282488391957921,-3.276986795137535e-05,0.0011957205045776465,-0.0011811224622555816,0.0006667198555553331,0.0021080971696729994,0.0011765275964035113,0.000509398715914624,0.0004124170193406169,-0.0011701099339083423,-0.0005039259631867142,0.0002292055278061688,0.0001513964137149542,-0.0005132463584815241,-0.0002597655926024864,0.000113472597498291,-0.0004118670439119465,-0.00045049777970866076,0.0005993714743986345,-0.00040390603965757436,0.0007381518782999928,-0.0003470689518862914,-0.00011780616288151766,-2.0765504221454498e-05,2.1194955267503075,7.414822309288551e-05,1.1978958978518775e-05,5.831756672210282e-07,-8.566456372129738e-07
30,-0.0004733225149886978,-0.0005162947092285752,0.0011458501512906876,-0.0003614270279270309,0.0009578025911580006,0.00030402061984499283,0.0005554619214355064,-6.08086770360291e-05,0.0002603519876024281,-0.00030929071180427024,-0.000327941034050927,0.00016238818791204234,-0.00024161856862751023,-2.2925188140199378e-05,0.00019454100035811442,0.00014433718277029567,-0.00020512275229431204,-4.004492700957524e-05,0.00010488960011201289,0.00010837822560395266,0.0005100117469889102,-0.00025500284579637743,-0.00014736032910985224,-9.26154689261373e-05,6.886821946102786e-05,-3.078197791630762e-05,-1.272945049701398e-05,7.414822309288551e-05,0.5725412314959537,1.7083548957622771e-06,3.4955268192425058e-06,-1.0747268608315688e-06
31,-0.0016608338470382354,0.0006440531212639297,0.0018200740057593503,-0.00046096372785629157,-0.0004836633165143632,0.0004908831113017585,-0.00027404262157637626,0.0007005949097882326,-0.000302283414937178,8.554774025529929e-05,-0.0002577017364725189,0.00011335943813648511,-0.0002091249508302964,-3.5886251235980426e-05,-0.00023665925879614688,-9.37918212838033e-05,0.00018182593873830274,-0.00011383174643544284,-3.035876630539867e-05,0.0004160888347664124,-5.782740853785821e-05,8.16682824312512e-05,-4.9550402306903474e-05,-0.00012937771614639104,1.2130765627993085e-05,4.3937874717507495e-05,4.495665446668827e-05,1.1978958978518775e-05,1.7083548957622771e-06,0.2998238593744678,3.384290730899863e-06,4.543297287151786e-07
32,-0.00014470729917239535,-5.086234470899308e-05,0.00016705115141524822,0.0006444436098045431,-0.0001286578690164616,-0.00012354282361785862,-7.046895201903895e-05,7.558811991092182e-05,-0.00015047928424890628,-5.5506649691708405e-05,1.1181047897886356e-05,-0.00010141378962309627,3.970104227777014e-05,-3.432324843782542e-05,7.674519662513239e-05,3.1337778870963515e-05,1.807665203860073e-05,4.619961220530264e-05,1.62917538377731e-05,-1.2547394469522727e-05,3.8111573442077794e-05,-1.6943081903574692e-06,-1.7242617204715696e-05,4.751533700158956e-06,3.5308196954100986e-05,1.1630463041837262e-05,-5.178918382074591e-06,5.831756672210282e-07,3.4955268192425058e-06,3.384290730899863e-06,0.03176864709710395,5.472620357390945e-07
33,-6.6544469856906315e-06,0.00010660096700963251,-2.8202018175327273e-05,5.250347833810431e-05,-2.7925136836880868e-05,-1.9732890754687343e-05,-6.602603368602974e-05,-1.0303693313803207e-05,4.09511079129811e-05,-2.2892643328376492e-05,-1.0242172799875203e-05,-4.428679965025735e-05,-1.0981250349669074e-05,-1.4837005045268586e-05,-1.626025167889648e-05,5.034145039273787e-06,4.32767217113397e-06,-7.78308575223465e-06,-9.09820779684152e-06,4.700746822433559e-05,5.6808264620888985e-05,8.80524333847016e-06,3.829914306058207e-06,1.9295040607272435e-05,-2.337187892946425e-06,9.842014393886646e-06,3.32976703414569e-07,-8.566456372129738e-07,-1.0747268608315688e-06,4.543297287151786e-07,5.472620357390945e-07,0.008252685474570544
