,2,3,4,5,6,7,8,9
2,8170.502702501756,-0.1277483280662427,-0.029749855484729002,-0.01567061483823443,0.000450670206916093,-0.0025315407254801687,0.001116230187574639,-0.001483317310877376
3,-0.1277483280662427,1199.108781367362,0.010249211600997742,-0.006883393903512213,0.002369030217552142,-0.000923368473880944,-0.0006741443234963974,7.102907969980691e-05
4,-0.029749855484729002,0.010249211600997742,498.5594222457182,-0.002476063645194557,0.006084315458990009,0.0028557731034574547,-0.00021813238865059478,-0.000538844537483789
5,-0.01567061483823443,-0.006883393903512213,-0.002476063645194557,131.82610174975824,-0.0006068440673670884,-0.00021043588326414664,0.0002775050003862647,-1.64424266634427e-06
6,0.000450670206916093,0.002369030217552142,0.006084315458990009,-0.0006068440673670884,30.277546657264768,0.00024802485198076096,4.805125476231015e-06,0.00017431972042274526
7,-0.0025315407254801687,-0.000923368473880944,0.0028557731034574547,-0.00021043588326414664,0.00024802485198076096,6.843435782003873,-3.0273948119403263e-05,-1.773262678497298e-05
8,0.001116230187574639,-0.0006741443234963974,-0.00021813238865059478,0.0002775050003862647,4.805125476231015e-06,-3.0273948119403263e-05,1.496151787965838,1.9850198659504877e-05
9,-0.001483317310877376,7.102907969980691e-05,-0.000538844537483789,-1.64424266634427e-06,0.00017431972042274526,-1.773262678497298e-05,1.9850198659504877e-05,0.26690585933803757
