,2,3,4,5,6,7,8,9
2,14360.946030439689,0.23293308674236937,0.06336965668989417,0.038267992868486,0.001439991785193525,-7.487838939811613e-05,2.373029159743668e-05,-9.861924976469956e-05
3,0.23293308674236937,2791.947415289508,-0.024669672896842108,0.0134212947004539,-0.0007798450521288066,0.0007455005838794242,-0.0005216643642426188,0.00023251264042662605
4,0.06336965668989417,-0.024669672896842108,451.0153035841017,0.002865135464622496,0.0006070597671566149,-0.000997411450399986,0.0003344324448891878,-7.090636355882859e-05
5,0.038267992868486,0.0134212947004539,0.002865135464622496,64.12524946190122,0.00037538363934679195,0.00012469343725359772,4.2416744866893766e-05,-1.8123083713415705e-05
6,0.001439991785193525,-0.0007798450521288066,0.0006070597671566149,0.00037538363934679195,8.418866438802382,5.4552321022032906e-05,2.2456211142393743e-05,7.621736861659349e-06
7,-7.487838939811613e-05,0.0007455005838794242,-0.000997411450399986,0.00012469343725359772,5.4552321022032906e-05,1.0812419792835348,-1.4096154332350839e-05,1.5174022083183267e-06
8,2.373029159743668e-05,-0.0005216643642426188,0.0003344324448891878,4.2416744866893766e-05,2.2456211142393743e-05,-1.4096154332350839e-05,0.16179353529814602,1.04088400133635e-06
9,-9.861924976469956e-05,0.00023251264042662605,-7.090636355882859e-05,-1.8123083713415705e-05,7.621736861659349e-06,1.5174022083183267e-06,1.04088400133635e-06,0.018883427420265973
