,2,3,4,5,6,7,8
2,0.0,0.0,0.0,0.0,0.0,0.0,0.0
3,0.0,2964340.874668504,-120.47985041055959,8.641863971898305,-1.224468505558079,-1.3739185710598918,0.22350125515288066
4,0.0,-120.47985041055959,2001691.3803271963,-9.577972851929978,3.720598178501223,1.8484346816480992,0.3042137667527805
5,0.0,8.641863971898305,-9.577972851929978,417930.34929285524,0.17930008519097562,-0.06190271421516028,0.18449682094087871
6,0.0,-1.224468505558079,3.720598178501223,0.17930008519097562,45890.09921948875,0.01835149955927239,0.07255975683775767
7,0.0,-1.3739185710598918,1.8484346816480992,-0.06190271421516028,0.01835149955927239,2368.392734484157,-0.024023078461794627
8,0.0,0.22350125515288066,0.3042137667527805,0.18449682094087871,0.07255975683775767,-0.024023078461794627,54.81055764116782
