,2,3,4,5,6,7,8,9,10
2,445167.6346006345,-0.63439506765716,0.011268121454394134,-1.1685989310571172,0.07930177049644,0.04906135678911346,0.04813182828063779,-0.026298139637842922,-0.003985695845343381
3,-0.63439506765716,68644.78004523551,3.1195670832010824,-0.1107547850884052,0.19646781188055612,-0.0053103631933564205,0.009171554398496842,0.0019478266426613744,0.0015106938170725264
4,0.011268121454394134,3.1195670832010824,12501.88547679969,0.03251991191968793,0.09978110281888265,-0.009427214634688284,-0.0010240443471878232,-0.002210845242942896,0.0006631033646523709
5,-1.1685989310571172,-0.1107547850884052,0.03251991191968793,1706.034467337156,0.024360499267951172,0.018892607229068627,-0.006845406908871067,-0.0024502417920379336,-0.0002602842469011075
6,0.07930177049644,0.19646781188055612,0.09978110281888265,0.024360499267951172,352.0968622105396,0.002804611058581629,-0.002739275215529082,4.01349026951091e-05,-0.00012546302038159545
7,0.04906135678911346,-0.0053103631933564205,-0.009427214634688284,0.018892607229068627,0.002804611058581629,92.90627856733825,0.001028904461618279,-9.797988790130889e-05,-6.545465307721721e-05
8,0.04813182828063779,0.009171554398496842,-0.0010240443471878232,-0.006845406908871067,-0.002739275215529082,0.001028904461618279,28.599356887301056,-0.00027578185302004393,1.1069630656055055e-05
9,-0.026298139637842922,0.0019478266426613744,-0.002210845242942896,-0.0024502417920379336,4.01349026951091e-05,-9.797988790130889e-05,-0.00027578185302004393,3.394172914218742,-2.9865559802601463e-05
10,-0.003985695845343381,0.0015106938170725264,0.0006631033646523709,-0.0002602842469011075,-0.00012546302038159545,-6.545465307721721e-05,1.1069630656055055e-05,-2.9865559802601463e-05,0.18120912556263635
