,3,4,5,6,7,8
3,455496.08096382767,-18.56441006515787,1.3152597103264025,-0.503104806478443,-0.3735626506078108,0.07024023976506145
4,-18.56441006515787,241423.05312489453,-0.9435044469290911,0.8910514683109338,0.45007532131541966,0.12847033062547009
5,1.3152597103264025,-0.9435044469290911,33945.451997477874,-0.023126577443058818,0.015523093503420723,0.046415362605749806
6,-0.503104806478443,0.8910514683109338,-0.023126577443058818,6417.763379971108,0.00691840918624424,0.021016177454193492
7,-0.3735626506078108,0.45007532131541966,0.015523093503420723,0.00691840918624424,397.829437869804,-0.006061861679581488
8,0.07024023976506145,0.12847033062547009,0.046415362605749806,0.021016177454193492,-0.006061861679581488,14.751397075334364
