,2,3,4,5,6,7,8,9
2,65318.38074146511,-0.09787505408771591,-0.06600954362688406,-0.12327975807208191,-0.053167581440167214,-0.004729892027601998,-0.005721054180922197,0.0004925647669750702
3,-0.09787505408771591,11384.464210864797,-0.020252977597804492,0.03828036660118793,0.005814553027168197,0.006076589343465331,5.985683153783215e-05,-0.00047679003134701433
4,-0.06600954362688406,-0.020252977597804492,1873.9400124387832,-0.02901226684228382,-0.0033275552245644498,0.004978480416680756,-0.0007184974933241875,0.00017597208710157282
5,-0.12327975807208191,0.03828036660118793,-0.02901226684228382,299.78314706472423,0.0022710879158890124,-4.051105859178476e-05,0.00015476231813798294,-0.00011590020330594372
6,-0.053167581440167214,0.005814553027168197,-0.0033275552245644498,0.0022710879158890124,46.73527031878846,-0.00010168332624697301,0.00013107456232854786,8.14663697604868e-05
7,-0.004729892027601998,0.006076589343465331,0.004978480416680756,-4.051105859178476e-05,-0.00010168332624697301,6.9569845977211395,-3.299838940936275e-05,-1.0307335620639409e-05
8,-0.005721054180922197,5.985683153783215e-05,-0.0007184974933241875,0.00015476231813798294,0.00013107456232854786,-3.299838940936275e-05,1.0377813046518312,4.938222222401084e-06
9,0.0004925647669750702,-0.00047679003134701433,0.00017597208710157282,-0.00011590020330594372,8.14663697604868e-05,-1.0307335620639409e-05,4.938222222401084e-06,0.14038987388393004
