index,0,1,2,3,4,5,6,7,8,9,10,11,12,13,14,15,16,17,18,19,20,21,22,23,24,25,26,27,28,29,30,31,32,33,34,35,36,37,38,39,40,41
0,48146.81917810777,1.3571759659064537,-0.20094980057720405,0.4262431732542302,0.11369203784789475,-0.1658868017755074,-0.08496062570290087,-2.473245448703658,0.8099182391162905,-0.4418927873029805,-0.688106629727893,-0.29364667940881084,0.09906899780960955,0.02640193325988874,-0.4268692033432991,0.480001358782078,0.18289871998341575,0.330406718983447,-0.1598337537851476,0.00658112733193976,-0.06587169537246818,-1.7679080941535121,0.8280010485618952,0.12825061990116016,0.29510302843509506,0.0923733265170456,0.3394121396807913,-0.04480527549830541,-0.5624505201796401,-2.1407988493754204,0.2317900716085149,-0.41347440084575,-0.21879542933346133,0.3617453493289236,-0.0046750710894044485,0.8051760223281125,-0.14832154834467354,-0.37765513921183713,0.14218300522714827,0.10579126264387502,0.052155941512221644,0.04987292240984269
1,1.3571759659064537,16783.984842695976,0.6423466064198955,-0.38897279748081487,-0.10758055576041406,-0.1022572955882938,-0.009081957698489726,1.4800420798773897,-0.2040118657913089,-0.3586524692230474,0.06392700718845924,-0.06912886775128582,0.01961670489788993,-0.07296134930162002,-0.6028095507766543,0.21772719603474391,0.13992949211956918,0.18351769048230762,-0.017180443138025546,0.10990890405352163,0.0835111403033669,0.3361496269503532,-0.908855145951899,-0.5836097040025634,0.18212031301133538,0.2877835976925121,-0.04131415591881385,0.10644950585555132,0.29315188412230403,-0.19191581961474327,-0.14116038508273374,0.06395541527596046,-0.004706745570940321,-0.0005981967462813289,0.026264324473431494,0.9791292423252361,-0.30990253359792364,-0.14819368588088785,-0.2643657576614483,0.04271784077471302,0.04186020039690535,0.0625017403046454
2,-0.20094980057720405,0.6423466064198955,5987.392411703887,-0.06703671994856913,0.0017341236918227987,0.07668264245496816,0.03894740305883269,0.12048641025129507,0.44448505704509783,-0.19570257704445765,0.06729393344975296,-0.10360703254519876,0.07488543320384433,0.0364484533311425,-0.3844974421537269,-0.4826047876799875,0.35018613679292687,-0.12464597110882368,-0.09554482257697437,0.057222338375235014,0.010849229706572911,-0.3965881480875973,0.11380887693289393,0.20996723793482175,-0.23783923080677538,0.04974128688175183,-0.021486775250365655,0.024734270839219908,0.45284372168073306,0.10394308825778811,0.10314657168998483,-0.015388263340352173,0.04486589231464969,-0.03621530571465917,0.028522748584958145,-0.6245110514616102,0.5209321109159579,0.0006122474583045989,-0.23793736746556887,-0.0008908546250468891,0.07361150697283383,-0.01338836235055411
3,0.4262431732542302,-0.38897279748081487,-0.06703671994856913,2323.2102942920637,-0.05101256063706311,0.01682334748891143,-0.009052802790158975,-0.5979726218785871,-0.2122609795787642,0.018907412220474196,-0.11735971925259657,0.11798384641350594,0.0013829285328469762,-0.01618242443450678,0.29869594758764373,0.02004534063060125,0.06532896402089303,0.03203406665767926,-0.005052757590483394,0.0211545687125557,0.012125061689688637,-0.5308623102314223,0.14514816857747867,-0.06684824370162888,0.003162196668766132,0.02933415508749475,-0.02893166759595929,-0.052973052584896596,0.30689941099711543,0.006124313977650555,-0.15643094913556724,-0.04103621719274338,-0.03509459252434654,-0.03467648729384816,0.014247720277930516,0.37281309101753957,0.0911461955277403,0.0995469294448824,0.05540421359142723,0.015901875376578556,-0.026294800973112143,-0.007918659593529885
4,0.11369203784789475,-0.10758055576041406,0.0017341236918227987,-0.05101256063706311,898.3807666456564,-0.0094569075426659,0.0021869222118644682,0.03029930883413715,0.004688242879675683,0.1958763489003407,-0.02118138018756117,0.012480855261791924,-0.009657053221218861,-0.01927825188717779,0.12619382579787444,-0.11846659229881965,0.02211873735851012,0.10056346420246356,0.015134389189933302,-0.023876133093106596,-0.0065731555574475966,-0.15804116911641886,-0.3359295739625603,0.014232995839380222,-0.01470455071899574,-0.00820810351054986,-0.010251909344259185,-0.009944729563844207,-0.03582323253158957,0.1067600881300879,0.000931961943751372,0.05455506439448111,-0.0021066205586275457,0.006680426589898218,0.0034458953988322095,-0.018335981628291177,0.10950543445994779,-0.058542155119385306,0.06213951017594784,0.011190397140750876,0.02365157818868649,-0.014489647883631055
5,-0.1658868017755074,-0.1022572955882938,0.07668264245496816,0.01682334748891143,-0.0094569075426659,336.72029461820813,-0.001358665569964819,-0.25744115462531636,0.06776925062800007,-0.020727740607240763,0.014082465654435473,0.019093568330055002,0.0020811252994218294,0.0009829168581574129,0.14938428123616815,0.16202121122576613,-0.03522290601359019,-0.04144795185959573,0.011717810832697066,-0.01075436462452287,-0.00750415582003768,0.1250158476349367,0.010274070425456049,0.0340839301341129,-0.0038344869127978094,-0.0023744970739323916,-0.0019979546960743827,0.00460587520501779,-0.030675453480558477,0.016943737555128627,0.01611819591394148,0.02685155732233906,-0.013000624384857669,-0.012032728604846247,0.004405790093944175,-0.1099608930829285,0.01738216398468988,-0.006693406284788551,0.0410167412036385,-0.0028917614436776377,0.0040494703187554555,0.0005616867578117252
6,-0.08496062570290087,-0.009081957698489726,0.03894740305883269,-0.009052802790158975,0.0021869222118644682,-0.001358665569964819,204.23402548413054,0.08142494133511187,-0.0028537060312915814,0.06923442524933868,0.014617188357531511,-0.014323196727866807,-0.002060488326377222,-0.009167318126341535,-0.04488150533182597,0.011138938231936084,0.014128391072214749,0.01935953078378053,0.007087487113707572,0.006894919927336347,0.003652697496830393,-0.12823718971516132,0.00016365770017000522,0.043449022777551756,0.029251858915220006,-0.006459691085533915,-0.0022604993694262314,0.0018135944542005213,0.17080028593737304,-0.039224928714867394,5.4746091528736224e-05,0.025062159501879806,0.016419719831390827,-0.003693465504975697,-0.006206462757140934,-0.04953575009196463,0.0013659880041189103,0.023077822273880607,-0.021581597673002353,0.02293732915741574,-0.011339538653016009,0.0018801717368414981
7,-2.473245448703658,1.4800420798773897,0.12048641025129507,-0.5979726218785871,0.03029930883413715,-0.25744115462531636,0.08142494133511187,67164.46195429553,-0.13898666490436137,0.543498240990427,0.01927947925208418,-0.08762582666373808,0.30227737951731637,-0.11077179207873857,-1.0963220330913477,0.28602436154712746,-0.4491689728034252,-0.5679628998235338,-0.20014694494242724,-0.11868624967350742,-0.04962206284443292,3.833719166462452,1.2736814191481394,-0.008317993873681866,-0.20028402951229501,0.09168837005557516,-0.15343183313680106,0.291499617582655,1.8842823521819547,0.22318330387988727,-0.8516685508473446,-0.03932187688307164,-0.0037810923872272644,0.11456280528640467,-0.12469983356019217,0.5543256549763098,-1.530504806026598,-0.5186866785975882,-0.5283861427313483,0.27166752138265443,0.21265108393992138,-0.14204370788154247
8,0.8099182391162905,-0.2040118657913089,0.44448505704509783,-0.2122609795787642,0.004688242879675683,0.06776925062800007,-0.0028537060312915814,-0.13898666490436137,23793.416367589885,0.28764958899104737,0.09991775716550116,0.00531919410851207,0.16737145123125002,-0.16244712583840099,-1.3766679278788283,-0.06811344163939125,0.5065544021512134,-0.24406493877341814,-0.14563649251472255,-0.03727777133283184,0.04330890578317024,-0.35337464853199846,-0.5123347389808846,0.07375723456479062,0.06879258952708019,-0.055213329071501956,-0.0732167698971589,-0.060478666954364026,-0.08636463327490285,0.1319427660365298,0.402821429397168,-0.3514915355573082,-0.09678417508948994,0.04038368743802209,0.010740568984135834,0.5749768388958605,0.9424734878732876,-0.6311394409923292,0.17698409631189044,0.12186613954982675,-0.008324813215742792,-0.02934131215076397
9,-0.4418927873029805,-0.3586524692230474,-0.19570257704445765,0.018907412220474196,0.1958763489003407,-0.020727740607240763,0.06923442524933868,0.543498240990427,0.28764958899104737,8489.76504851297,-0.317527278427503,0.030237474653924054,0.0597314075009412,0.06363955527480455,0.17359050761400663,0.017945412861504962,-0.2757237625542391,-0.058861081449308496,-0.03975778645255953,0.04221379992680286,0.02231501380347361,0.062196550595336075,-0.02791656544607601,0.4120713098261995,0.0034029457446095607,-0.0822568229448231,-0.001414113788460435,-0.014445560003786757,0.37955834076461864,0.12172108611676677,0.412625863267946,0.0697729155778809,0.03027152085296973,0.027064472314301435,-0.04212888620119521,0.23318511495002822,-0.2902574881373844,0.1927101421515843,0.012470890107591904,0.001881238567846358,-0.09210211144876375,0.01977125690618386
10,-0.688106629727893,0.06392700718845924,0.06729393344975296,-0.11735971925259657,-0.02118138018756117,0.014082465654435473,0.014617188357531511,0.01927947925208418,0.09991775716550116,-0.317527278427503,3293.966583785548,-0.044078162200604246,0.028914934971673762,-0.014242998842047843,0.4558498944829925,-0.031566453255838935,0.023832524655348623,0.023272142652975527,-0.10475786147254243,-0.008999752809440232,-0.004346238508217273,-0.22982907209038803,0.31842260387183247,0.02977549097787961,0.05055318883954773,-0.038979480992755035,-0.0072084313884750815,-0.004368592746812148,-0.02430946255076445,0.04962325187539236,-0.08047044702248389,-0.0028540689787124006,-0.03940820516482718,0.01833379226532939,0.035644349424037526,-0.6405856741733365,-0.7715567099980944,0.011685770180333406,-0.048471393404101344,-0.03726605617796166,-0.03550594582835656,0.010338154849918367
11,-0.29364667940881084,-0.06912886775128582,-0.10360703254519876,0.11798384641350594,0.012480855261791924,0.019093568330055002,-0.014323196727866807,-0.08762582666373808,0.00531919410851207,0.030237474653924054,-0.044078162200604246,1215.2234973777875,0.01484172529314502,-0.009629014999140548,0.1897588822792851,-0.1365338957723835,0.11511378185018964,-0.02929539235858713,0.013246966073837631,-0.017257681612908592,0.024970378758417,-0.030266600769641397,-0.11082147221027122,-0.17136534667678552,0.04836099447843589,-0.01892523123345293,0.019071964661967186,0.008762517179240852,-0.5027414282857863,0.04039077433067556,0.05527901913437632,-0.009772645879743426,0.028055832612384892,0.037689091803825535,0.011013881419747825,0.0569243969919244,-0.05770037456856973,0.0391131763907577,0.02177119852993367,-0.04313267007809925,0.010383635842836966,-0.001455085359066761
12,0.09906899780960955,0.01961670489788993,0.07488543320384433,0.0013829285328469762,-0.009657053221218861,0.0020811252994218294,-0.002060488326377222,0.30227737951731637,0.16737145123125002,0.0597314075009412,0.028914934971673762,0.01484172529314502,481.70358404738226,-0.003836105610008188,-0.08091252736635444,-0.11043855081613035,-0.006159785934949812,-0.017543400907772563,0.014603749770846846,0.0030164307565369746,-0.0034286935897974943,0.16881775599195856,0.09515364863085277,-0.009285778753339467,0.004411353555851204,-0.019701902900321058,0.034894976079263104,0.0077483618071585575,-0.09543561085896572,-0.02685120316653058,-0.0240564608919514,0.05699586354939171,-0.008307771639804692,-0.0071732851926425145,-0.02022926001889478,0.10250628743241137,-0.00957146414068667,0.08134136712458567,-0.050254877461775295,-0.05970227886705943,-0.008958070271714977,0.011861246971148164
13,0.02640193325988874,-0.07296134930162002,0.0364484533311425,-0.01618242443450678,-0.01927825188717779,0.0009829168581574129,-0.009167318126341535,-0.11077179207873857,-0.16244712583840099,0.06363955527480455,-0.014242998842047843,-0.009629014999140548,-0.003836105610008188,230.9976634211088,0.00742569793728876,0.02634234215978729,-0.04753543869015195,0.02900850866255473,0.004274778272698003,0.006107627082275527,0.001135624418889824,-0.0648659724182306,0.0056484275434792505,0.03707760414121541,0.03229200753777954,-0.008391367196080043,-0.0036712878213430735,0.009716086365051245,-0.06824301360779535,0.021236556990483303,-0.001217911970268599,-0.01600777054835997,-0.02503201090563791,-0.0038778331057346717,-0.0028584620351118336,-0.12783747528237652,-0.024816235873625064,0.022516433430631567,0.02540003140295997,-0.01955072808913042,-0.003968302528431645,-0.003997923430579596
14,-0.4268692033432991,-0.6028095507766543,-0.3844974421537269,0.29869594758764373,0.12619382579787444,0.14938428123616815,-0.04488150533182597,-1.0963220330913477,-1.3766679278788283,0.17359050761400663,0.4558498944829925,0.1897588822792851,-0.08091252736635444,0.00742569793728876,45421.03161055794,0.7187732880027129,0.22635664125558758,0.22637503472526255,-0.22576473944328473,0.0038362677531134557,-0.1200454514389905,-0.9345630200868749,2.0176964761063014,0.18826448022861783,0.15282017139843318,-0.04775261833289711,0.028915116029331476,-0.05867286353174484,-2.178782788055082,0.7666428825553523,-0.10404599131396404,-0.4207921018475352,0.06457618707067381,-0.011354826942004395,-0.11074192683723734,1.5904188952426332,0.058789968603851536,-0.5979356355494535,-0.201644688847134,-0.23350725096427094,-0.1488123802759841,-0.0756330981144684
15,0.480001358782078,0.21772719603474391,-0.4826047876799875,0.02004534063060125,-0.11846659229881965,0.16202121122576613,0.011138938231936084,0.28602436154712746,-0.06811344163939125,0.017945412861504962,-0.031566453255838935,-0.1365338957723835,-0.11043855081613035,0.02634234215978729,0.7187732880027129,15633.04738126393,-0.2392521941564815,-0.09638893924722197,0.00402992126993534,-0.28771199675687775,0.0584502868394216,0.194804460096173,-0.24614950480931921,-0.3579155583194379,0.06264458474988202,0.031268926718225974,0.10389178787513358,0.02514107900876801,-0.8573892635682665,0.2874752031859175,0.339401204764724,-0.13191777245896313,0.1566392417366066,0.04309714406533117,0.044898839402376385,0.13807912959102975,0.0772475953332589,0.017687884200852506,0.06691411640046925,0.0758900828381039,-0.07737609509642496,-0.009208159126154901
16,0.18289871998341575,0.13992949211956918,0.35018613679292687,0.06532896402089303,0.02211873735851012,-0.03522290601359019,0.014128391072214749,-0.4491689728034252,0.5065544021512134,-0.2757237625542391,0.023832524655348623,0.11511378185018964,-0.006159785934949812,-0.04753543869015195,0.22635664125558758,-0.2392521941564815,5589.58659940597,-0.20502904351951395,-0.03635853930046248,0.0004160151472371246,-0.00105891524952148,0.26267203113501764,-0.13658134900785207,0.3025301717169466,-0.189480458699571,-0.0183363966486445,-0.11566797335713248,0.05401580571655154,-0.12182098005162394,0.10637378176044224,-0.3258556992260025,0.025532061478585423,0.09620991870222467,0.0400376062561405,-0.004168770055955565,-0.24765674928939294,-0.15573471702150204,-0.5364469850568904,-0.08876112976148537,0.0239749089884116,0.011986448518079795,0.05485283934522331
17,0.330406718983447,0.18351769048230762,-0.12464597110882368,0.03203406665767926,0.10056346420246356,-0.04144795185959573,0.01935953078378053,-0.5679628998235338,-0.24406493877341814,-0.058861081449308496,0.023272142652975527,-0.02929539235858713,-0.017543400907772563,0.02900850866255473,0.22637503472526255,-0.09638893924722197,-0.20502904351951395,2050.9284514943092,-0.0019858053610393536,-0.01754906589907711,0.029597555652138934,0.305509845403953,0.14439936575207363,-0.08386942098538913,-0.09836094156932902,0.017843366655876297,0.0006066936381257001,-0.010678106377348956,0.17958726505383796,-0.19772069750516622,0.08831967225091301,0.041620981832116176,-0.025137978787567742,-0.0066817309108831375,-0.009906410117951413,-0.08922977406921825,0.3607058907995333,-0.08663145778590978,-0.08067027756975047,-0.001502174864066645,-0.010839572014006829,0.013929682319461711
18,-0.1598337537851476,-0.017180443138025546,-0.09554482257697437,-0.005052757590483394,0.015134389189933302,0.011717810832697066,0.007087487113707572,-0.20014694494242724,-0.14563649251472255,-0.03975778645255953,-0.10475786147254243,0.013246966073837631,0.014603749770846846,0.004274778272698003,-0.22576473944328473,0.00402992126993534,-0.03635853930046248,-0.0019858053610393536,836.8254004100075,-0.01943375080141097,-0.024731427187250844,-0.1666787144720867,-0.1652049093038784,-0.07019525876737531,0.02419956257854892,0.006736665119219436,0.0013400938238128483,0.008091890000168323,0.15482223342760143,0.029012464369426585,-0.0772348920871378,-0.015661289040486928,0.017478325144022915,-0.016194182449535764,-0.019160476986598663,-0.1849736971511919,-0.04558953478894321,0.07947190406485724,0.011153089396407707,-0.01767335629280726,0.015141298336823294,0.00620238535100221
19,0.00658112733193976,0.10990890405352163,0.057222338375235014,0.0211545687125557,-0.023876133093106596,-0.01075436462452287,0.006894919927336347,-0.11868624967350742,-0.03727777133283184,0.04221379992680286,-0.008999752809440232,-0.017257681612908592,0.0030164307565369746,0.006107627082275527,0.0038362677531134557,-0.28771199675687775,0.0004160151472371246,-0.01754906589907711,-0.01943375080141097,326.3596324634067,-0.0010825488601464506,-0.21416282866781272,0.006656762723516805,0.05934319600063998,-0.012230018776791378,-0.0035896337581187506,-0.005882619877100698,0.011612717221796916,0.07357109996238219,-0.046868265991004465,-0.0281088339826451,-0.008987270933953562,0.01851694638867332,-0.0056511727637904175,0.0006903131780483416,0.061139574115616935,0.15235436410478068,-0.05847243155212154,-0.01752939705892527,0.005896181668156913,-0.008290313595450169,-0.011279799503122287
20,-0.06587169537246818,0.0835111403033669,0.010849229706572911,0.012125061689688637,-0.0065731555574475966,-0.00750415582003768,0.003652697496830393,-0.04962206284443292,0.04330890578317024,0.02231501380347361,-0.004346238508217273,0.024970378758417,-0.0034286935897974943,0.001135624418889824,-0.1200454514389905,0.0584502868394216,-0.00105891524952148,0.029597555652138934,-0.024731427187250844,-0.0010825488601464506,155.45947246406567,-0.07610615070167304,0.08963218728250215,0.022845096771058733,-0.03778917784501618,0.020340417309485256,-0.0034954907063097984,0.00032569794143394904,-0.031295378278747496,0.039179541368524536,0.01302088492944982,-0.02463431090224015,-0.020930091774245388,-0.0025521714136759756,0.003235709368346328,-0.03830478145412896,0.036277422775041715,0.0005496596443199779,-0.004910852993694064,0.009549589281548945,-0.0012876835768902228,-0.0011046469957237135
21,-1.7679080941535121,0.3361496269503532,-0.3965881480875973,-0.5308623102314223,-0.15804116911641886,0.1250158476349367,-0.12823718971516132,3.833719166462452,-0.35337464853199846,0.062196550595336075,-0.22982907209038803,-0.030266600769641397,0.16881775599195856,-0.0648659724182306,-0.9345630200868749,0.194804460096173,0.26267203113501764,0.305509845403953,-0.1666787144720867,-0.21416282866781272,-0.07610615070167304,52274.562325823754,-1.3576264366630115,0.01145820812585552,0.9010028036026463,-0.07460475787830809,-0.025771338692554206,0.21775545336945448,1.671414933429383,0.23159051130177602,0.4797139493485951,0.7638970150814466,0.16897282961724544,0.2406690896001515,0.05176138227778714,-0.1275671865813846,0.37010323402800716,0.7358185677332981,0.08514736104756422,-0.43384791728228256,-0.09788437074764021,0.11326655642595844
22,0.8280010485618952,-0.908855145951899,0.11380887693289393,0.14514816857747867,-0.3359295739625603,0.010274070425456049,0.00016365770017000522,1.2736814191481394,-0.5123347389808846,-0.02791656544607601,0.31842260387183247,-0.11082147221027122,0.09515364863085277,0.0056484275434792505,2.0176964761063014,-0.24614950480931921,-0.13658134900785207,0.14439936575207363,-0.1652049093038784,0.006656762723516805,0.08963218728250215,-1.3576264366630115,18708.38717140167,0.13950594972664693,0.20082228641795144,-0.20172286554086755,-0.06018984933220544,0.09067777040784171,0.9831793250252756,-0.08717384901807816,-0.24885695610513023,-0.19877789233583276,-0.22906548990709988,0.2261461991780239,-0.055690295606032725,-1.434830656624504,0.20894732800814567,0.30968475105630755,0.01881130321258004,0.04579286326511024,0.06138124344259389,-0.060229114848539704
23,0.12825061990116016,-0.5836097040025634,0.20996723793482175,-0.06684824370162888,0.014232995839380222,0.0340839301341129,0.043449022777551756,-0.008317993873681866,0.07375723456479062,0.4120713098261995,0.02977549097787961,-0.17136534667678552,-0.009285778753339467,0.03707760414121541,0.18826448022861783,-0.3579155583194379,0.3025301717169466,-0.08386942098538913,-0.07019525876737531,0.05934319600063998,0.022845096771058733,0.01145820812585552,0.13950594972664693,6836.8473266667925,0.04122391916824004,0.054565550514096096,-0.06889649158369116,-0.05005774580210149,0.16128134769258012,0.05905804013684935,0.051249871482977036,-0.09351663621655776,0.22283820994158537,-0.031458613501723506,-0.012677715885955556,-0.9063612878519578,-0.8584743305083371,0.08741685918615458,-0.04172462613231331,-0.03170394557276802,-0.04055547042785629,0.04778449848833723
24,0.29510302843509506,0.18212031301133538,-0.23783923080677538,0.003162196668766132,-0.01470455071899574,-0.0038344869127978094,0.029251858915220006,-0.20028402951229501,0.06879258952708019,0.0034029457446095607,0.05055318883954773,0.04836099447843589,0.004411353555851204,0.03229200753777954,0.15282017139843318,0.06264458474988202,-0.189480458699571,-0.09836094156932902,0.02419956257854892,-0.012230018776791378,-0.03778917784501618,0.9010028036026463,0.20082228641795144,0.04122391916824004,2462.074692893344,-0.049890929836710785,0.03681226807139317,0.0037220548848504796,0.22186659868206704,-0.2274701971764354,0.19266960158647453,0.0072446385001116095,-0.11518366441483714,-0.0041803812406529875,0.0033943037959920336,-0.09097613071531546,0.10411988318846029,-0.06758288787832366,-0.06761043123581158,0.11792751478458094,-0.03223333631567164,-0.0017245166435438035
25,0.0923733265170456,0.2877835976925121,0.04974128688175183,0.02933415508749475,-0.00820810351054986,-0.0023744970739323916,-0.006459691085533915,0.09168837005557516,-0.055213329071501956,-0.0822568229448231,-0.038979480992755035,-0.01892523123345293,-0.019701902900321058,-0.008391367196080043,-0.04775261833289711,0.031268926718225974,-0.0183363966486445,0.017843366655876297,0.006736665119219436,-0.0035896337581187506,0.020340417309485256,-0.07460475787830809,-0.20172286554086755,0.054565550514096096,-0.049890929836710785,985.8418621429406,-0.0024653663784075268,0.0003869326554571437,0.1748919873404984,-0.03510853629094091,0.03268189720048452,0.031720171723309556,0.020977232759793584,0.004110990411206681,0.009199157358961312,0.003676547136410738,-0.1471723371335259,-0.058915178809365865,0.03683678499415053,0.03785087117171369,-0.012587828236727262,0.005641259086925046
26,0.3394121396807913,-0.04131415591881385,-0.021486775250365655,-0.02893166759595929,-0.010251909344259185,-0.0019979546960743827,-0.0022604993694262314,-0.15343183313680106,-0.0732167698971589,-0.001414113788460435,-0.0072084313884750815,0.019071964661967186,0.034894976079263104,-0.0036712878213430735,0.028915116029331476,0.10389178787513358,-0.11566797335713248,0.0006066936381257001,0.0013400938238128483,-0.005882619877100698,-0.0034954907063097984,-0.025771338692554206,-0.06018984933220544,-0.06889649158369116,0.03681226807139317,-0.0024653663784075268,406.4731968763041,0.008337638550033352,0.0704476767000419,0.053452785748568175,0.023885541868615277,-0.02026474846139067,0.009236734896979421,0.020917707525354007,0.010173246909870716,0.14840139099689995,-0.056322881923226945,0.03577565246958774,0.01822039454691394,0.00522295515222735,-0.010828251882569062,0.022304659574164252
27,-0.04480527549830541,0.10644950585555132,0.024734270839219908,-0.052973052584896596,-0.009944729563844207,0.00460587520501779,0.0018135944542005213,0.291499617582655,-0.060478666954364026,-0.014445560003786757,-0.004368592746812148,0.008762517179240852,0.0077483618071585575,0.009716086365051245,-0.05867286353174484,0.02514107900876801,0.05401580571655154,-0.010678106377348956,0.008091890000168323,0.011612717221796916,0.00032569794143394904,0.21775545336945448,0.09067777040784171,-0.05005774580210149,0.0037220548848504796,0.0003869326554571437,0.008337638550033352,177.25482724557028,-0.06937805839749374,-0.0039849422957682675,0.05381128928569228,0.018547205833218974,0.011992494285888274,0.006106896389989541,0.0010718861005827268,0.025550413763466295,-0.033331288183739455,-0.009498423848696537,0.029036936565965007,-0.021653234411092157,-0.010316680807249035,-0.0038789232552796085
28,-0.5624505201796401,0.29315188412230403,0.45284372168073306,0.30689941099711543,-0.03582323253158957,-0.030675453480558477,0.17080028593737304,1.8842823521819547,-0.08636463327490285,0.37955834076461864,-0.02430946255076445,-0.5027414282857863,-0.09543561085896572,-0.06824301360779535,-2.178782788055082,-0.8573892635682665,-0.12182098005162394,0.17958726505383796,0.15482223342760143,0.07357109996238219,-0.031295378278747496,1.671414933429383,0.9831793250252756,0.16128134769258012,0.22186659868206704,0.1748919873404984,0.0704476767000419,-0.06937805839749374,40242.38992209064,-1.176968446329444,0.0029668407650558573,0.13522881173188595,-0.20524863576319782,-0.168047964378572,0.10013936030651417,-0.3676794847121301,0.8136336163557654,0.837242332910523,0.02819015268809378,0.14494760671083945,0.08817467726015642,0.08822536944886511
29,-2.1407988493754204,-0.19191581961474327,0.10394308825778811,0.006124313977650555,0.1067600881300879,0.016943737555128627,-0.039224928714867394,0.22318330387988727,0.1319427660365298,0.12172108611676677,0.04962325187539236,0.04039077433067556,-0.02685120316653058,0.021236556990483303,0.7666428825553523,0.2874752031859175,0.10637378176044224,-0.19772069750516622,0.029012464369426585,-0.046868265991004465,0.039179541368524536,0.23159051130177602,-0.08717384901807816,0.05905804013684935,-0.2274701971764354,-0.03510853629094091,0.053452785748568175,-0.0039849422957682675,-1.176968446329444,13872.714354046344,0.29961728288302963,0.04710575142318658,0.026235934309772942,0.10383843931872448,0.02236295719752321,-0.7547389228382546,0.27044795970809277,-0.40842303979978434,0.13909469380030842,0.06814925108768868,0.06219922214275791,-0.0020725758189254545
30,0.2317900716085149,-0.14116038508273374,0.10314657168998483,-0.15643094913556724,0.000931961943751372,0.01611819591394148,5.4746091528736224e-05,-0.8516685508473446,0.402821429397168,0.412625863267946,-0.08047044702248389,0.05527901913437632,-0.0240564608919514,-0.001217911970268599,-0.10404599131396404,0.339401204764724,-0.3258556992260025,0.08831967225091301,-0.0772348920871378,-0.0281088339826451,0.01302088492944982,0.4797139493485951,-0.24885695610513023,0.051249871482977036,0.19266960158647453,0.03268189720048452,0.023885541868615277,0.05381128928569228,0.0029668407650558573,0.29961728288302963,5513.067531431743,0.10442615722504803,0.029740045647498103,0.05947433423642022,0.06833752157566507,-0.5629562361820002,-0.5472283375147363,-0.15709815985857922,-0.014101246406942242,0.06469888062160818,-0.09327891109658829,0.051717753517640304
31,-0.41347440084575,0.06395541527596046,-0.015388263340352173,-0.04103621719274338,0.05455506439448111,0.02685155732233906,0.025062159501879806,-0.03932187688307164,-0.3514915355573082,0.0697729155778809,-0.0028540689787124006,-0.009772645879743426,0.05699586354939171,-0.01600777054835997,-0.4207921018475352,-0.13191777245896313,0.025532061478585423,0.041620981832116176,-0.015661289040486928,-0.008987270933953562,-0.02463431090224015,0.7638970150814466,-0.19877789233583276,-0.09351663621655776,0.0072446385001116095,0.031720171723309556,-0.02026474846139067,0.018547205833218974,0.13522881173188595,0.04710575142318658,0.10442615722504803,1983.5357643228092,0.003519557317373042,0.05291307464776228,-0.007220935919934854,-0.21796196310850305,0.05374068531933814,-0.1022573932871629,-0.08619303357846365,0.043508576118469255,0.007886168330476858,0.030621328730470392
32,-0.21879542933346133,-0.004706745570940321,0.04486589231464969,-0.03509459252434654,-0.0021066205586275457,-0.013000624384857669,0.016419719831390827,-0.0037810923872272644,-0.09678417508948994,0.03027152085296973,-0.03940820516482718,0.028055832612384892,-0.008307771639804692,-0.02503201090563791,0.06457618707067381,0.1566392417366066,0.09620991870222467,-0.025137978787567742,0.017478325144022915,0.01851694638867332,-0.020930091774245388,0.16897282961724544,-0.22906548990709988,0.22283820994158537,-0.11518366441483714,0.020977232759793584,0.009236734896979421,0.011992494285888274,-0.20524863576319782,0.026235934309772942,0.029740045647498103,0.003519557317373042,816.0608901860088,0.03915066510625549,0.004051513855896851,0.1671408029041451,0.010112638891250336,-0.03557159459599351,-0.0001384413518351825,0.04607396663646854,0.0029389116946025836,-0.005252150127808072
33,0.3617453493289236,-0.0005981967462813289,-0.03621530571465917,-0.03467648729384816,0.006680426589898218,-0.012032728604846247,-0.003693465504975697,0.11456280528640467,0.04038368743802209,0.027064472314301435,0.01833379226532939,0.037689091803825535,-0.0071732851926425145,-0.0038778331057346717,-0.011354826942004395,0.04309714406533117,0.0400376062561405,-0.0066817309108831375,-0.016194182449535764,-0.0056511727637904175,-0.0025521714136759756,0.2406690896001515,0.2261461991780239,-0.031458613501723506,-0.0041803812406529875,0.004110990411206681,0.020917707525354007,0.006106896389989541,-0.168047964378572,0.10383843931872448,0.05947433423642022,0.05291307464776228,0.03915066510625549,333.62910707830997,0.017305034954010833,0.10399250657411013,0.11705076125279795,-0.018226016443769578,0.04549935802852432,0.015015487982353373,-0.009915275959532628,-0.0023960479309119934
34,-0.0046750710894044485,0.026264324473431494,0.028522748584958145,0.014247720277930516,0.0034458953988322095,0.004405790093944175,-0.006206462757140934,-0.12469983356019217,0.010740568984135834,-0.04212888620119521,0.035644349424037526,0.011013881419747825,-0.02022926001889478,-0.0028584620351118336,-0.11074192683723734,0.044898839402376385,-0.004168770055955565,-0.009906410117951413,-0.019160476986598663,0.0006903131780483416,0.003235709368346328,0.05176138227778714,-0.055690295606032725,-0.012677715885955556,0.0033943037959920336,0.009199157358961312,0.010173246909870716,0.0010718861005827268,0.10013936030651417,0.02236295719752321,0.06833752157566507,-0.007220935919934854,0.004051513855896851,0.017305034954010833,143.851901131048,0.02469629728315005,-0.06054242531031256,-0.02753889411367527,-0.016977721346764802,-0.010162993592523617,-0.0027887656620701876,0.0029002062876192876
35,0.8051760223281125,0.9791292423252361,-0.6245110514616102,0.37281309101753957,-0.018335981628291177,-0.1099608930829285,-0.04953575009196463,0.5543256549763098,0.5749768388958605,0.23318511495002822,-0.6405856741733365,0.0569243969919244,0.10250628743241137,-0.12783747528237652,1.5904188952426332,0.13807912959102975,-0.24765674928939294,-0.08922977406921825,-0.1849736971511919,0.061139574115616935,-0.03830478145412896,-0.1275671865813846,-1.434830656624504,-0.9063612878519578,-0.09097613071531546,0.003676547136410738,0.14840139099689995,0.025550413763466295,-0.3676794847121301,-0.7547389228382546,-0.5629562361820002,-0.21796196310850305,0.1671408029041451,0.10399250657411013,0.02469629728315005,49875.128864604245,-0.09772397749473108,0.11999060931661869,-0.6374082581206147,0.29473219423310854,-0.0543655642892726,-0.13810583134622173
36,-0.14832154834467354,-0.30990253359792364,0.5209321109159579,0.0911461955277403,0.10950543445994779,0.01738216398468988,0.0013659880041189103,-1.530504806026598,0.9424734878732876,-0.2902574881373844,-0.7715567099980944,-0.05770037456856973,-0.00957146414068667,-0.024816235873625064,0.058789968603851536,0.0772475953332589,-0.15573471702150204,0.3607058907995333,-0.04558953478894321,0.15235436410478068,0.036277422775041715,0.37010323402800716,0.20894732800814567,-0.8584743305083371,0.10411988318846029,-0.1471723371335259,-0.056322881923226945,-0.033331288183739455,0.8136336163557654,0.27044795970809277,-0.5472283375147363,0.05374068531933814,0.010112638891250336,0.11705076125279795,-0.06054242531031256,-0.09772397749473108,17533.92146213531,-0.44460119835935985,0.05515713393343053,-0.07874019649646827,0.03181536161812744,0.00035622249386525864
37,-0.37765513921183713,-0.14819368588088785,0.0006122474583045989,0.0995469294448824,-0.058542155119385306,-0.006693406284788551,0.023077822273880607,-0.5186866785975882,-0.6311394409923292,0.1927101421515843,0.011685770180333406,0.0391131763907577,0.08134136712458567,0.022516433430631567,-0.5979356355494535,0.017687884200852506,-0.5364469850568904,-0.08663145778590978,0.07947190406485724,-0.05847243155212154,0.0005496596443199779,0.7358185677332981,0.30968475105630755,0.08741685918615458,-0.06758288787832366,-0.058915178809365865,0.03577565246958774,-0.009498423848696537,0.837242332910523,-0.40842303979978434,-0.15709815985857922,-0.1022573932871629,-0.03557159459599351,-0.018226016443769578,-0.02753889411367527,0.11999060931661869,-0.44460119835935985,6099.866824262703,-0.001960218363227165,0.06455796014375882,0.0465084792583742,-0.0007057500204603136
38,0.14218300522714827,-0.2643657576614483,-0.23793736746556887,0.05540421359142723,0.06213951017594784,0.0410167412036385,-0.021581597673002353,-0.5283861427313483,0.17698409631189044,0.012470890107591904,-0.048471393404101344,0.02177119852993367,-0.050254877461775295,0.02540003140295997,-0.201644688847134,0.06691411640046925,-0.08876112976148537,-0.08067027756975047,0.011153089396407707,-0.01752939705892527,-0.004910852993694064,0.08514736104756422,0.01881130321258004,-0.04172462613231331,-0.06761043123581158,0.03683678499415053,0.01822039454691394,0.029036936565965007,0.02819015268809378,0.13909469380030842,-0.014101246406942242,-0.08619303357846365,-0.0001384413518351825,0.04549935802852432,-0.016977721346764802,-0.6374082581206147,0.05515713393343053,-0.001960218363227165,2409.995495458862,-0.024245106431433128,-0.033879078297984644,0.0015093562941979042
39,0.10579126264387502,0.04271784077471302,-0.0008908546250468891,0.015901875376578556,0.011190397140750876,-0.0028917614436776377,0.02293732915741574,0.27166752138265443,0.12186613954982675,0.001881238567846358,-0.03726605617796166,-0.04313267007809925,-0.05970227886705943,-0.01955072808913042,-0.23350725096427094,0.0758900828381039,0.0239749089884116,-0.001502174864066645,-0.01767335629280726,0.005896181668156913,0.009549589281548945,-0.43384791728228256,0.04579286326511024,-0.03170394557276802,0.11792751478458094,0.03785087117171369,0.00522295515222735,-0.021653234411092157,0.14494760671083945,0.06814925108768868,0.06469888062160818,0.043508576118469255,0.04607396663646854,0.015015487982353373,-0.010162993592523617,0.29473219423310854,-0.07874019649646827,0.06455796014375882,-0.024245106431433128,976.186705387971,-0.024570800292135278,0.029465247987238714
40,0.052155941512221644,0.04186020039690535,0.07361150697283383,-0.026294800973112143,0.02365157818868649,0.0040494703187554555,-0.011339538653016009,0.21265108393992138,-0.008324813215742792,-0.09210211144876375,-0.03550594582835656,0.010383635842836966,-0.008958070271714977,-0.003968302528431645,-0.1488123802759841,-0.07737609509642496,0.011986448518079795,-0.010839572014006829,0.015141298336823294,-0.008290313595450169,-0.0012876835768902228,-0.09788437074764021,0.06138124344259389,-0.04055547042785629,-0.03223333631567164,-0.012587828236727262,-0.010828251882569062,-0.010316680807249035,0.08817467726015642,0.06219922214275791,-0.09327891109658829,0.007886168330476858,0.0029389116946025836,-0.009915275959532628,-0.0027887656620701876,-0.0543655642892726,0.03181536161812744,0.0465084792583742,-0.033879078297984644,-0.024570800292135278,385.96815278092294,-0.0005999340706490395
41,0.04987292240984269,0.0625017403046454,-0.01338836235055411,-0.007918659593529885,-0.014489647883631055,0.0005616867578117252,0.0018801717368414981,-0.14204370788154247,-0.02934131215076397,0.01977125690618386,0.010338154849918367,-0.001455085359066761,0.011861246971148164,-0.003997923430579596,-0.0756330981144684,-0.009208159126154901,0.05485283934522331,0.013929682319461711,0.00620238535100221,-0.011279799503122287,-0.0011046469957237135,0.11326655642595844,-0.060229114848539704,0.04778449848833723,-0.0017245166435438035,0.005641259086925046,0.022304659574164252,-0.0038789232552796085,0.08822536944886511,-0.0020725758189254545,0.051717753517640304,0.030621328730470392,-0.005252150127808072,-0.0023960479309119934,0.0029002062876192876,-0.13810583134622173,0.00035622249386525864,-0.0007057500204603136,0.0015093562941979042,0.029465247987238714,-0.0005999340706490395,151.19555364964998
