index,0,1,2,3,4,5,6,7,8,9,10,11,12,13,14,15,16,17,18,19,20,21,22,23,24,25,26,27,28,29,30,31,32,33,34,35,36,37,38,39,40,41
0,45240.28292745677,1.3005386007954356,-0.201135443571738,0.4074453194012996,0.10448546399199415,-0.15198440906219157,-0.07990828152756632,-2.3988151584199637,0.799346470938389,-0.4270834469749926,-0.6716798306351479,-0.27578525072552296,0.09265795898504078,0.025727927891277185,-0.37772299329969816,0.4712650770246454,0.1678614872273769,0.33537683891078474,-0.15102130742995615,0.01400399970088851,-0.06311897318666353,-1.673874177182576,0.7690127105654762,0.11455854786172076,0.293672758223154,0.08619110106856444,0.3184832959243095,-0.044364344573462604,-0.5652624262530993,-2.1459318536199965,0.2461493213562419,-0.40130444650687036,-0.2015157650153134,0.33649369378957783,-0.007447842755497341,0.7019953064313935,-0.12493097454018978,-0.3881146949717223,0.1317986146052524,0.09009428250563391,0.05501626440879075,0.04814293015475221
1,1.3005386007954356,16161.594299539593,0.6382297337508807,-0.35959254998783674,-0.10488886938854929,-0.10255166606060451,-0.009141069520836143,1.3920459169716315,-0.18901320346499342,-0.35929937818832053,0.06114088985048619,-0.07033533736011688,0.023054730905462225,-0.0716743551141924,-0.5495991518463427,0.2154350428882937,0.1342791127079443,0.1788147384310136,-0.015925506576618394,0.10912875584577701,0.08074994805112347,0.3274023045187284,-0.8628569784895587,-0.5794870121754517,0.1715399064981915,0.27244231535509605,-0.04033959513217483,0.10356152565750448,0.30253510999361605,-0.19153930484622295,-0.15138604148360096,0.0716028110808584,-0.0015296080430396196,-0.0015178328005222748,0.024602344824738425,0.9236888708419629,-0.3195042400641737,-0.14048661551475622,-0.24768444162005504,0.03669799602865033,0.042310505910135514,0.061562146185918015
2,-0.201135443571738,0.6382297337508807,5922.500136478336,-0.06162141585906019,0.0023640652018902465,0.07310271176067307,0.03907246799531896,0.15265838234214985,0.43587627101215437,-0.19660329844121188,0.06773346542048708,-0.10296420999770454,0.07399048072189529,0.03544413420984149,-0.3875500343244196,-0.4705583985506249,0.34107769661243525,-0.12249137349408812,-0.09015027892504797,0.05648228796125602,0.009292032928259966,-0.37434034181136083,0.11648407971815221,0.21692738260859443,-0.23507184680994303,0.048264128254310555,-0.020294493410834308,0.026338766616885775,0.42989438092814963,0.10147298734332112,0.1000837940720356,-0.013350285150649257,0.0443899669149297,-0.03590340229515075,0.030564999550208617,-0.5968150375491633,0.5076510147294254,0.0034598695928343874,-0.23122876889652508,0.0003043004533276797,0.07037739108997856,-0.012432021505853857
3,0.4074453194012996,-0.35959254998783674,-0.06162141585906019,2186.2154351565678,-0.04818154877883698,0.01648618922909008,-0.009209131219937832,-0.5573838998540493,-0.20215214102543302,0.01683498823639881,-0.11166082192353477,0.11163262438239101,0.0017335686607819216,-0.01564825380738244,0.28910801015955767,0.01957516519101743,0.06001860376401043,0.030932117968058018,-0.004485588852869606,0.020281292899826005,0.01206367930527693,-0.5075715912466388,0.1407940887712615,-0.06366539899019086,0.0031794133671239526,0.028913449395969227,-0.0266435565130116,-0.05065373774310695,0.31178790156769426,0.004342833065195206,-0.14949613157556266,-0.04033518672999867,-0.03236796411988483,-0.03188472258628108,0.013105836727678418,0.35508355553084564,0.07534395147974698,0.09637059541984147,0.052736950217312284,0.018621687733516173,-0.024979257165637928,-0.006857697213938908
4,0.10448546399199415,-0.10488886938854929,0.0023640652018902465,-0.04818154877883698,896.7919944817612,-0.009294354838559714,0.0025115837667848617,0.023554790730740783,-0.003747944476347477,0.19096903703195436,-0.021063000313324337,0.013000051456515971,-0.009072323228048155,-0.01866473391269067,0.12763325919648788,-0.11861844269251716,0.023172498607323733,0.10086077861444237,0.01403626537190012,-0.0238880783160647,-0.006523672261993454,-0.16102361829667955,-0.3309281867821904,0.018962154519807442,-0.015789727550883016,-0.009360443433839849,-0.010389954047474295,-0.009716713061429127,-0.03307301040746312,0.10969170012849015,0.0024319989032696053,0.054053056510539065,-0.0019284278000286956,0.007319657192642568,0.0030258030692034642,-0.02004960555278438,0.10811104418259973,-0.05990330101865771,0.06106975268897813,0.011092313578960022,0.02227232672339617,-0.015293368306070608
5,-0.15198440906219157,-0.10255166606060451,0.07310271176067307,0.01648618922909008,-0.009294354838559714,319.7728939690251,-0.0010630910531654282,-0.24985411597195104,0.0679370128664986,-0.021460723164324656,0.01422877635988964,0.01806660436131215,0.001505182997056298,0.001050817667905469,0.13764839991826353,0.15548869117153205,-0.03464262787452366,-0.04149170511619431,0.010527141102540744,-0.010075310954885586,-0.007343255612035178,0.12086072701177662,0.008279828185004405,0.030429244600933006,-0.004422187888335017,-0.0013965624132725892,-0.0015774295362592137,0.004185651662403426,-0.027754514341934322,0.017719411844446975,0.01572517259320745,0.02557255953905409,-0.011941932982282397,-0.011037940743846439,0.004834459237888676,-0.10523543175757769,0.015506275476468677,-0.00774375841436355,0.038203636423974785,-0.002574364300543206,0.004023455083162013,0.00023786116359861395
6,-0.07990828152756632,-0.009141069520836143,0.03907246799531896,-0.009209131219937832,0.0025115837667848617,-0.0010630910531654282,201.77442557676721,0.07513897330019427,-0.0020974050617839435,0.0683188613587364,0.01440689626154122,-0.01425250158923504,-0.0021438860085738025,-0.008986466963064522,-0.045996732241634385,0.011178506578674783,0.013978971981720333,0.01948399436604578,0.006667623530646782,0.006712144297376848,0.0036265249886706153,-0.1247464112998077,3.98098957468194e-05,0.04274954148320019,0.028743717056610885,-0.006155687419411978,-0.002309044168444314,0.0017834758540977622,0.17190015908458958,-0.03864961132388194,0.0010335216328635033,0.02556571596780065,0.015398173803908203,-0.0034799522050914774,-0.005962716445113546,-0.045877795570294935,0.0015568163042402013,0.0218588273495458,-0.0207982841769532,0.021897989698363735,-0.010489399167278743,0.0015198262588935554
7,-2.3988151584199637,1.3920459169716315,0.15265838234214985,-0.5573838998540493,0.023554790730740783,-0.24985411597195104,0.07513897330019427,62793.29595541583,-0.14463291254950228,0.4621128257835666,0.012618594933635935,-0.08356325451867261,0.2999471641434003,-0.10466705387884621,-1.0418689096884708,0.28815753979820063,-0.41043018224100436,-0.5732554950761576,-0.19031137141181537,-0.11605614890430803,-0.048529390656591904,3.69373431464546,1.1987424690289332,-0.011709188514685219,-0.2023331111063073,0.08528534069234714,-0.14650775415726341,0.27429525094627816,1.731643333030983,0.21945708580792844,-0.7845008668741548,-0.04975774480922759,-0.005800133318077736,0.10511920382353016,-0.12869017291643156,0.5086256550347125,-1.4652995544819927,-0.4584292617491031,-0.49758994289572533,0.26489897144456115,0.19301106688027955,-0.13875943268264337
8,0.799346470938389,-0.18901320346499342,0.43587627101215437,-0.20215214102543302,-0.003747944476347477,0.0679370128664986,-0.0020974050617839435,-0.14463291254950228,22700.105260160675,0.26615404049268765,0.10946731121166119,0.003152865922517004,0.15996359949309016,-0.15555800828803773,-1.2920237801798091,-0.07385944797577838,0.49203400010011467,-0.24495133661068402,-0.1351600577226144,-0.03756167524842748,0.047031728267075606,-0.38947309434042415,-0.4935457474321378,0.08077250280500083,0.06762046965264998,-0.052325552418089144,-0.07059600952912966,-0.05820600205263599,-0.056881599040443105,0.12014006579761062,0.3892257466800528,-0.3411091340486507,-0.09503192865307494,0.03755756739294744,0.007072159224816635,0.5049040680886555,0.897600909426497,-0.6109448225046462,0.17492010081665793,0.11628832914727798,-0.0070377814272863815,-0.029833266003259667
9,-0.4270834469749926,-0.35929937818832053,-0.19660329844121188,0.01683498823639881,0.19096903703195436,-0.021460723164324656,0.0683188613587364,0.4621128257835666,0.26615404049268765,8380.750142892522,-0.31228772668292304,0.033090428644437696,0.06120076971251637,0.06069225944669586,0.17968386353536814,0.0223345548981944,-0.26849679626863904,-0.06058283765157875,-0.03719784855545412,0.040541341354787,0.02145038805428034,0.055747451738201954,-0.03530127251543001,0.4014009438389989,0.006978517844642825,-0.07984684965397777,-0.002360015329257165,-0.014655196033378164,0.3794096618948225,0.12978354366399605,0.40767758304418195,0.07322205924827252,0.030714640406507454,0.02514250658263009,-0.04114453970222966,0.24077990583696537,-0.2764528190130306,0.1888821495333422,0.013574546122757051,0.002146661639723677,-0.08752935929777862,0.019940668044293244
10,-0.6716798306351479,0.06114088985048619,0.06773346542048708,-0.11166082192353477,-0.021063000313324337,0.01422877635988964,0.01440689626154122,0.012618594933635935,0.10946731121166119,-0.31228772668292304,3243.2183220773404,-0.04192959820402536,0.0279983830849262,-0.013463961921297929,0.4414238002689379,-0.031072289581132437,0.0221086410883711,0.024002212076239315,-0.10036816871254907,-0.00972471739872474,-0.004579866190882767,-0.21459034524707457,0.3112371311649916,0.02229089149415172,0.0485015299403254,-0.03752936244334919,-0.006686886170872275,-0.005409276521133261,-0.02571928634093746,0.05678970666476566,-0.08419595854959205,-0.004327962630715705,-0.03789999255581833,0.018149781659183555,0.03422567607296031,-0.6023955594367891,-0.7446044443620555,0.012569315947979004,-0.0486299776586941,-0.03431173105474068,-0.034535864353666755,0.010943647730570593
11,-0.27578525072552296,-0.07033533736011688,-0.10296420999770454,0.11163262438239101,0.013000051456515971,0.01806660436131215,-0.01425250158923504,-0.08356325451867261,0.003152865922517004,0.033090428644437696,-0.04192959820402536,1197.3243589015124,0.014145521989353375,-0.00997538000419207,0.1744260426516704,-0.13135299862492103,0.11593978014459178,-0.03186230211388449,0.012958658482798974,-0.01743568098990327,0.024432405744582757,-0.02840901199660058,-0.1110238718152705,-0.17127085408106613,0.05010237303266348,-0.017178490049830242,0.017645183431296684,0.00903139143298485,-0.4916694483476716,0.0389522207065485,0.053955693176363576,-0.010699969571177845,0.02707650691159376,0.03635948805299894,0.011144546589175276,0.05156609098623233,-0.05061210792194323,0.04162104087198086,0.021110726651566047,-0.04129621820326198,0.009397622486764685,-0.0013249121971707894
12,0.09265795898504078,0.023054730905462225,0.07399048072189529,0.0017335686607819216,-0.009072323228048155,0.001505182997056298,-0.0021438860085738025,0.2999471641434003,0.15996359949309016,0.06120076971251637,0.0279983830849262,0.014145521989353375,468.2292210280607,-0.003341953319556657,-0.0782267562771097,-0.10736955634365927,-0.005056362277522599,-0.018749283925017304,0.013627948261079928,0.003254152413923853,-0.003681137998359039,0.1621485415585413,0.09067276210967216,-0.010776872550358958,0.005370127889033454,-0.017930235214299463,0.032981722805815177,0.007020741489034617,-0.09231785867163891,-0.029047421795464098,-0.02379221905434439,0.055543273209481374,-0.0072352357536538394,-0.0069923855247580186,-0.019834406734593975,0.09779558451520137,-0.010976485267099273,0.0768826670416135,-0.04827323061087338,-0.05582634199727247,-0.007813390432473652,0.011388208228757685
13,0.025727927891277185,-0.0716743551141924,0.03544413420984149,-0.01564825380738244,-0.01866473391269067,0.001050817667905469,-0.008986466963064522,-0.10466705387884621,-0.15555800828803773,0.06069225944669586,-0.013463961921297929,-0.00997538000419207,-0.003341953319556657,220.55259054816142,0.009668464390230558,0.025320942049726253,-0.04660579042844646,0.028745639207166676,0.0038247771494138182,0.005896539307686288,0.0013175862248842104,-0.0637546406779704,0.007125535026189699,0.03791795769698034,0.03219239589067335,-0.008118779418869968,-0.0032247662603727325,0.009064659482333167,-0.06198688609503963,0.020761508792195727,-0.0001319640085971765,-0.01520106070428951,-0.02366761345615804,-0.004191510641020488,-0.002992337035055496,-0.11818679011144595,-0.025824933484319027,0.022760786235863074,0.023836244656169653,-0.0182007928920823,-0.0037240672431037287,-0.003798454157731112
14,-0.37772299329969816,-0.5495991518463427,-0.3875500343244196,0.28910801015955767,0.12763325919648788,0.13764839991826353,-0.045996732241634385,-1.0418689096884708,-1.2920237801798091,0.17968386353536814,0.4414238002689379,0.1744260426516704,-0.0782267562771097,0.009668464390230558,42990.95104985045,0.6922045142374178,0.21012389169508947,0.22610735373190724,-0.21767969316404473,0.006969399388933695,-0.11234178947363965,-0.8726109647386061,1.921327703647419,0.19087244937730324,0.1398160313434476,-0.041243479374036385,0.032344295049720966,-0.05619029309448942,-2.065861964818852,0.7866590951045989,-0.11848379182558545,-0.41185112560645654,0.061163791319740604,-0.012412464810269296,-0.1086661389511675,1.478974757681999,0.027193213801426464,-0.5720552983839854,-0.20653656506440848,-0.22909752541027958,-0.1384186303805065,-0.07739763999389568
15,0.4712650770246454,0.2154350428882937,-0.4705583985506249,0.01957516519101743,-0.11861844269251716,0.15548869117153205,0.011178506578674783,0.28815753979820063,-0.07385944797577838,0.0223345548981944,-0.031072289581132437,-0.13135299862492103,-0.10736955634365927,0.025320942049726253,0.6922045142374178,15358.303426198578,-0.23292925736488784,-0.10100938585544643,0.0006838085392594828,-0.2818789984008541,0.059455185187934724,0.18446751570478453,-0.24180774284961837,-0.37685195985257114,0.06169016137048861,0.03367948468814414,0.1010056316951044,0.023788577270540116,-0.8528005789707171,0.2813486724811195,0.3250273376232326,-0.13246148890522136,0.14978275857040646,0.04347739092883338,0.04320325938777914,0.14127267341781835,0.0662456210303479,0.010676891517854297,0.060629578805396225,0.07096345261227179,-0.07386851258852703,-0.010815186196590405
16,0.1678614872273769,0.1342791127079443,0.34107769661243525,0.06001860376401043,0.023172498607323733,-0.03464262787452366,0.013978971981720333,-0.41043018224100436,0.49203400010011467,-0.26849679626863904,0.0221086410883711,0.11593978014459178,-0.005056362277522599,-0.04660579042844646,0.21012389169508947,-0.23292925736488784,5436.836694880138,-0.20415313399115756,-0.03436716153487319,6.075268893530672e-05,-0.00118059410807519,0.2490100800084079,-0.1306644993888684,0.29636513093675204,-0.18470243312409643,-0.019343669228699296,-0.11087922411618228,0.05043171602930205,-0.10833507533947695,0.09747853690433952,-0.31281618583499204,0.02231110495376569,0.08850262565896636,0.04003079732927029,-0.006276000794278346,-0.2155975475985375,-0.14513038571421064,-0.5288382362228141,-0.08076457527651261,0.02322304803729649,0.009665748798029785,0.054956849027965736
17,0.33537683891078474,0.1788147384310136,-0.12249137349408812,0.030932117968058018,0.10086077861444237,-0.04149170511619431,0.01948399436604578,-0.5732554950761576,-0.24495133661068402,-0.06058283765157875,0.024002212076239315,-0.03186230211388449,-0.018749283925017304,0.028745639207166676,0.22610735373190724,-0.10100938585544643,-0.20415313399115756,2110.6625083639615,-0.0022364646322475083,-0.017768028590723836,0.030644403415848443,0.3063484524410647,0.14282827275099128,-0.08796950210119539,-0.09913304504943622,0.017509168019261275,0.0006886203935737212,-0.010227917931722001,0.19117686995263655,-0.20102089560770794,0.08389159340738807,0.041752494860176376,-0.02534373800511113,-0.009064026070276785,-0.009975465504733811,-0.09789374552326238,0.3581817297892209,-0.08851198458748408,-0.08156928717787461,-0.0025503868568865387,-0.010018193308626243,0.014111892958983662
18,-0.15102130742995615,-0.015925506576618394,-0.09015027892504797,-0.004485588852869606,0.01403626537190012,0.010527141102540744,0.006667623530646782,-0.19031137141181537,-0.1351600577226144,-0.03719784855545412,-0.10036816871254907,0.012958658482798974,0.013627948261079928,0.0038247771494138182,-0.21767969316404473,0.0006838085392594828,-0.03436716153487319,-0.0022364646322475083,781.5130527842459,-0.018410926009923945,-0.024207314965287455,-0.1623095826445156,-0.16232984885416402,-0.06713603598971934,0.021940399977777105,0.005619178493427403,0.0015593443700659697,0.007135294925065245,0.14662359752872547,0.028461867424686135,-0.07146065879812681,-0.015309253074977734,0.016046048869085658,-0.015335105997959194,-0.017827020562146585,-0.17593608525096294,-0.039853014552186726,0.0744995372690728,0.010831879215058456,-0.017120977859768044,0.014053318055550263,0.0063983935394547765
19,0.01400399970088851,0.10912875584577701,0.05648228796125602,0.020281292899826005,-0.0238880783160647,-0.010075310954885586,0.006712144297376848,-0.11605614890430803,-0.03756167524842748,0.040541341354787,-0.00972471739872474,-0.01743568098990327,0.003254152413923853,0.005896539307686288,0.006969399388933695,-0.2818789984008541,6.075268893530672e-05,-0.017768028590723836,-0.018410926009923945,321.71007986158224,-0.0012091511070034383,-0.20631945041441443,0.003408700224064777,0.05834093914310285,-0.011820517698117377,-0.004489583437239408,-0.00537126960086093,0.011164803982088582,0.06849691158157677,-0.049923875626116644,-0.025421441778292232,-0.008725182192104036,0.016862037710600422,-0.0052451146056108795,0.0011157730207242294,0.0591877541691664,0.148844804254328,-0.05883241076434894,-0.017117534099573815,0.0064507168929165675,-0.008508254040092754,-0.011256428624005216
20,-0.06311897318666353,0.08074994805112347,0.009292032928259966,0.01206367930527693,-0.006523672261993454,-0.007343255612035178,0.0036265249886706153,-0.048529390656591904,0.047031728267075606,0.02145038805428034,-0.004579866190882767,0.024432405744582757,-0.003681137998359039,0.0013175862248842104,-0.11234178947363965,0.059455185187934724,-0.00118059410807519,0.030644403415848443,-0.024207314965287455,-0.0012091511070034383,159.42909975163525,-0.06986031499035612,0.08847241329395873,0.023884362836248535,-0.03946441530636675,0.019746344051173363,-0.004160556165031786,0.0008779716579787181,-0.02406588945013933,0.039481174567900776,0.014071963500871943,-0.024588989342861724,-0.020604746140957055,-0.002738206796831835,0.0027182312281215587,-0.04005017520002528,0.03890394830104158,0.00021199127212222522,-0.004619291848800536,0.00986898833555626,-0.0011265212935724122,-0.001151914702334968
21,-1.673874177182576,0.3274023045187284,-0.37434034181136083,-0.5075715912466388,-0.16102361829667955,0.12086072701177662,-0.1247464112998077,3.69373431464546,-0.38947309434042415,0.055747451738201954,-0.21459034524707457,-0.02840901199660058,0.1621485415585413,-0.0637546406779704,-0.8726109647386061,0.18446751570478453,0.2490100800084079,0.3063484524410647,-0.1623095826445156,-0.20631945041441443,-0.06986031499035612,51059.91880208365,-1.3421883673627943,0.026763439981689854,0.9210603094234513,-0.07756614561081,-0.02498549776825292,0.2163817134098044,1.6960663054116247,0.23031334023437094,0.48148421505245503,0.7558566005508512,0.16279046405200034,0.2350654808161071,0.048642747522238725,-0.12333383282559542,0.33319645046641294,0.7356153367467575,0.06807808893101515,-0.4069460291512079,-0.09000239477533167,0.11459405512044586
22,0.7690127105654762,-0.8628569784895587,0.11648407971815221,0.1407940887712615,-0.3309281867821904,0.008279828185004405,3.98098957468194e-05,1.1987424690289332,-0.4935457474321378,-0.03530127251543001,0.3112371311649916,-0.1110238718152705,0.09067276210967216,0.007125535026189699,1.921327703647419,-0.24180774284961837,-0.1306644993888684,0.14282827275099128,-0.16232984885416402,0.003408700224064777,0.08847241329395873,-1.3421883673627943,18193.639037788344,0.14416593880427578,0.21026931985713057,-0.19425328390792318,-0.05891173283066622,0.08378017807387156,0.9698291914579095,-0.07507286816806887,-0.25113482671184906,-0.19220768143217512,-0.21923887826038502,0.21817442070332208,-0.05572602256573609,-1.393539663234805,0.20037672537490475,0.2985793259871959,0.030063456811497826,0.03984804250443676,0.05960609973878486,-0.0597145758316562
23,0.11455854786172076,-0.5794870121754517,0.21692738260859443,-0.06366539899019086,0.018962154519807442,0.030429244600933006,0.04274954148320019,-0.011709188514685219,0.08077250280500083,0.4014009438389989,0.02229089149415172,-0.17127085408106613,-0.010776872550358958,0.03791795769698034,0.19087244937730324,-0.37685195985257114,0.29636513093675204,-0.08796950210119539,-0.06713603598971934,0.05834093914310285,0.023884362836248535,0.026763439981689854,0.14416593880427578,6966.455844042021,0.04377692716919605,0.050086503447493845,-0.06740322530536538,-0.04544259463661135,0.15993012735827472,0.06167625581141877,0.055591879345495025,-0.09800996951394887,0.2141483741045549,-0.028719280360182182,-0.01157890951845575,-0.8568998996665264,-0.8340642909354011,0.09089220419484047,-0.03477386585213083,-0.0304415020601686,-0.03809140907709674,0.04902447156906209
24,0.293672758223154,0.1715399064981915,-0.23507184680994303,0.0031794133671239526,-0.015789727550883016,-0.004422187888335017,0.028743717056610885,-0.2023331111063073,0.06762046965264998,0.006978517844642825,0.0485015299403254,0.05010237303266348,0.005370127889033454,0.03219239589067335,0.1398160313434476,0.06169016137048861,-0.18470243312409643,-0.09913304504943622,0.021940399977777105,-0.011820517698117377,-0.03946441530636675,0.9210603094234513,0.21026931985713057,0.04377692716919605,2462.829191736976,-0.05052635892630678,0.03420201648576248,0.004100955291848069,0.23975606977373565,-0.245059716830668,0.1845506394060199,0.00907502084997236,-0.11076679986625942,-0.004243939359536098,0.005491002700829584,-0.07684549947766181,0.10896025532050897,-0.0635392912279792,-0.06629426101132484,0.11654830042312773,-0.03270060845757228,-0.002045014947808063
25,0.08619110106856444,0.27244231535509605,0.048264128254310555,0.028913449395969227,-0.009360443433839849,-0.0013965624132725892,-0.006155687419411978,0.08528534069234714,-0.052325552418089144,-0.07984684965397777,-0.03752936244334919,-0.017178490049830242,-0.017930235214299463,-0.008118779418869968,-0.041243479374036385,0.03367948468814414,-0.019343669228699296,0.017509168019261275,0.005619178493427403,-0.004489583437239408,0.019746344051173363,-0.07756614561081,-0.19425328390792318,0.050086503447493845,-0.05052635892630678,940.6047459926028,-0.0017809503675745549,0.0001969699953502024,0.1711500643111203,-0.03478971775766215,0.033288313041587324,0.032990714643041506,0.018200246072655465,0.004188818980423823,0.009129526016007148,0.00318013317820497,-0.14050081583786536,-0.055494524981422357,0.03364222728441182,0.037969006647289937,-0.011916303320053612,0.005525124075379288
26,0.3184832959243095,-0.04033959513217483,-0.020294493410834308,-0.0266435565130116,-0.010389954047474295,-0.0015774295362592137,-0.002309044168444314,-0.14650775415726341,-0.07059600952912966,-0.002360015329257165,-0.006686886170872275,0.017645183431296684,0.032981722805815177,-0.0032247662603727325,0.032344295049720966,0.1010056316951044,-0.11087922411618228,0.0006886203935737212,0.0015593443700659697,-0.00537126960086093,-0.004160556165031786,-0.02498549776825292,-0.05891173283066622,-0.06740322530536538,0.03420201648576248,-0.0017809503675745549,383.0757171155033,0.008256152014028725,0.06485899699938114,0.05221844767185223,0.021535557663485038,-0.019758184260825533,0.008707200971719587,0.019617390961432883,0.010125308874008808,0.13849698784540987,-0.053159602105817924,0.03348651276046148,0.0171043143980342,0.006303313527112502,-0.01023355973283301,0.022290538429793824
27,-0.044364344573462604,0.10356152565750448,0.026338766616885775,-0.05065373774310695,-0.009716713061429127,0.004185651662403426,0.0017834758540977622,0.27429525094627816,-0.05820600205263599,-0.014655196033378164,-0.005409276521133261,0.00903139143298485,0.007020741489034617,0.009064659482333167,-0.05619029309448942,0.023788577270540116,0.05043171602930205,-0.010227917931722001,0.007135294925065245,0.011164803982088582,0.0008779716579787181,0.2163817134098044,0.08378017807387156,-0.04544259463661135,0.004100955291848069,0.0001969699953502024,0.008256152014028725,166.41505295265682,-0.06888246445101079,-0.004619016896843398,0.05075300156571332,0.018509436531618823,0.01071037446721922,0.005678125162616567,0.0011851632842818105,0.023745980963096446,-0.034067427437197935,-0.010190400409475808,0.026330858588491865,-0.020464300367285984,-0.010074204643582347,-0.00436487884729131
28,-0.5652624262530993,0.30253510999361605,0.42989438092814963,0.31178790156769426,-0.03307301040746312,-0.027754514341934322,0.17190015908458958,1.731643333030983,-0.056881599040443105,0.3794096618948225,-0.02571928634093746,-0.4916694483476716,-0.09231785867163891,-0.06198688609503963,-2.065861964818852,-0.8528005789707171,-0.10833507533947695,0.19117686995263655,0.14662359752872547,0.06849691158157677,-0.02406588945013933,1.6960663054116247,0.9698291914579095,0.15993012735827472,0.23975606977373565,0.1711500643111203,0.06485899699938114,-0.06888246445101079,39987.836973462356,-1.241991308008084,-0.024351387567317598,0.13219426745748575,-0.19450686055529223,-0.1610605200508989,0.10172796013802264,-0.355116935376292,0.7550080864570688,0.8254403421910289,0.009619030027279818,0.1334027013405433,0.08355746538403029,0.09324501289914741
29,-2.1459318536199965,-0.19153930484622295,0.10147298734332112,0.004342833065195206,0.10969170012849015,0.017719411844446975,-0.03864961132388194,0.21945708580792844,0.12014006579761062,0.12978354366399605,0.05678970666476566,0.0389522207065485,-0.029047421795464098,0.020761508792195727,0.7866590951045989,0.2813486724811195,0.09747853690433952,-0.20102089560770794,0.028461867424686135,-0.049923875626116644,0.039481174567900776,0.23031334023437094,-0.07507286816806887,0.06167625581141877,-0.245059716830668,-0.03478971775766215,0.05221844767185223,-0.004619016896843398,-1.241991308008084,14740.605982087774,0.30252506659020556,0.04689642323692936,0.026410900718145138,0.10447062613601572,0.021173660487043718,-0.7569322635609653,0.24804902166660164,-0.40759271162906224,0.13753580557422843,0.07659081147745561,0.05976016360802366,-0.0032298650456091243
30,0.2461493213562419,-0.15138604148360096,0.1000837940720356,-0.14949613157556266,0.0024319989032696053,0.01572517259320745,0.0010335216328635033,-0.7845008668741548,0.3892257466800528,0.40767758304418195,-0.08419595854959205,0.053955693176363576,-0.02379221905434439,-0.0001319640085971765,-0.11848379182558545,0.3250273376232326,-0.31281618583499204,0.08389159340738807,-0.07146065879812681,-0.025421441778292232,0.014071963500871943,0.48148421505245503,-0.25113482671184906,0.055591879345495025,0.1845506394060199,0.033288313041587324,0.021535557663485038,0.05075300156571332,-0.024351387567317598,0.30252506659020556,5438.733448478842,0.10333161450514301,0.02901017178731991,0.05554716222989284,0.06947734858167208,-0.5144624745469252,-0.5225843626985999,-0.1588361333128584,-0.010470048890873974,0.0587228686550055,-0.08519997094503672,0.05340690966375842
31,-0.40130444650687036,0.0716028110808584,-0.013350285150649257,-0.04033518672999867,0.054053056510539065,0.02557255953905409,0.02556571596780065,-0.04975774480922759,-0.3411091340486507,0.07322205924827252,-0.004327962630715705,-0.010699969571177845,0.055543273209481374,-0.01520106070428951,-0.41185112560645654,-0.13246148890522136,0.02231110495376569,0.041752494860176376,-0.015309253074977734,-0.008725182192104036,-0.024588989342861724,0.7558566005508512,-0.19220768143217512,-0.09800996951394887,0.00907502084997236,0.032990714643041506,-0.019758184260825533,0.018509436531618823,0.13219426745748575,0.04689642323692936,0.10333161450514301,1979.414446775499,0.003820648224132214,0.05105868263433862,-0.006823775486077883,-0.20778042804021069,0.05544098424850371,-0.10120413583947692,-0.0826953816313498,0.0454145183673703,0.007613628548887728,0.0315539432933599
32,-0.2015157650153134,-0.0015296080430396196,0.0443899669149297,-0.03236796411988483,-0.0019284278000286956,-0.011941932982282397,0.015398173803908203,-0.005800133318077736,-0.09503192865307494,0.030714640406507454,-0.03789999255581833,0.02707650691159376,-0.0072352357536538394,-0.02366761345615804,0.061163791319740604,0.14978275857040646,0.08850262565896636,-0.02534373800511113,0.016046048869085658,0.016862037710600422,-0.020604746140957055,0.16279046405200034,-0.21923887826038502,0.2141483741045549,-0.11076679986625942,0.018200246072655465,0.008707200971719587,0.01071037446721922,-0.19450686055529223,0.026410900718145138,0.02901017178731991,0.003820648224132214,751.4636921286489,0.03663418806040412,0.003884046758847176,0.15243705186620188,0.006948866520209003,-0.03453556608578177,-0.0007988527508230544,0.041040471009928116,0.003180657576893138,-0.005404850433716051
33,0.33649369378957783,-0.0015178328005222748,-0.03590340229515075,-0.03188472258628108,0.007319657192642568,-0.011037940743846439,-0.0034799522050914774,0.10511920382353016,0.03755756739294744,0.02514250658263009,0.018149781659183555,0.03635948805299894,-0.0069923855247580186,-0.004191510641020488,-0.012412464810269296,0.04347739092883338,0.04003079732927029,-0.009064026070276785,-0.015335105997959194,-0.0052451146056108795,-0.002738206796831835,0.2350654808161071,0.21817442070332208,-0.028719280360182182,-0.004243939359536098,0.004188818980423823,0.019617390961432883,0.005678125162616567,-0.1610605200508989,0.10447062613601572,0.05554716222989284,0.05105868263433862,0.03663418806040412,314.0719572054521,0.017009661489003486,0.0942166170709511,0.10810566677334853,-0.017206300641361492,0.04281801863537103,0.013392381132532752,-0.008997060804417699,-0.002485852029263662
34,-0.007447842755497341,0.024602344824738425,0.030564999550208617,0.013105836727678418,0.0030258030692034642,0.004834459237888676,-0.005962716445113546,-0.12869017291643156,0.007072159224816635,-0.04114453970222966,0.03422567607296031,0.011144546589175276,-0.019834406734593975,-0.002992337035055496,-0.1086661389511675,0.04320325938777914,-0.006276000794278346,-0.009975465504733811,-0.017827020562146585,0.0011157730207242294,0.0027182312281215587,0.048642747522238725,-0.05572602256573609,-0.01157890951845575,0.005491002700829584,0.009129526016007148,0.010125308874008808,0.0011851632842818105,0.10172796013802264,0.021173660487043718,0.06947734858167208,-0.006823775486077883,0.003884046758847176,0.017009661489003486,142.6748679008186,0.020349163542681507,-0.06409672039557186,-0.02862588264757589,-0.016533758970105197,-0.009618390785760617,-0.0028640357127546496,0.0030839923835228244
35,0.7019953064313935,0.9236888708419629,-0.5968150375491633,0.35508355553084564,-0.02004960555278438,-0.10523543175757769,-0.045877795570294935,0.5086256550347125,0.5049040680886555,0.24077990583696537,-0.6023955594367891,0.05156609098623233,0.09779558451520137,-0.11818679011144595,1.478974757681999,0.14127267341781835,-0.2155975475985375,-0.09789374552326238,-0.17593608525096294,0.0591877541691664,-0.04005017520002528,-0.12333383282559542,-1.393539663234805,-0.8568998996665264,-0.07684549947766181,0.00318013317820497,0.13849698784540987,0.023745980963096446,-0.355116935376292,-0.7569322635609653,-0.5144624745469252,-0.20778042804021069,0.15243705186620188,0.0942166170709511,0.020349163542681507,45945.73357273753,-0.1064210104733233,0.1108458703991459,-0.5913920679929594,0.2748084100958618,-0.051680975149483985,-0.13310016329829327
36,-0.12493097454018978,-0.3195042400641737,0.5076510147294254,0.07534395147974698,0.10811104418259973,0.015506275476468677,0.0015568163042402013,-1.4652995544819927,0.897600909426497,-0.2764528190130306,-0.7446044443620555,-0.05061210792194323,-0.010976485267099273,-0.025824933484319027,0.027193213801426464,0.0662456210303479,-0.14513038571421064,0.3581817297892209,-0.039853014552186726,0.148844804254328,0.03890394830104158,0.33319645046641294,0.20037672537490475,-0.8340642909354011,0.10896025532050897,-0.14050081583786536,-0.053159602105817924,-0.034067427437197935,0.7550080864570688,0.24804902166660164,-0.5225843626985999,0.05544098424850371,0.006948866520209003,0.10810566677334853,-0.06409672039557186,-0.1064210104733233,16678.18521577256,-0.42872439162078735,0.05150863463046343,-0.07506672532075981,0.027876396004886988,-0.0007249153672376682
37,-0.3881146949717223,-0.14048661551475622,0.0034598695928343874,0.09637059541984147,-0.05990330101865771,-0.00774375841436355,0.0218588273495458,-0.4584292617491031,-0.6109448225046462,0.1888821495333422,0.012569315947979004,0.04162104087198086,0.0768826670416135,0.022760786235863074,-0.5720552983839854,0.010676891517854297,-0.5288382362228141,-0.08851198458748408,0.0744995372690728,-0.05883241076434894,0.00021199127212222522,0.7356153367467575,0.2985793259871959,0.09089220419484047,-0.0635392912279792,-0.055494524981422357,0.03348651276046148,-0.010190400409475808,0.8254403421910289,-0.40759271162906224,-0.1588361333128584,-0.10120413583947692,-0.03453556608578177,-0.017206300641361492,-0.02862588264757589,0.1108458703991459,-0.42872439162078735,6022.44285420656,0.0019238404822536426,0.06150846273163006,0.04404038103892234,-0.002203297173030901
38,0.1317986146052524,-0.24768444162005504,-0.23122876889652508,0.052736950217312284,0.06106975268897813,0.038203636423974785,-0.0207982841769532,-0.49758994289572533,0.17492010081665793,0.013574546122757051,-0.0486299776586941,0.021110726651566047,-0.04827323061087338,0.023836244656169653,-0.20653656506440848,0.060629578805396225,-0.08076457527651261,-0.08156928717787461,0.010831879215058456,-0.017117534099573815,-0.004619291848800536,0.06807808893101515,0.030063456811497826,-0.03477386585213083,-0.06629426101132484,0.03364222728441182,0.0171043143980342,0.026330858588491865,0.009619030027279818,0.13753580557422843,-0.010470048890873974,-0.0826953816313498,-0.0007988527508230544,0.04281801863537103,-0.016533758970105197,-0.5913920679929594,0.05150863463046343,0.0019238404822536426,2283.097300970718,-0.020612910311049535,-0.03178722676403293,0.0009269414570561676
39,0.09009428250563391,0.03669799602865033,0.0003043004533276797,0.018621687733516173,0.011092313578960022,-0.002574364300543206,0.021897989698363735,0.26489897144456115,0.11628832914727798,0.002146661639723677,-0.03431173105474068,-0.04129621820326198,-0.05582634199727247,-0.0182007928920823,-0.22909752541027958,0.07096345261227179,0.02322304803729649,-0.0025503868568865387,-0.017120977859768044,0.0064507168929165675,0.00986898833555626,-0.4069460291512079,0.03984804250443676,-0.0304415020601686,0.11654830042312773,0.037969006647289937,0.006303313527112502,-0.020464300367285984,0.1334027013405433,0.07659081147745561,0.0587228686550055,0.0454145183673703,0.041040471009928116,0.013392381132532752,-0.009618390785760617,0.2748084100958618,-0.07506672532075981,0.06150846273163006,-0.020612910311049535,908.4714868569735,-0.024236802405243462,0.029781707381620552
40,0.05501626440879075,0.042310505910135514,0.07037739108997856,-0.024979257165637928,0.02227232672339617,0.004023455083162013,-0.010489399167278743,0.19301106688027955,-0.0070377814272863815,-0.08752935929777862,-0.034535864353666755,0.009397622486764685,-0.007813390432473652,-0.0037240672431037287,-0.1384186303805065,-0.07386851258852703,0.009665748798029785,-0.010018193308626243,0.014053318055550263,-0.008508254040092754,-0.0011265212935724122,-0.09000239477533167,0.05960609973878486,-0.03809140907709674,-0.03270060845757228,-0.011916303320053612,-0.01023355973283301,-0.010074204643582347,0.08355746538403029,0.05976016360802366,-0.08519997094503672,0.007613628548887728,0.003180657576893138,-0.008997060804417699,-0.0028640357127546496,-0.051680975149483985,0.027876396004886988,0.04404038103892234,-0.03178722676403293,-0.024236802405243462,356.1089865874077,-0.0004625436972603853
41,0.04814293015475221,0.061562146185918015,-0.012432021505853857,-0.006857697213938908,-0.015293368306070608,0.00023786116359861395,0.0015198262588935554,-0.13875943268264337,-0.029833266003259667,0.019940668044293244,0.010943647730570593,-0.0013249121971707894,0.011388208228757685,-0.003798454157731112,-0.07739763999389568,-0.010815186196590405,0.054956849027965736,0.014111892958983662,0.0063983935394547765,-0.011256428624005216,-0.001151914702334968,0.11459405512044586,-0.0597145758316562,0.04902447156906209,-0.002045014947808063,0.005525124075379288,0.022290538429793824,-0.00436487884729131,0.09324501289914741,-0.0032298650456091243,0.05340690966375842,0.0315539432933599,-0.005404850433716051,-0.002485852029263662,0.0030839923835228244,-0.13310016329829327,-0.0007249153672376682,-0.002203297173030901,0.0009269414570561676,0.029781707381620552,-0.0004625436972603853,158.21135386694465
