index,0,1,2,3,4,5,6,7,8,9,10,11,12,13,14,15,16,17,18,19,20,21,22,23,24,25,26,27,28,29,30,31,32,33,34,35,36,37,38,39,40,41
0,45240.28292745678,1.3005386007954334,-0.20113544357173851,0.4074453194012979,0.10448546399199442,-0.15198440906219213,-0.0799082815275662,-2.398815158419969,0.7993464709383922,-0.42708344697499234,-0.671679830635146,-0.27578525072552296,0.09265795898504028,0.025727927891277005,-0.37772299329969505,0.47126507702464626,0.16786148722737834,0.3353768389107869,-0.15102130742995712,0.014003999700888167,-0.06311897318666343,-1.6738741771825767,0.7690127105654776,0.11455854786171871,0.29367275822315286,0.08619110106856509,0.3184832959243095,-0.044364344573462916,-0.5652624262531017,-2.145931853619998,0.2461493213562421,-0.4013044465068711,-0.20151576501531362,0.33649369378957866,-0.007447842755497202,0.7019953064313945,-0.12493097454019048,-0.38811469497172324,0.13179861460525172,0.09009428250563402,0.055016264408790864,0.04814293015475223
1,1.3005386007954334,16161.594299539589,0.6382297337508802,-0.35959254998783663,-0.10488886938854947,-0.10255166606060485,-0.009141069520836003,1.3920459169716368,-0.1890132034649937,-0.3592993781883191,0.061140889850486595,-0.07033533736011667,0.02305473090546218,-0.07167435511419232,-0.5495991518463448,0.21543504288829635,0.13427911270794407,0.17881473843101314,-0.015925506576618627,0.10912875584577632,0.0807499480511235,0.32740230451873054,-0.8628569784895591,-0.5794870121754503,0.1715399064981918,0.2724423153550957,-0.04033959513217495,0.1035615256575047,0.3025351099936141,-0.1915393048462224,-0.15138604148360185,0.07160281108085816,-0.0015296080430393353,-0.0015178328005223628,0.024602344824738224,0.9236888708419686,-0.3195042400641748,-0.1404866155147555,-0.24768444162005548,0.03669799602865037,0.04231050591013542,0.061562146185918064
2,-0.20113544357173851,0.6382297337508802,5922.500136478336,-0.06162141585905998,0.0023640652018901325,0.0731027117606732,0.03907246799531906,0.1526583823421495,0.43587627101215554,-0.19660329844121177,0.06773346542048674,-0.10296420999770442,0.07399048072189518,0.035444134209841396,-0.38755003432441804,-0.47055839855062526,0.3410776966124357,-0.12249137349408803,-0.09015027892504786,0.05648228796125612,0.009292032928260027,-0.3743403418113589,0.11648407971815175,0.2169273826085946,-0.23507184680994295,0.0482641282543105,-0.020294493410834207,0.02633876661688578,0.4298943809281505,0.10147298734332112,0.10008379407203531,-0.013350285150649099,0.044389966914929836,-0.035903402295150884,0.03056499955020859,-0.5968150375491618,0.5076510147294273,0.0034598695928342625,-0.23122876889652524,0.0003043004533275866,0.0703773910899787,-0.012432021505853772
3,0.4074453194012979,-0.35959254998783663,-0.06162141585905998,2186.2154351565678,-0.048181548778837076,0.016486189229090106,-0.009209131219937777,-0.5573838998540503,-0.2021521410254332,0.01683498823639875,-0.11166082192353466,0.11163262438239104,0.0017335686607819428,-0.01564825380738252,0.2891080101595574,0.019575165191017173,0.06001860376401039,0.030932117968058146,-0.004485588852869433,0.020281292899826008,0.012063679305276903,-0.5075715912466389,0.14079408877126193,-0.06366539899019072,0.0031794133671241703,0.028913449395969036,-0.02664355651301155,-0.05065373774310685,0.311787901567695,0.004342833065195657,-0.14949613157556177,-0.040335186729998834,-0.032367964119884955,-0.03188472258628124,0.013105836727678436,0.3550835555308455,0.07534395147974737,0.09637059541984153,0.05273695021731228,0.018621687733516308,-0.02497925716563786,-0.006857697213938827
4,0.10448546399199442,-0.10488886938854947,0.0023640652018901325,-0.048181548778837076,896.7919944817612,-0.009294354838559697,0.002511583766784828,0.02355479073074031,-0.003747944476347157,0.19096903703195392,-0.021063000313324438,0.013000051456515936,-0.0090723232280482,-0.01866473391269069,0.12763325919648918,-0.11861844269251753,0.02317249860732381,0.10086077861444259,0.014036265371900157,-0.02388807831606473,-0.006523672261993467,-0.16102361829667994,-0.3309281867821898,0.018962154519807706,-0.015789727550883044,-0.009360443433839816,-0.010389954047474292,-0.009716713061429105,-0.03307301040746313,0.10969170012849012,0.0024319989032697362,0.05405305651053912,-0.0019284278000287884,0.007319657192642572,0.0030258030692034647,-0.0200496055527844,0.10811104418259945,-0.05990330101865795,0.06106975268897809,0.011092313578959956,0.022272326723396164,-0.015293368306070622
5,-0.15198440906219213,-0.10255166606060485,0.0731027117606732,0.016486189229090106,-0.009294354838559697,319.77289396902506,-0.0010630910531654208,-0.24985411597195084,0.06793701286649838,-0.02146072316432472,0.014228776359889584,0.01806660436131217,0.001505182997056248,0.001050817667905482,0.13764839991826436,0.15548869117153186,-0.0346426278745236,-0.04149170511619423,0.010527141102540796,-0.010075310954885643,-0.007343255612035176,0.12086072701177669,0.008279828185004607,0.030429244600932978,-0.00442218788833505,-0.0013965624132726009,-0.0015774295362592343,0.004185651662403457,-0.02775451434193442,0.017719411844446913,0.015725172593207368,0.025572559539054063,-0.011941932982282381,-0.01103794074384647,0.004834459237888673,-0.10523543175757795,0.015506275476468875,-0.0077437584143636535,0.03820363642397482,-0.0025743643005432136,0.004023455083162022,0.00023786116359861278
6,-0.0799082815275662,-0.009141069520836003,0.03907246799531906,-0.009209131219937777,0.002511583766784828,-0.0010630910531654208,201.77442557676721,0.07513897330019438,-0.0020974050617839912,0.0683188613587364,0.014406896261541208,-0.014252501589235004,-0.002143886008573766,-0.008986466963064536,-0.04599673224163457,0.011178506578674986,0.013978971981720335,0.01948399436604583,0.006667623530646794,0.006712144297376896,0.0036265249886706374,-0.12474641129980762,3.98098957467927e-05,0.04274954148320032,0.02874371705661085,-0.006155687419411961,-0.0023090441684442786,0.0017834758540977648,0.17190015908458917,-0.03864961132388212,0.0010335216328636596,0.025565715967800644,0.015398173803908148,-0.003479952205091492,-0.005962716445113554,-0.04587779557029498,0.0015568163042403334,0.0218588273495459,-0.020798284176953317,0.021897989698363728,-0.010489399167278741,0.0015198262588935418
7,-2.398815158419969,1.3920459169716368,0.1526583823421495,-0.5573838998540503,0.02355479073074031,-0.24985411597195084,0.07513897330019438,62793.29595541583,-0.14463291254950092,0.4621128257835651,0.012618594933637262,-0.08356325451867393,0.29994716414340017,-0.10466705387884598,-1.041868909688473,0.28815753979820274,-0.4104301822410051,-0.5732554950761577,-0.19031137141181664,-0.11605614890430833,-0.04852939065659183,3.6937343146454595,1.198742469028932,-0.01170918851468469,-0.20233311110630745,0.08528534069234782,-0.14650775415726305,0.2742952509462782,1.7316433330309888,0.21945708580792908,-0.7845008668741542,-0.049757744809228226,-0.005800133318078082,0.1051192038235305,-0.12869017291643156,0.5086256550347142,-1.465299554481993,-0.4584292617491047,-0.49758994289572545,0.2648989714445596,0.19301106688027903,-0.13875943268264318
8,0.7993464709383922,-0.1890132034649937,0.43587627101215554,-0.2021521410254332,-0.003747944476347157,0.06793701286649838,-0.0020974050617839912,-0.14463291254950092,22700.105260160675,0.2661540404926865,0.10946731121166092,0.0031528659225171403,0.15996359949309055,-0.155558008288038,-1.2920237801798056,-0.07385944797577813,0.4920340001001126,-0.2449513366106848,-0.13516005772261525,-0.037561675248427344,0.04703172826707543,-0.38947309434042443,-0.49354574743213664,0.08077250280500095,0.06762046965264955,-0.05232555241808897,-0.07059600952912937,-0.058206002052636166,-0.0568815990404414,0.1201400657976118,0.389225746680051,-0.34110913404865095,-0.09503192865307548,0.03755756739294741,0.007072159224816532,0.5049040680886553,0.8976009094264973,-0.6109448225046458,0.1749201008166588,0.11628832914727806,-0.007037781427285961,-0.029833266003259747
9,-0.42708344697499234,-0.3592993781883191,-0.19660329844121177,0.01683498823639875,0.19096903703195392,-0.02146072316432472,0.0683188613587364,0.4621128257835651,0.2661540404926865,8380.750142892524,-0.31228772668292326,0.03309042864443756,0.061200769712516284,0.06069225944669578,0.17968386353537003,0.022334554898195715,-0.2684967962686386,-0.060582837651578576,-0.0371978485554542,0.04054134135478693,0.02145038805428027,0.05574745173820168,-0.035301272515431345,0.4014009438389987,0.006978517844642934,-0.07984684965397786,-0.0023600153292573384,-0.014655196033378318,0.3794096618948214,0.1297835436639958,0.4076775830441821,0.07322205924827219,0.030714640406507475,0.025142506582630335,-0.04114453970222956,0.24077990583696618,-0.2764528190130298,0.18888214953334242,0.013574546122757271,0.0021466616397234346,-0.08752935929777855,0.0199406680442933
10,-0.671679830635146,0.061140889850486595,0.06773346542048674,-0.11166082192353466,-0.021063000313324438,0.014228776359889584,0.014406896261541208,0.012618594933637262,0.10946731121166092,-0.31228772668292326,3243.2183220773404,-0.04192959820402526,0.02799838308492625,-0.013463961921297975,0.4414238002689376,-0.031072289581132142,0.022108641088371007,0.024002212076239413,-0.10036816871254915,-0.009724717398724707,-0.004579866190882745,-0.21459034524707515,0.3112371311649907,0.022290891494152018,0.048501529940325215,-0.03752936244334919,-0.006686886170872243,-0.005409276521133195,-0.02571928634093852,0.05678970666476591,-0.08419595854959214,-0.004327962630715798,-0.03789999255581831,0.01814978165918365,0.03422567607296032,-0.6023955594367871,-0.7446044443620545,0.012569315947979135,-0.048629977658693986,-0.03431173105474087,-0.034535864353666755,0.01094364773057051
11,-0.27578525072552296,-0.07033533736011667,-0.10296420999770442,0.11163262438239104,0.013000051456515936,0.01806660436131217,-0.014252501589235004,-0.08356325451867393,0.0031528659225171403,0.03309042864443756,-0.04192959820402526,1197.3243589015124,0.014145521989353453,-0.009975380004192113,0.17442604265167017,-0.13135299862492086,0.1159397801445912,-0.03186230211388454,0.012958658482799021,-0.017435680989903352,0.024432405744582792,-0.028409011996600356,-0.11102387181527,-0.17127085408106618,0.05010237303266298,-0.017178490049830256,0.017645183431296695,0.009031391432984837,-0.4916694483476711,0.038952220706548565,0.053955693176363256,-0.010699969571177796,0.02707650691159374,0.036359488052998795,0.011144546589175313,0.05156609098623192,-0.050612107921943095,0.04162104087198102,0.021110726651565975,-0.04129621820326213,0.009397622486764692,-0.0013249121971708334
12,0.09265795898504028,0.02305473090546218,0.07399048072189518,0.0017335686607819428,-0.0090723232280482,0.001505182997056248,-0.002143886008573766,0.29994716414340017,0.15996359949309055,0.061200769712516284,0.02799838308492625,0.014145521989353453,468.2292210280607,-0.003341953319556708,-0.07822675627711033,-0.10736955634365906,-0.005056362277522525,-0.01874928392501737,0.013627948261079912,0.0032541524139238893,-0.0036811379983590505,0.1621485415585411,0.09067276210967261,-0.01077687255035889,0.005370127889033413,-0.017930235214299498,0.032981722805815225,0.007020741489034574,-0.09231785867163868,-0.029047421795464132,-0.023792219054344383,0.05554327320948127,-0.007235235753653794,-0.006992385524757991,-0.019834406734594003,0.09779558451520128,-0.010976485267099585,0.07688266704161342,-0.04827323061087347,-0.05582634199727263,-0.007813390432473642,0.011388208228757683
13,0.025727927891277005,-0.07167435511419232,0.035444134209841396,-0.01564825380738252,-0.01866473391269069,0.001050817667905482,-0.008986466963064536,-0.10466705387884598,-0.155558008288038,0.06069225944669578,-0.013463961921297975,-0.009975380004192113,-0.003341953319556708,220.55259054816142,0.009668464390230551,0.02532094204972631,-0.04660579042844657,0.028745639207166673,0.003824777149413795,0.005896539307686258,0.0013175862248842162,-0.06375464067797049,0.00712553502618962,0.037917957696980434,0.032192395890673235,-0.008118779418869982,-0.00322476626037274,0.009064659482333157,-0.06198688609503922,0.02076150879219577,-0.00013196400859719103,-0.015201060704289464,-0.02366761345615803,-0.004191510641020479,-0.00299233703505549,-0.11818679011144549,-0.025824933484318843,0.022760786235863032,0.023836244656169712,-0.018200792892082287,-0.003724067243103686,-0.0037984541577311018
14,-0.37772299329969505,-0.5495991518463448,-0.38755003432441804,0.2891080101595574,0.12763325919648918,0.13764839991826436,-0.04599673224163457,-1.041868909688473,-1.2920237801798056,0.17968386353537003,0.4414238002689376,0.17442604265167017,-0.07822675627711033,0.009668464390230551,42990.95104985045,0.6922045142374227,0.2101238916950894,0.2261073537319071,-0.21767969316404517,0.0069693993889339825,-0.11234178947363947,-0.8726109647386031,1.9213277036474212,0.19087244937730374,0.13981603134344767,-0.04124347937403638,0.032344295049721104,-0.05619029309448896,-2.0658619648188465,0.7866590951045993,-0.1184837918255837,-0.411851125606456,0.061163791319739994,-0.012412464810269459,-0.10866613895116749,1.4789747576819987,0.02719321380142972,-0.5720552983839852,-0.20653656506440843,-0.2290975254102791,-0.13841863038050667,-0.07739763999389536
15,0.47126507702464626,0.21543504288829635,-0.47055839855062526,0.019575165191017173,-0.11861844269251753,0.15548869117153186,0.011178506578674986,0.28815753979820274,-0.07385944797577813,0.022334554898195715,-0.031072289581132142,-0.13135299862492086,-0.10736955634365906,0.02532094204972631,0.6922045142374227,15358.303426198578,-0.2329292573648858,-0.10100938585544672,0.0006838085392594542,-0.2818789984008547,0.05945518518793438,0.18446751570478595,-0.24180774284961803,-0.3768519598525704,0.061690161370489,0.03367948468814434,0.1010056316951044,0.02378857727054002,-0.8528005789707169,0.2813486724811184,0.3250273376232312,-0.13246148890522164,0.14978275857040615,0.0434773909288335,0.043203259387779115,0.14127267341781824,0.06624562103034799,0.010676891517853681,0.06062957880539596,0.07096345261227191,-0.07386851258852717,-0.010815186196590507
16,0.16786148722737834,0.13427911270794407,0.3410776966124357,0.06001860376401039,0.02317249860732381,-0.0346426278745236,0.013978971981720335,-0.4104301822410051,0.4920340001001126,-0.2684967962686386,0.022108641088371007,0.1159397801445912,-0.005056362277522525,-0.04660579042844657,0.2101238916950894,-0.2329292573648858,5436.836694880138,-0.2041531339911584,-0.03436716153487322,6.075268893527576e-05,-0.0011805941080751592,0.24901008000840819,-0.13066449938886787,0.29636513093675304,-0.18470243312409665,-0.01934366922869929,-0.11087922411618234,0.050431716029302034,-0.10833507533947724,0.09747853690433991,-0.31281618583499216,0.02231110495376548,0.08850262565896617,0.040030797329270104,-0.006276000794278401,-0.2155975475985381,-0.14513038571420964,-0.5288382362228139,-0.08076457527651214,0.023223048037296502,0.00966574879802981,0.054956849027965715
17,0.3353768389107869,0.17881473843101314,-0.12249137349408803,0.030932117968058146,0.10086077861444259,-0.04149170511619423,0.01948399436604583,-0.5732554950761577,-0.2449513366106848,-0.060582837651578576,0.024002212076239413,-0.03186230211388454,-0.01874928392501737,0.028745639207166673,0.2261073537319071,-0.10100938585544672,-0.2041531339911584,2110.6625083639615,-0.0022364646322477278,-0.01776802859072375,0.030644403415848502,0.3063484524410649,0.1428282727509913,-0.08796950210119527,-0.09913304504943626,0.017509168019261195,0.0006886203935736896,-0.010227917931721972,0.1911768699526356,-0.20102089560770747,0.0838915934073883,0.04175249486017638,-0.02534373800511109,-0.009064026070276763,-0.009975465504733742,-0.09789374552326159,0.3581817297892212,-0.08851198458748401,-0.08156928717787458,-0.0025503868568865205,-0.010018193308626256,0.014111892958983751
18,-0.15102130742995712,-0.015925506576618627,-0.09015027892504786,-0.004485588852869433,0.014036265371900157,0.010527141102540796,0.006667623530646794,-0.19031137141181664,-0.13516005772261525,-0.0371978485554542,-0.10036816871254915,0.012958658482799021,0.013627948261079912,0.003824777149413795,-0.21767969316404517,0.0006838085392594542,-0.03436716153487322,-0.0022364646322477278,781.5130527842459,-0.018410926009923913,-0.024207314965287493,-0.16230958264451564,-0.1623298488541639,-0.06713603598971976,0.021940399977777216,0.005619178493427479,0.0015593443700659623,0.0071352949250652305,0.14662359752872556,0.028461867424686347,-0.07146065879812696,-0.01530925307497776,0.016046048869085647,-0.015335105997959158,-0.017827020562146578,-0.17593608525096305,-0.039853014552186684,0.07449953726907298,0.010831879215058387,-0.017120977859768075,0.014053318055550237,0.006398393539454808
19,0.014003999700888167,0.10912875584577632,0.05648228796125612,0.020281292899826008,-0.02388807831606473,-0.010075310954885643,0.006712144297376896,-0.11605614890430833,-0.037561675248427344,0.04054134135478693,-0.009724717398724707,-0.017435680989903352,0.0032541524139238893,0.005896539307686258,0.0069693993889339825,-0.2818789984008547,6.075268893527576e-05,-0.01776802859072375,-0.018410926009923913,321.71007986158224,-0.0012091511070034316,-0.20631945041441366,0.0034087002240648758,0.058340939143102906,-0.011820517698117289,-0.004489583437239477,-0.0053712696008609145,0.011164803982088559,0.0684969115815766,-0.04992387562611663,-0.02542144177829226,-0.008725182192104056,0.016862037710600436,-0.005245114605610888,0.0011157730207242205,0.05918775416916613,0.1488448042543281,-0.058832410764348905,-0.017117534099573773,0.006450716892916567,-0.008508254040092771,-0.011256428624005181
20,-0.06311897318666343,0.0807499480511235,0.009292032928260027,0.012063679305276903,-0.006523672261993467,-0.007343255612035176,0.0036265249886706374,-0.04852939065659183,0.04703172826707543,0.02145038805428027,-0.004579866190882745,0.024432405744582792,-0.0036811379983590505,0.0013175862248842162,-0.11234178947363947,0.05945518518793438,-0.0011805941080751592,0.030644403415848502,-0.024207314965287493,-0.0012091511070034316,159.42909975163525,-0.06986031499035594,0.08847241329395882,0.023884362836248584,-0.03946441530636675,0.019746344051173356,-0.0041605561650317705,0.0008779716579787048,-0.024065889450139103,0.039481174567900824,0.014071963500872,-0.024588989342861828,-0.020604746140956972,-0.0027382067968318353,0.0027182312281215605,-0.04005017520002537,0.038903948301041734,0.00021199127212213277,-0.00461929184880051,0.009868988335556274,-0.0011265212935724078,-0.0011519147023349786
21,-1.6738741771825767,0.32740230451873054,-0.3743403418113589,-0.5075715912466389,-0.16102361829667994,0.12086072701177669,-0.12474641129980762,3.6937343146454595,-0.38947309434042443,0.05574745173820168,-0.21459034524707515,-0.028409011996600356,0.1621485415585411,-0.06375464067797049,-0.8726109647386031,0.18446751570478595,0.24901008000840819,0.3063484524410649,-0.16230958264451564,-0.20631945041441366,-0.06986031499035594,51059.91880208365,-1.3421883673628003,0.02676343998168978,0.9210603094234511,-0.07756614561081038,-0.02498549776825278,0.21638171340980444,1.6960663054116254,0.23031334023436775,0.48148421505245614,0.7558566005508492,0.16279046405200018,0.23506548081610726,0.048642747522238614,-0.1233338328255924,0.33319645046641344,0.7356153367467582,0.06807808893101548,-0.4069460291512079,-0.09000239477533223,0.1145940551204459
22,0.7690127105654776,-0.8628569784895591,0.11648407971815175,0.14079408877126193,-0.3309281867821898,0.008279828185004607,3.98098957467927e-05,1.198742469028932,-0.49354574743213664,-0.035301272515431345,0.3112371311649907,-0.11102387181527,0.09067276210967261,0.00712553502618962,1.9213277036474212,-0.24180774284961803,-0.13066449938886787,0.1428282727509913,-0.1623298488541639,0.0034087002240648758,0.08847241329395882,-1.3421883673628003,18193.63903778834,0.1441659388042768,0.21026931985713077,-0.1942532839079231,-0.05891173283066586,0.0837801780738718,0.9698291914579071,-0.0750728681680687,-0.251134826711848,-0.1922076814321745,-0.2192388782603845,0.2181744207033225,-0.055726022565736014,-1.3935396632348063,0.20037672537490778,0.2985793259871949,0.030063456811498013,0.039848042504438824,0.059606099738784786,-0.059714575831656375
23,0.11455854786171871,-0.5794870121754503,0.2169273826085946,-0.06366539899019072,0.018962154519807706,0.030429244600932978,0.04274954148320032,-0.01170918851468469,0.08077250280500095,0.4014009438389987,0.022290891494152018,-0.17127085408106618,-0.01077687255035889,0.037917957696980434,0.19087244937730374,-0.3768519598525704,0.29636513093675304,-0.08796950210119527,-0.06713603598971976,0.058340939143102906,0.023884362836248584,0.02676343998168978,0.1441659388042768,6966.455844042021,0.043776927169195935,0.0500865034474937,-0.06740322530536551,-0.04544259463661136,0.15993012735827783,0.06167625581141878,0.05559187934549479,-0.09800996951394889,0.2141483741045548,-0.028719280360182165,-0.011578909518455737,-0.8568998996665288,-0.8340642909354011,0.09089220419484029,-0.03477386585213044,-0.030441502060168282,-0.03809140907709659,0.04902447156906217
24,0.29367275822315286,0.1715399064981918,-0.23507184680994295,0.0031794133671241703,-0.015789727550883044,-0.00442218788833505,0.02874371705661085,-0.20233311110630745,0.06762046965264955,0.006978517844642934,0.048501529940325215,0.05010237303266298,0.005370127889033413,0.032192395890673235,0.13981603134344767,0.061690161370489,-0.18470243312409665,-0.09913304504943626,0.021940399977777216,-0.011820517698117289,-0.03946441530636675,0.9210603094234511,0.21026931985713077,0.043776927169195935,2462.829191736976,-0.0505263589263068,0.03420201648576254,0.004100955291848023,0.23975606977373587,-0.245059716830667,0.1845506394060199,0.009075020849972403,-0.11076679986625923,-0.004243939359536111,0.005491002700829563,-0.07684549947766273,0.1089602553205094,-0.06353929122797898,-0.06629426101132456,0.11654830042312726,-0.03270060845757241,-0.0020450149478079406
25,0.08619110106856509,0.2724423153550957,0.0482641282543105,0.028913449395969036,-0.009360443433839816,-0.0013965624132726009,-0.006155687419411961,0.08528534069234782,-0.05232555241808897,-0.07984684965397786,-0.03752936244334919,-0.017178490049830256,-0.017930235214299498,-0.008118779418869982,-0.04124347937403638,0.03367948468814434,-0.01934366922869929,0.017509168019261195,0.005619178493427479,-0.004489583437239477,0.019746344051173356,-0.07756614561081038,-0.1942532839079231,0.0500865034474937,-0.0505263589263068,940.6047459926031,-0.0017809503675745605,0.00019696999535016613,0.1711500643111214,-0.03478971775766239,0.0332883130415874,0.03299071464304165,0.01820024607265549,0.004188818980423831,0.009129526016007142,0.003180133178205066,-0.14050081583786553,-0.055494524981422835,0.03364222728441193,0.037969006647289805,-0.011916303320053612,0.005525124075379296
26,0.3184832959243095,-0.04033959513217495,-0.020294493410834207,-0.02664355651301155,-0.010389954047474292,-0.0015774295362592343,-0.0023090441684442786,-0.14650775415726305,-0.07059600952912937,-0.0023600153292573384,-0.006686886170872243,0.017645183431296695,0.032981722805815225,-0.00322476626037274,0.032344295049721104,0.1010056316951044,-0.11087922411618234,0.0006886203935736896,0.0015593443700659623,-0.0053712696008609145,-0.0041605561650317705,-0.02498549776825278,-0.05891173283066586,-0.06740322530536551,0.03420201648576254,-0.0017809503675745605,383.0757171155033,0.008256152014028708,0.06485899699938151,0.05221844767185228,0.02153555766348496,-0.019758184260825564,0.008707200971719571,0.019617390961432904,0.01012530887400881,0.13849698784540931,-0.05315960210581782,0.033486512760461426,0.01710431439803429,0.00630331352711252,-0.010233559732833,0.02229053842979378
27,-0.044364344573462916,0.1035615256575047,0.02633876661688578,-0.05065373774310685,-0.009716713061429105,0.004185651662403457,0.0017834758540977648,0.2742952509462782,-0.058206002052636166,-0.014655196033378318,-0.005409276521133195,0.009031391432984837,0.007020741489034574,0.009064659482333157,-0.05619029309448896,0.02378857727054002,0.050431716029302034,-0.010227917931721972,0.0071352949250652305,0.011164803982088559,0.0008779716579787048,0.21638171340980444,0.0837801780738718,-0.04544259463661136,0.004100955291848023,0.00019696999535016613,0.008256152014028708,166.41505295265685,-0.06888246445101082,-0.0046190168968434754,0.050753001565713475,0.01850943653161879,0.010710374467219199,0.0056781251626165895,0.001185163284281825,0.023745980963096904,-0.03406742743719777,-0.010190400409475754,0.026330858588491855,-0.020464300367285932,-0.010074204643582354,-0.0043648788472913135
28,-0.5652624262531017,0.3025351099936141,0.4298943809281505,0.311787901567695,-0.03307301040746313,-0.02775451434193442,0.17190015908458917,1.7316433330309888,-0.0568815990404414,0.3794096618948214,-0.02571928634093852,-0.4916694483476711,-0.09231785867163868,-0.06198688609503922,-2.0658619648188465,-0.8528005789707169,-0.10833507533947724,0.1911768699526356,0.14662359752872556,0.0684969115815766,-0.024065889450139103,1.6960663054116254,0.9698291914579071,0.15993012735827783,0.23975606977373587,0.1711500643111214,0.06485899699938151,-0.06888246445101082,39987.836973462356,-1.2419913080080829,-0.024351387567318757,0.13219426745748517,-0.19450686055529237,-0.16106052005089908,0.10172796013802257,-0.3551169353762871,0.7550080864570656,0.8254403421910289,0.009619030027280078,0.13340270134054338,0.08355746538403017,0.09324501289914743
29,-2.145931853619998,-0.1915393048462224,0.10147298734332112,0.004342833065195657,0.10969170012849012,0.017719411844446913,-0.03864961132388212,0.21945708580792908,0.1201400657976118,0.1297835436639958,0.05678970666476591,0.038952220706548565,-0.029047421795464132,0.02076150879219577,0.7866590951045993,0.2813486724811184,0.09747853690433991,-0.20102089560770747,0.028461867424686347,-0.04992387562611663,0.039481174567900824,0.23031334023436775,-0.0750728681680687,0.06167625581141878,-0.245059716830667,-0.03478971775766239,0.05221844767185228,-0.0046190168968434754,-1.2419913080080829,14740.605982087773,0.30252506659020534,0.04689642323692945,0.026410900718145103,0.1044706261360153,0.021173660487043573,-0.7569322635609604,0.24804902166660198,-0.40759271162906263,0.13753580557422865,0.07659081147745546,0.05976016360802365,-0.00322986504560916
30,0.2461493213562421,-0.15138604148360185,0.10008379407203531,-0.14949613157556177,0.0024319989032697362,0.015725172593207368,0.0010335216328636596,-0.7845008668741542,0.389225746680051,0.4076775830441821,-0.08419595854959214,0.053955693176363256,-0.023792219054344383,-0.00013196400859719103,-0.1184837918255837,0.3250273376232312,-0.31281618583499216,0.0838915934073883,-0.07146065879812696,-0.02542144177829226,0.014071963500872,0.48148421505245614,-0.251134826711848,0.05559187934549479,0.1845506394060199,0.0332883130415874,0.02153555766348496,0.050753001565713475,-0.024351387567318757,0.30252506659020534,5438.733448478842,0.10333161450514308,0.029010171787319815,0.055547162229892644,0.06947734858167205,-0.5144624745469237,-0.5225843626985976,-0.15883613331285798,-0.010470048890874025,0.05872286865500563,-0.08519997094503656,0.053406909663758495
31,-0.4013044465068711,0.07160281108085816,-0.013350285150649099,-0.040335186729998834,0.05405305651053912,0.025572559539054063,0.025565715967800644,-0.049757744809228226,-0.34110913404865095,0.07322205924827219,-0.004327962630715798,-0.010699969571177796,0.05554327320948127,-0.015201060704289464,-0.411851125606456,-0.13246148890522164,0.02231110495376548,0.04175249486017638,-0.01530925307497776,-0.008725182192104056,-0.024588989342861828,0.7558566005508492,-0.1922076814321745,-0.09800996951394889,0.009075020849972403,0.03299071464304165,-0.019758184260825564,0.01850943653161879,0.13219426745748517,0.04689642323692945,0.10333161450514308,1979.4144467754986,0.0038206482241322027,0.05105868263433863,-0.006823775486077891,-0.2077804280402115,0.055440984248503765,-0.10120413583947711,-0.08269538163135023,0.045414518367370274,0.007613628548887665,0.03155394329335987
32,-0.20151576501531362,-0.0015296080430393353,0.044389966914929836,-0.032367964119884955,-0.0019284278000287884,-0.011941932982282381,0.015398173803908148,-0.005800133318078082,-0.09503192865307548,0.030714640406507475,-0.03789999255581831,0.02707650691159374,-0.007235235753653794,-0.02366761345615803,0.061163791319739994,0.14978275857040615,0.08850262565896617,-0.02534373800511109,0.016046048869085647,0.016862037710600436,-0.020604746140956972,0.16279046405200018,-0.2192388782603845,0.2141483741045548,-0.11076679986625923,0.01820024607265549,0.008707200971719571,0.010710374467219199,-0.19450686055529237,0.026410900718145103,0.029010171787319815,0.0038206482241322027,751.4636921286489,0.036634188060404034,0.0038840467588471825,0.15243705186620193,0.00694886652020908,-0.03453556608578162,-0.0007988527508230154,0.04104047100992807,0.0031806575768931126,-0.005404850433716062
33,0.33649369378957866,-0.0015178328005223628,-0.035903402295150884,-0.03188472258628124,0.007319657192642572,-0.01103794074384647,-0.003479952205091492,0.1051192038235305,0.03755756739294741,0.025142506582630335,0.01814978165918365,0.036359488052998795,-0.006992385524757991,-0.004191510641020479,-0.012412464810269459,0.0434773909288335,0.040030797329270104,-0.009064026070276763,-0.015335105997959158,-0.005245114605610888,-0.0027382067968318353,0.23506548081610726,0.2181744207033225,-0.028719280360182165,-0.004243939359536111,0.004188818980423831,0.019617390961432904,0.0056781251626165895,-0.16106052005089908,0.1044706261360153,0.055547162229892644,0.05105868263433863,0.036634188060404034,314.0719572054521,0.017009661489003465,0.09421661707095107,0.10810566677334839,-0.01720630064136137,0.04281801863537094,0.013392381132532721,-0.008997060804417733,-0.002485852029263641
34,-0.007447842755497202,0.024602344824738224,0.03056499955020859,0.013105836727678436,0.0030258030692034647,0.004834459237888673,-0.005962716445113554,-0.12869017291643156,0.007072159224816532,-0.04114453970222956,0.03422567607296032,0.011144546589175313,-0.019834406734594003,-0.00299233703505549,-0.10866613895116749,0.043203259387779115,-0.006276000794278401,-0.009975465504733742,-0.017827020562146578,0.0011157730207242205,0.0027182312281215605,0.048642747522238614,-0.055726022565736014,-0.011578909518455737,0.005491002700829563,0.009129526016007142,0.01012530887400881,0.001185163284281825,0.10172796013802257,0.021173660487043573,0.06947734858167205,-0.006823775486077891,0.0038840467588471825,0.017009661489003465,142.67486790081855,0.020349163542681264,-0.06409672039557188,-0.028625882647575877,-0.016533758970105162,-0.009618390785760607,-0.0028640357127546383,0.0030839923835228244
35,0.7019953064313945,0.9236888708419686,-0.5968150375491618,0.3550835555308455,-0.0200496055527844,-0.10523543175757795,-0.04587779557029498,0.5086256550347142,0.5049040680886553,0.24077990583696618,-0.6023955594367871,0.05156609098623192,0.09779558451520128,-0.11818679011144549,1.4789747576819987,0.14127267341781824,-0.2155975475985381,-0.09789374552326159,-0.17593608525096305,0.05918775416916613,-0.04005017520002537,-0.1233338328255924,-1.3935396632348063,-0.8568998996665288,-0.07684549947766273,0.003180133178205066,0.13849698784540931,0.023745980963096904,-0.3551169353762871,-0.7569322635609604,-0.5144624745469237,-0.2077804280402115,0.15243705186620193,0.09421661707095107,0.020349163542681264,45945.73357273753,-0.10642101047332758,0.11084587039914676,-0.5913920679929602,0.27480841009586243,-0.051680975149483804,-0.1331001632982928
36,-0.12493097454019048,-0.3195042400641748,0.5076510147294273,0.07534395147974737,0.10811104418259945,0.015506275476468875,0.0015568163042403334,-1.465299554481993,0.8976009094264973,-0.2764528190130298,-0.7446044443620545,-0.050612107921943095,-0.010976485267099585,-0.025824933484318843,0.02719321380142972,0.06624562103034799,-0.14513038571420964,0.3581817297892212,-0.039853014552186684,0.1488448042543281,0.038903948301041734,0.33319645046641344,0.20037672537490778,-0.8340642909354011,0.1089602553205094,-0.14050081583786553,-0.05315960210581782,-0.03406742743719777,0.7550080864570656,0.24804902166660198,-0.5225843626985976,0.055440984248503765,0.00694886652020908,0.10810566677334839,-0.06409672039557188,-0.10642101047332758,16678.18521577256,-0.428724391620789,0.05150863463046375,-0.07506672532075984,0.02787639600488699,-0.0007249153672375836
37,-0.38811469497172324,-0.1404866155147555,0.0034598695928342625,0.09637059541984153,-0.05990330101865795,-0.0077437584143636535,0.0218588273495459,-0.4584292617491047,-0.6109448225046458,0.18888214953334242,0.012569315947979135,0.04162104087198102,0.07688266704161342,0.022760786235863032,-0.5720552983839852,0.010676891517853681,-0.5288382362228139,-0.08851198458748401,0.07449953726907298,-0.058832410764348905,0.00021199127212213277,0.7356153367467582,0.2985793259871949,0.09089220419484029,-0.06353929122797898,-0.055494524981422835,0.033486512760461426,-0.010190400409475754,0.8254403421910289,-0.40759271162906263,-0.15883613331285798,-0.10120413583947711,-0.03453556608578162,-0.01720630064136137,-0.028625882647575877,0.11084587039914676,-0.428724391620789,6022.44285420656,0.001923840482253828,0.06150846273163021,0.04404038103892228,-0.002203297173030821
38,0.13179861460525172,-0.24768444162005548,-0.23122876889652524,0.05273695021731228,0.06106975268897809,0.03820363642397482,-0.020798284176953317,-0.49758994289572545,0.1749201008166588,0.013574546122757271,-0.048629977658693986,0.021110726651565975,-0.04827323061087347,0.023836244656169712,-0.20653656506440843,0.06062957880539596,-0.08076457527651214,-0.08156928717787458,0.010831879215058387,-0.017117534099573773,-0.00461929184880051,0.06807808893101548,0.030063456811498013,-0.03477386585213044,-0.06629426101132456,0.03364222728441193,0.01710431439803429,0.026330858588491855,0.009619030027280078,0.13753580557422865,-0.010470048890874025,-0.08269538163135023,-0.0007988527508230154,0.04281801863537094,-0.016533758970105162,-0.5913920679929602,0.05150863463046375,0.001923840482253828,2283.097300970718,-0.020612910311049473,-0.03178722676403289,0.0009269414570561803
39,0.09009428250563402,0.03669799602865037,0.0003043004533275866,0.018621687733516308,0.011092313578959956,-0.0025743643005432136,0.021897989698363728,0.2648989714445596,0.11628832914727806,0.0021466616397234346,-0.03431173105474087,-0.04129621820326213,-0.05582634199727263,-0.018200792892082287,-0.2290975254102791,0.07096345261227191,0.023223048037296502,-0.0025503868568865205,-0.017120977859768075,0.006450716892916567,0.009868988335556274,-0.4069460291512079,0.039848042504438824,-0.030441502060168282,0.11654830042312726,0.037969006647289805,0.00630331352711252,-0.020464300367285932,0.13340270134054338,0.07659081147745546,0.05872286865500563,0.045414518367370274,0.04104047100992807,0.013392381132532721,-0.009618390785760607,0.27480841009586243,-0.07506672532075984,0.06150846273163021,-0.020612910311049473,908.4714868569735,-0.024236802405243445,0.02978170738162059
40,0.055016264408790864,0.04231050591013542,0.0703773910899787,-0.02497925716563786,0.022272326723396164,0.004023455083162022,-0.010489399167278741,0.19301106688027903,-0.007037781427285961,-0.08752935929777855,-0.034535864353666755,0.009397622486764692,-0.007813390432473642,-0.003724067243103686,-0.13841863038050667,-0.07386851258852717,0.00966574879802981,-0.010018193308626256,0.014053318055550237,-0.008508254040092771,-0.0011265212935724078,-0.09000239477533223,0.059606099738784786,-0.03809140907709659,-0.03270060845757241,-0.011916303320053612,-0.010233559732833,-0.010074204643582354,0.08355746538403017,0.05976016360802365,-0.08519997094503656,0.007613628548887665,0.0031806575768931126,-0.008997060804417733,-0.0028640357127546383,-0.051680975149483804,0.02787639600488699,0.04404038103892228,-0.03178722676403289,-0.024236802405243445,356.1089865874077,-0.00046254369726038083
41,0.04814293015475223,0.061562146185918064,-0.012432021505853772,-0.006857697213938827,-0.015293368306070622,0.00023786116359861278,0.0015198262588935418,-0.13875943268264318,-0.029833266003259747,0.0199406680442933,0.01094364773057051,-0.0013249121971708334,0.011388208228757683,-0.0037984541577311018,-0.07739763999389536,-0.010815186196590507,0.054956849027965715,0.014111892958983751,0.006398393539454808,-0.011256428624005181,-0.0011519147023349786,0.1145940551204459,-0.059714575831656375,0.04902447156906217,-0.0020450149478079406,0.005525124075379296,0.02229053842979378,-0.0043648788472913135,0.09324501289914743,-0.00322986504560916,0.053406909663758495,0.03155394329335987,-0.005404850433716062,-0.002485852029263641,0.0030839923835228244,-0.1331001632982928,-0.0007249153672375836,-0.002203297173030821,0.0009269414570561803,0.02978170738162059,-0.00046254369726038083,158.21135386694465
