,2,3,4,5,6,7,8,9
2,12961.877331030055,0.22476899447440027,0.05813331517905628,0.03406064992945282,0.0008920721097122723,-0.00020646365071752453,4.418186025699198e-05,-9.159113399739296e-05
3,0.22476899447440027,2545.830810576564,-0.02217938729165117,0.012297190784567855,-0.0006720090319415849,0.0006786402036001434,-0.0005032773090274244,0.0002228972277043072
4,0.05813331517905628,-0.02217938729165117,406.0368603148258,0.0026249516530528986,0.0005475021113945154,-0.0009186024099302975,0.00031805810809790625,-6.678332504825532e-05
5,0.03406064992945282,0.012297190784567855,0.0026249516530528986,57.843110187162885,0.0003449520521228053,0.00011505160882391956,4.129603983348446e-05,-1.6891362714871018e-05
6,0.0008920721097122723,-0.0006720090319415849,0.0005475021113945154,0.0003449520521228053,7.734366382024033,4.863441978141402e-05,2.1445191503035335e-05,7.309131315802526e-06
7,-0.00020646365071752453,0.0006786402036001434,-0.0009186024099302975,0.00011505160882391956,4.863441978141402e-05,1.039559425593203,-1.3647284278903821e-05,1.5139404162307037e-06
8,4.418186025699198e-05,-0.0005032773090274244,0.00031805810809790625,4.129603983348446e-05,2.1445191503035335e-05,-1.3647284278903821e-05,0.161330024175625,1.0440466643149094e-06
9,-9.159113399739296e-05,0.0002228972277043072,-6.678332504825532e-05,-1.6891362714871018e-05,7.309131315802526e-06,1.5139404162307037e-06,1.0440466643149094e-06,0.01884196515759374
