,2,3,4,5,6,7,8
2,6494.886235838093,0.014032601298110738,0.08202453580679599,0.007418106240394746,0.0071319000293645195,-0.0018525211120786662,0.00039295129045467507
3,0.014032601298110738,1622.8085562862434,-0.009709711989617122,-0.012709340072799332,-0.002782748698602859,0.00015223024168613833,5.3467451692933024e-05
4,0.08202453580679599,-0.009709711989617122,347.9516019017209,-0.004190355374071802,-0.0011053804309339944,-0.00042915966808136305,-1.7082176089404634e-05
5,0.007418106240394746,-0.012709340072799332,-0.004190355374071802,53.76787736510125,-0.0002907079348171074,2.741179000736774e-05,-1.130564642786326e-05
6,0.0071319000293645195,-0.002782748698602859,-0.0011053804309339944,-0.0002907079348171074,7.145001687970777,4.131720530331731e-05,4.363082123091525e-06
7,-0.0018525211120786662,0.00015223024168613833,-0.00042915966808136305,2.741179000736774e-05,4.131720530331731e-05,0.8396429642401924,7.797652254734612e-06
8,0.00039295129045467507,5.3467451692933024e-05,-1.7082176089404634e-05,-1.130564642786326e-05,4.363082123091525e-06,7.797652254734612e-06,0.0504605491860786
