,2,3,4,5,6,7,8
2,927.8408908340324,0.002338766883018495,0.01640490716135875,0.0018545265600987371,0.0023773000097881795,-0.0009262605560393245,0.00039295129045467507
3,0.002338766883018495,270.46809271438303,-0.0019419423979235594,-0.003177335018199766,-0.0009275828995343408,7.611512084306589e-05,5.3467451692933024e-05
4,0.01640490716135875,-0.0019419423979235594,69.59032038034218,-0.0010475888435179906,-0.0003684601436446433,-0.00021457983404069,-1.7082176089404634e-05
5,0.0018545265600987371,-0.003177335018199766,-0.0010475888435179906,13.441969341276033,-9.69026449390374e-05,1.3705895003683533e-05,-1.130564642786326e-05
6,0.0023773000097881795,-0.0009275828995343408,-0.0003684601436446433,-9.69026449390374e-05,2.3816672293234586,2.0658602651658575e-05,4.363082123091525e-06
7,-0.0009262605560393245,7.611512084306589e-05,-0.00021457983404069,1.3705895003683533e-05,2.0658602651658575e-05,0.41982148212011416,7.797652254734612e-06
8,0.00039295129045467507,5.3467451692933024e-05,-1.7082176089404634e-05,-1.130564642786326e-05,4.363082123091525e-06,7.797652254734612e-06,0.0504605491860786
