,2,3,4,5,6,7,8
2,1389.1300170718644,0.0018619141245075374,0.02484258942219147,0.0022671512281557506,0.0035802518142747123,-0.001167884325791851,0.0004378738335086021
3,0.0018619141245075374,440.5788202442885,-0.003955997477681354,-0.005186858400635499,-0.0013846798123427371,7.711796970739183e-05,5.6130877252994964e-05
4,0.02484258942219147,-0.003955997477681354,109.19733059436572,-0.0016455486679641158,-0.0006465867009993499,-0.00028142950505497796,-2.2661367328452424e-05
5,0.0022671512281557506,-0.005186858400635499,-0.0016455486679641158,20.32069347041007,-0.00014516598988317307,1.9740496189194364e-05,-1.3688057422774777e-05
6,0.0035802518142747123,-0.0013846798123427371,-0.0006465867009993499,-0.00014516598988317307,3.3230778630639373,2.62985669164283e-05,4.3607946338966896e-06
7,-0.001167884325791851,7.711796970739183e-05,-0.00028142950505497796,1.9740496189194364e-05,2.62985669164283e-05,0.5004104341445608,8.088362347955893e-06
8,0.0004378738335086021,5.6130877252994964e-05,-2.2661367328452424e-05,-1.3688057422774777e-05,4.3607946338966896e-06,8.088362347955893e-06,0.04576766788308506
