index,0,1,2,3,4,5,6,7,8,9,10,11,12,13,14,15,16,17,18,19,20,21,22,23,24,25,26,27,28,29,30,31,32,33,34,35,36,37,38,39,40,41
0,122.4309349999131,0.003807508633838387,-0.001939839583485357,0.0024714614478853194,-0.00036497029058813325,-0.0004373653348937647,1.3683877330262557e-05,-0.002964767676024338,0.0021803077767844122,-0.00068629267718742,-0.0018576612276685741,5.762830642906233e-05,0.0002157602020648822,0.0006428001559834293,-0.003754253766339785,0.0039951669360668044,0.0002847980002827462,0.001379008737511114,-0.0008648062972685635,0.0007338107793640973,-0.00030050997146059406,-0.0038331572269250996,0.004238057651842984,-0.0018549282724449685,0.0007412196444870699,0.00020582602191938207,0.0006026609717030659,-7.605928772655594e-05,-0.0028397032458200556,-0.0035363348167006736,0.0011982931575730638,-0.0030609557734345718,-0.0011198051401620926,0.0005751370543324648,3.932126869427011e-05,0.002294088888708564,0.002275942892380037,-0.0026462863183538713,-0.00047375694222975655,0.0011512691239806852,0.0002851724053747004,0.00013629661452881452
1,0.003807508633838387,41.23112404174007,0.002418352345886922,-0.0011965705819606553,-0.00040688736848640673,-0.00038474958477866325,-5.944035677587484e-05,0.0024865990505363333,0.00020477282884923004,-0.0009453729255702705,0.00046953392861944773,-0.00012909536141108446,0.00029572275079196115,-0.00015058219721356025,0.0006797298870995219,0.0010830991991572603,0.0006296385547577102,0.0004322220055696956,-0.00043985429898850664,0.00020926806161775588,0.0001335238263507996,0.00034838058351251876,-0.0015488430751979662,-0.0015794067563731388,0.0008218037171963299,0.0005607882112461112,-2.8908395212973477e-05,0.0001854907347674865,0.0012027964731870396,-0.0009393254126830241,-0.0006712262926626163,0.0023140717163651213,2.5561118653244857e-05,-0.00012242818504929718,1.049903838660506e-05,0.0030226452691610064,-0.0012060433482780808,-0.0003973772902950502,-0.00045909524833863673,2.5272279886628527e-05,6.246973799978205e-05,4.9435100478918477e-05
2,-0.001939839583485357,0.002418352345886922,31.378525258486977,0.0006893598806841583,0.0001657553794309597,0.00011156359074213246,0.00017728062457252804,0.0012731586436794827,0.0012210116448656153,-8.108830647540767e-05,0.0005728265812305045,-0.00010513995160608274,0.00011923697658939787,2.9923225086207896e-05,-0.004986622836157663,-0.0022127091555342675,0.0012876467916656466,2.0133110636230214e-05,0.00011470510654679857,0.00015106325877171483,-0.000224874958733488,0.0008504807399130939,0.0017898799985633781,0.0021467182918353,-0.0006839325224417173,0.00018335275780258017,-0.00016374682838905273,-4.108495242911916e-05,0.00017284869605457218,0.0017025107585975734,0.0014490782668987118,-0.0016420713172862248,-4.316402552731366e-05,-5.495701686885678e-05,5.9336017776619575e-05,-0.00047477786071144066,0.0019678553725647604,0.0003244808893518099,-0.002103360962625357,-0.0006893456717789211,0.0002087892637469274,3.378127933150509e-05
3,0.0024714614478853194,-0.0011965705819606553,0.0006893598806841583,22.115329058308255,-0.0002842748801434221,0.00017366375246848613,-3.226251512206173e-05,1.691009536602409e-05,-0.001263321617819927,0.0006057262190752574,-4.0687838231437974e-05,0.000336962826243728,0.00014963857083206326,-0.00013506043871828468,0.00121002576966395,0.00045389670827737676,2.781597629858379e-06,8.272626109540241e-05,0.00010618214961013653,6.778856374924251e-05,-9.706369662758359e-06,-0.00014471724180481816,0.0016551676666361021,-0.000990737534593875,9.893074845283014e-06,-0.00013756815012268208,-5.879208609658807e-05,-0.00023386014844530622,0.000386784830239066,0.0003258309130792209,-0.00018148993903665278,0.0006840826096111575,-0.0004615534770499962,-0.00015019619668363534,1.0901697807609824e-05,0.0018518353617330303,0.0006232776589633977,-1.1842020910032633e-05,0.0008169343958744739,0.0001307764449299698,-0.00012143010805586621,7.082011731908928e-06
4,-0.00036497029058813325,-0.00040688736848640673,0.0001657553794309597,-0.0002842748801434221,5.81894816995011,-2.8400153512005922e-05,-6.279687427210258e-06,-0.00016696391371048562,-0.0006901389358416719,0.0005269326724470831,-3.408510447530189e-05,8.007471885013495e-05,-9.239262780993012e-05,-0.00012173049527636976,0.0003872408257779639,-0.0007803983573713406,0.00017668550915097452,0.00036204432124310704,-1.4822398255159399e-05,-0.00011809467537511206,-1.0237772209268453e-05,-0.0004061496975616415,-0.0009574458287898729,0.00030674244411744577,5.509278309810368e-05,-0.000307936149966907,-0.00011887070285970077,-1.87558232072664e-05,0.00020623751984448027,0.00038176884521941794,2.269035708607955e-05,0.0002776052462628646,1.1424690042857643e-05,9.536737195573762e-05,-8.29439607380018e-07,-0.0008896968449175071,0.00020063275321617927,-0.000570071141861259,0.0006793320564544297,0.0002077508533017214,4.4333958497968696e-05,-2.5735828352269952e-05
5,-0.0004373653348937647,-0.00038474958477866325,0.00011156359074213246,0.00017366375246848613,-2.8400153512005922e-05,0.9489429941294991,-2.0006036440876874e-06,-0.0003319354548100074,0.0002575176534838916,-6.566973502079186e-05,9.107761822395873e-05,5.7942368595819674e-05,2.950675978226156e-06,-3.263218107704608e-06,3.8458875752330995e-05,0.0005581412946482372,-9.856862623635666e-06,-0.00013581422121297198,-4.742237564237925e-06,1.617664302118511e-05,-1.8424379363174875e-05,0.00018531651393716088,-0.000170158580944342,-0.00012413608067913777,1.7433457429895795e-05,5.752140430498518e-05,3.0677480309672195e-06,-4.120034233510483e-06,-7.271752541692443e-05,2.2188165898485414e-05,0.0001172887352500941,-0.0001677307072192934,2.8627118147429132e-05,-3.826660302759558e-05,1.2433809718147178e-05,-0.00022478331498485332,9.542437996764853e-05,-1.8228575373464963e-05,0.0002591789275247569,6.844279348320509e-05,5.424303073542359e-05,-2.5487055767644804e-06
6,1.3683877330262557e-05,-5.944035677587484e-05,0.00017728062457252804,-3.226251512206173e-05,-6.279687427210258e-06,-2.0006036440876874e-06,0.5437818600723471,0.00010749964137490625,4.053554234218379e-05,0.0001446085181650417,8.322269090097304e-05,-1.0098251442934425e-05,-4.604088675025428e-06,-3.0301566130033986e-05,-0.000226150947039117,-4.946719295521262e-05,0.00013389650282862048,5.726373491786325e-05,7.319493172165849e-05,1.868520015980889e-06,1.5328758840690368e-05,-4.192732216189585e-05,-0.00011601945001491857,7.136602211976402e-05,0.00011865832420750229,-5.068205149225261e-05,2.3240983920161987e-05,8.737668249098145e-06,0.00045197832191918555,-4.5983413874798646e-05,-2.7553269496541994e-05,0.0002582938221389422,5.537814740976622e-05,-8.894637483509502e-06,-6.623017833206187e-06,-6.179098338105516e-05,2.989356823104899e-05,5.288695333794981e-05,9.474275301895423e-05,1.0334764799981495e-05,-1.4066641548020851e-05,1.1071467703810475e-06
7,-0.002964767676024338,0.0024865990505363333,0.0012731586436794827,1.691009536602409e-05,-0.00016696391371048562,-0.0003319354548100074,0.00010749964137490625,96.85207063704803,0.0004426629317372798,-0.0011493556877494146,7.173812288050446e-06,-0.0006922778213299871,0.0005464901694274035,-0.00018516706406676274,-0.0013508993987643905,0.002595123692908677,0.00016068025735088945,-0.0010881953864017597,-0.0012590909378936994,-0.000209204171242861,-0.0001119050126118621,0.0037447301975761923,0.0023322456258100424,-0.0010493936761924835,-0.000762616769371329,0.0008188592116159608,-0.0002787730998077808,0.00029896179345591657,0.0020270664783189145,0.00222509290415862,-0.00023690059581954348,-0.002612489814046662,-0.00017882517286048767,8.260737003642552e-05,-0.00012000399110642775,-0.0023768698202826294,-0.004346118600169853,0.00033434741254117177,-0.001844266588673702,0.0005465227999226183,0.0002514744325228756,-9.639491951895632e-05
8,0.0021803077767844122,0.00020477282884923004,0.0012210116448656153,-0.001263321617819927,-0.0006901389358416719,0.0002575176534838916,4.053554234218379e-05,0.0004426629317372798,51.274168109297285,0.0009266990084358079,0.0005065548172975274,0.00019715440837983803,0.0002416621209185589,-0.0002934912392584043,-0.00043075730719279316,-0.0004408947528512386,0.0007454904728102417,-0.0008414732034558741,-0.00030909093107931666,-9.529175536390393e-05,0.0001370039408603678,-0.0016511201766813144,-0.00020399342998020086,0.00048017712532390277,-0.00014154989030154915,-0.00026440475247327855,-0.0003162743817246245,-5.94268632678474e-05,-3.683724639581877e-05,0.0009389593486630049,0.0009410434145897652,-0.0004707888023685434,-0.00039108433197422213,8.707470236036536e-05,3.31009960527945e-05,0.0010445731354453874,0.0009342449729596538,-0.001502476289352956,0.0015704715975283002,0.0005629219895457551,-0.00012148223019694607,-5.51172533483247e-05
9,-0.00068629267718742,-0.0009453729255702705,-8.108830647540767e-05,0.0006057262190752574,0.0005269326724470831,-6.566973502079186e-05,0.0001446085181650417,-0.0011493556877494146,0.0009266990084358079,31.009171526592155,-0.0008498598120053326,0.00018743818977325262,0.00012444510484269005,4.6737321795428334e-05,0.001473238432432242,0.00019322370614975124,-0.0009560861932697572,-0.0003522579685770496,-0.00010120329319510692,0.00011125298709513959,-2.7567248843861047e-05,0.0006653178923528361,0.0005643192065360089,0.0012784006645306578,0.0004808044806054027,-0.000472059929926357,-0.0001563634174292612,4.908937521270927e-05,-0.0004232119594942606,0.00158124650845671,0.000519538620109215,0.0004103244196550823,3.149733727484825e-05,-0.00013909641089027985,-2.5552622044863337e-05,0.0005754560500622488,-0.0002622909902521241,0.0008807915830504506,-0.0004903091534500528,-9.671309626174965e-05,-0.0002163182117879227,2.605029904746321e-05
10,-0.0018576612276685741,0.00046953392861944773,0.0005728265812305045,-4.0687838231437974e-05,-3.408510447530189e-05,9.107761822395873e-05,8.322269090097304e-05,7.173812288050446e-06,0.0005065548172975274,-0.0008498598120053326,10.071795363239616,-0.00012794677795285758,0.0001655571975715375,-4.823348480589894e-05,0.0011256184858085337,-0.00029031820837905253,-2.6858020816371812e-05,0.00010474170005850137,-0.0002695292737732554,-7.844069545417674e-05,2.4547429508857387e-06,-0.00045515522950094765,0.00011527230456095265,-0.0006949781712251186,-9.169335232212939e-05,-0.0002963718530099448,1.0005963843901034e-05,1.3869867307936174e-05,0.00032542736840304693,0.00026484788228588153,-0.0007761119283462583,-0.000588222545888884,5.5045288364076655e-05,5.3211107046107265e-05,3.987421121154794e-05,-0.002354611566833024,-0.0017778838111451993,1.1032215354008013e-05,-0.00025019627881266783,-0.000255951135989352,-0.0001458759763440268,1.014093552790712e-06
11,5.762830642906233e-05,-0.00012909536141108446,-0.00010513995160608274,0.000336962826243728,8.007471885013495e-05,5.7942368595819674e-05,-1.0098251442934425e-05,-0.0006922778213299871,0.00019715440837983803,0.00018743818977325262,-0.00012794677795285758,4.697119534669332,5.553412615868797e-05,-4.35661667077283e-05,-0.00022562828294586326,-0.000559417754536318,0.0004060648366286402,-0.00010442971244293834,0.00010736974351352093,-1.654089194006136e-05,7.065515736972303e-05,-0.0004237669046700155,-0.0003525426703220392,-0.0008657271586661503,4.91101152858102e-05,5.244365586851808e-06,5.7263508675851004e-05,6.337229783081574e-06,-0.0011158077219273331,-0.0005281688985322446,0.00021126637218691848,-9.119674230712384e-05,9.994727878473341e-05,0.000136240155455095,1.862259408085589e-05,0.00023608547461481547,-8.416064533231124e-05,8.536483601910417e-05,0.00020154256789031475,-0.0002226584167500417,-7.016534247510761e-07,-5.8354995214495735e-06
12,0.0002157602020648822,0.00029572275079196115,0.00011923697658939787,0.00014963857083206326,-9.239262780993012e-05,2.950675978226156e-06,-4.604088675025428e-06,0.0005464901694274035,0.0002416621209185589,0.00012444510484269005,0.0001655571975715375,5.553412615868797e-05,2.0261465014982845,-7.50664591069117e-05,0.00011302539993848357,-0.00025287980817334044,0.0001750623526508641,-0.00012244282806046203,-7.85704796901811e-05,9.007914834186572e-06,-2.3143295789294976e-05,0.00012871102076383718,0.0002142392314207473,-0.00016309357070438737,9.17199875777536e-05,-0.00012148038300349345,0.00011520202989625198,3.3059350107306004e-05,7.603626279032557e-05,-2.738603843211741e-05,-3.4369200024063674e-05,0.00035275900676308013,-7.00086011852457e-05,-1.0720509410201502e-05,-2.0850469064414313e-05,0.0003379098152916361,-0.00013816807388506455,0.00026842848733480974,-0.00021493138140313224,-0.0002744910480414544,4.244380644561503e-05,1.5201915120746714e-05
13,0.0006428001559834293,-0.00015058219721356025,2.9923225086207896e-05,-0.00013506043871828468,-0.00012173049527636976,-3.263218107704608e-06,-3.0301566130033986e-05,-0.00018516706406676274,-0.0002934912392584043,4.6737321795428334e-05,-4.823348480589894e-05,-4.35661667077283e-05,-7.50664591069117e-05,0.8617114612626442,-2.3055750271092194e-05,0.00014733174737765263,-0.00019820259788822856,9.949500897560826e-05,-4.769594837515353e-06,2.440215505250249e-05,-4.964265513309745e-07,1.7749248322088395e-05,0.0003451018684944508,0.00026779366750907986,0.00014756729015422864,-3.350183628528476e-05,-3.41123028673071e-05,1.3471429996213615e-05,-5.186689812768144e-05,0.00014411963789993972,2.012151178593843e-05,-0.0001248249693314614,-0.00011066877275879247,-4.6685737048873815e-05,3.458811613240363e-06,-0.00012085724446524728,-0.0003219508413841595,0.00021649742531650997,5.8101441953343996e-05,-0.00014478406874002064,-1.3687974756200645e-05,2.6040888931233636e-06
14,-0.003754253766339785,0.0006797298870995219,-0.004986622836157663,0.00121002576966395,0.0003872408257779639,3.8458875752330995e-05,-0.000226150947039117,-0.0013508993987643905,-0.00043075730719279316,0.001473238432432242,0.0011256184858085337,-0.00022562828294586326,0.00011302539993848357,-2.3055750271092194e-05,106.54934527512161,0.0019913653120073337,0.0015494886274392227,0.0006507228736739469,-0.0011906347383018037,-2.3172837207249732e-05,-1.0365333295569927e-05,-0.002680569649368443,0.004949477431680148,-0.0007913012261064105,0.00047931185988849093,-0.00037689123889676144,7.1645832085649e-06,-0.00024470139675589593,-0.0019989241631406334,0.00038916242669632224,-0.00034819196993297625,-0.0015676978870339821,0.0006610839833293466,-8.272435481652566e-05,-0.00015794480084156201,-0.0010376029921487187,-0.001082220303273819,7.80095408573167e-05,-0.0013120215829977937,-0.001750225335036601,-0.00013242314222923292,-0.00017934794824630301
15,0.0039951669360668044,0.0010830991991572603,-0.0022127091555342675,0.00045389670827737676,-0.0007803983573713406,0.0005581412946482372,-4.946719295521262e-05,0.002595123692908677,-0.0004408947528512386,0.00019322370614975124,-0.00029031820837905253,-0.000559417754536318,-0.00025287980817334044,0.00014733174737765263,0.0019913653120073337,65.72319752856143,-0.0009486575148967585,-0.0007154935123110631,-0.00033990615035235465,-0.000571636995074598,-2.4006685323544764e-05,0.001241081277597029,0.0008212438941953681,-0.00341062938584388,-0.0001043100824866888,-0.00010456364514169257,0.00028521645767199115,0.00010547705291364029,-0.0022474809264725953,0.0007083492649258002,0.0002834785542273029,0.00026505959191568747,0.001035649669588448,1.8837951591550156e-05,8.306773888455837e-05,0.0018263363596981784,-0.0007585936057988771,-0.00034681405410477966,0.00012136817318354022,-0.0006743268724514138,5.647698068968001e-05,9.950911681240627e-06
16,0.0002847980002827462,0.0006296385547577102,0.0012876467916656466,2.781597629858379e-06,0.00017668550915097452,-9.856862623635666e-06,0.00013389650282862048,0.00016068025735088945,0.0007454904728102417,-0.0009560861932697572,-2.6858020816371812e-05,0.0004060648366286402,0.0001750623526508641,-0.00019820259788822856,0.0015494886274392227,-0.0009486575148967585,21.182302294303085,-0.0007489034642954226,-0.0001506074802358128,1.8521008681747755e-05,2.66785646903756e-05,-0.0005321425411415471,-0.00018431468303073092,0.0010159774841776701,-0.0005217629291956794,-0.0005161264349515883,-0.0002685760829636365,0.00015437543984309605,-0.00012071550417687027,-0.0003474257686407919,-0.000978882016978513,-0.00044106985208750953,0.0003930759535572531,0.0001052795810903149,-4.5595032443403846e-05,0.0013484292244523135,-0.00013308442731927762,-0.001832140395936392,1.503289486270125e-05,-3.0167628016721154e-05,-9.750951931976527e-05,8.362370331242224e-05
17,0.001379008737511114,0.0004322220055696956,2.0133110636230214e-05,8.272626109540241e-05,0.00036204432124310704,-0.00013581422121297198,5.726373491786325e-05,-0.0010881953864017597,-0.0008414732034558741,-0.0003522579685770496,0.00010474170005850137,-0.00010442971244293834,-0.00012244282806046203,9.949500897560826e-05,0.0006507228736739469,-0.0007154935123110631,-0.0007489034642954226,7.996317328719942,1.8485265069088735e-05,-3.315945448792344e-05,4.969577606177374e-05,0.0001790925838554452,0.0008555792773179083,-0.0007278916027386779,-0.0005803330557053177,2.5928080765672558e-05,-4.0517421197424166e-05,-2.7993075618250978e-05,0.0006967414222617624,-0.00047357160175305835,0.0003279392956580168,0.0006412051942176631,-0.0002491425181145468,-0.00011772677278143561,-2.228988520963771e-05,-0.0013158077822455077,0.0012027233978092185,-0.0004059473188009273,-0.0004191558135939175,-0.0001844228405156992,2.9791805205958194e-05,3.790590059065961e-05
18,-0.0008648062972685635,-0.00043985429898850664,0.00011470510654679857,0.00010618214961013653,-1.4822398255159399e-05,-4.742237564237925e-06,7.319493172165849e-05,-0.0012590909378936994,-0.00030909093107931666,-0.00010120329319510692,-0.0002695292737732554,0.00010736974351352093,-7.85704796901811e-05,-4.769594837515353e-06,-0.0011906347383018037,-0.00033990615035235465,-0.0001506074802358128,1.8485265069088735e-05,4.185423460972581,-1.3854258917188323e-05,-8.218144467626527e-05,-0.0009725819051095942,-0.000839861356342509,-0.0006292533403901285,-6.620403575498025e-05,-0.0001380872759726628,1.777112399100262e-05,5.469883799929966e-05,0.00017426708444171054,-9.015855642300007e-05,-0.00025747669634616197,4.840683854755877e-05,0.00022961110141967727,-4.6175213774089655e-05,-1.741163463927611e-05,-0.0007076002321963678,-9.096694373126381e-05,8.062859954219821e-05,-0.00016049636224868625,-0.00017299743399839458,1.6991010822953686e-05,3.0696296761218164e-05
19,0.0007338107793640973,0.00020926806161775588,0.00015106325877171483,6.778856374924251e-05,-0.00011809467537511206,1.617664302118511e-05,1.868520015980889e-06,-0.000209204171242861,-9.529175536390393e-05,0.00011125298709513959,-7.844069545417674e-05,-1.654089194006136e-05,9.007914834186572e-06,2.440215505250249e-05,-2.3172837207249732e-05,-0.000571636995074598,1.8521008681747755e-05,-3.315945448792344e-05,-1.3854258917188323e-05,1.3082444931486281,-8.853900531049493e-06,-0.00020408350202629367,8.553153553082955e-05,0.0001607684625513236,-2.9429259953117333e-05,-6.482468317904361e-05,2.326621198971599e-05,2.8607937618030596e-05,0.00028308121437523704,-0.00014773918921569626,-7.160529357779818e-05,4.447053040144631e-05,6.761065871212949e-05,9.5811006691028e-06,1.0100596196716995e-05,-0.00017951914274980354,0.0004857286595194336,-0.00017849343668060734,-5.1466900375870416e-05,4.913832079875235e-05,-1.603958820100033e-05,-1.526405161572715e-05
20,-0.00030050997146059406,0.0001335238263507996,-0.000224874958733488,-9.706369662758359e-06,-1.0237772209268453e-05,-1.8424379363174875e-05,1.5328758840690368e-05,-0.0001119050126118621,0.0001370039408603678,-2.7567248843861047e-05,2.4547429508857387e-06,7.065515736972303e-05,-2.3143295789294976e-05,-4.964265513309745e-07,-1.0365333295569927e-05,-2.4006685323544764e-05,2.66785646903756e-05,4.969577606177374e-05,-8.218144467626527e-05,-8.853900531049493e-06,0.38120941129073654,-6.192987563051467e-06,2.0448429003372738e-06,6.986075843807459e-05,-0.00014227843152929035,5.9866460170607266e-05,-1.5848102864437316e-05,3.3856255542041146e-06,3.224198000436544e-05,-3.287735409932166e-05,4.032512158963954e-06,-8.793859221758968e-05,-5.1866434531177575e-05,-6.336261457995635e-06,-4.670549685432912e-06,-0.00014642208298923926,4.089410374059651e-05,-3.861219658080452e-06,2.525658648922806e-05,2.3744227159549446e-05,8.286423934793938e-07,-5.5689548576637625e-06
21,-0.0038331572269250996,0.00034838058351251876,0.0008504807399130939,-0.00014471724180481816,-0.0004061496975616415,0.00018531651393716088,-4.192732216189585e-05,0.0037447301975761923,-0.0016511201766813144,0.0006653178923528361,-0.00045515522950094765,-0.0004237669046700155,0.00012871102076383718,1.7749248322088395e-05,-0.002680569649368443,0.001241081277597029,-0.0005321425411415471,0.0001790925838554452,-0.0009725819051095942,-0.00020408350202629367,-6.192987563051467e-06,90.0797539110717,-0.0029952086210474666,0.0014749452241838064,0.0036965538284238456,-0.001124520642185581,0.0001654178140633849,0.0001663193540771116,0.002410519080723767,-0.0001922395206706706,0.001195327426154662,0.00402375416293886,5.544505407983355e-05,0.0006860175776753808,-1.480409574028902e-05,-0.0034635726718764393,-0.00026923335439970215,0.0015710435516788372,-0.001075417417085947,-0.0011393202439585592,-0.00012195046694981506,1.47931405657608e-05
22,0.004238057651842984,-0.0015488430751979662,0.0017898799985633781,0.0016551676666361021,-0.0009574458287898729,-0.000170158580944342,-0.00011601945001491857,0.0023322456258100424,-0.00020399342998020086,0.0005643192065360089,0.00011527230456095265,-0.0003525426703220392,0.0002142392314207473,0.0003451018684944508,0.004949477431680148,0.0008212438941953681,-0.00018431468303073092,0.0008555792773179083,-0.000839861356342509,8.553153553082955e-05,2.0448429003372738e-06,-0.0029952086210474666,69.38383454024432,0.0013511419041770565,0.00112399476559747,-0.00026232529728882734,-0.00025283750935733545,0.00031910551680458413,0.0015613611230597471,0.0007195998268342496,-0.0015167332242153203,-0.0006788512257916119,-0.0006948216463979335,0.0006937051521761686,-9.833291524650317e-05,-0.007399368205096556,-0.0007147469724462206,0.000741258019523182,0.0009977384110689263,0.0003106541159799871,0.00028320351978271404,-7.43446340827801e-05
23,-0.0018549282724449685,-0.0015794067563731388,0.0021467182918353,-0.000990737534593875,0.00030674244411744577,-0.00012413608067913777,7.136602211976402e-05,-0.0010493936761924835,0.00048017712532390277,0.0012784006645306578,-0.0006949781712251186,-0.0008657271586661503,-0.00016309357070438737,0.00026779366750907986,-0.0007913012261064105,-0.00341062938584388,0.0010159774841776701,-0.0007278916027386779,-0.0006292533403901285,0.0001607684625513236,6.986075843807459e-05,0.0014749452241838064,0.0013511419041770565,59.95500416843308,0.0005824104294252238,-0.0005542063291543423,-0.0003213047819993432,-8.668213080103996e-05,-1.3069677168989975e-05,-0.0006041942852093644,0.00014980102398154323,-0.000902940671880023,0.0009803418057650502,0.0001486740516329327,-3.327631630220785e-05,0.00014735374207223065,-0.0019397034070410665,0.000336124717523799,0.0005653321836603267,-0.0009636953333810946,-1.9884141843954037e-05,0.00011942859019471356
24,0.0007412196444870699,0.0008218037171963299,-0.0006839325224417173,9.893074845283014e-06,5.509278309810368e-05,1.7433457429895795e-05,0.00011865832420750229,-0.000762616769371329,-0.00014154989030154915,0.0004808044806054027,-9.169335232212939e-05,4.91101152858102e-05,9.17199875777536e-05,0.00014756729015422864,0.00047931185988849093,-0.0001043100824866888,-0.0005217629291956794,-0.0005803330557053177,-6.620403575498025e-05,-2.9429259953117333e-05,-0.00014227843152929035,0.0036965538284238456,0.00112399476559747,0.0005824104294252238,14.678615272309566,-0.0008768854069817006,0.00012519533345277593,4.0311727562667855e-05,0.0018003196136351061,-0.0009951120120259992,0.00034083810105615145,0.00082258665969814,-0.000602660352192732,8.31186081800566e-05,5.305362893218035e-05,-0.00046884361156093426,0.0013699852872717912,-9.172773427273608e-05,-0.00016735953179328154,0.0006952253991864063,-0.00014956949151852025,-2.3754887647088675e-05
25,0.00020582602191938207,0.0005607882112461112,0.00018335275780258017,-0.00013756815012268208,-0.000307936149966907,5.752140430498518e-05,-5.068205149225261e-05,0.0008188592116159608,-0.00026440475247327855,-0.000472059929926357,-0.0002963718530099448,5.244365586851808e-06,-0.00012148038300349345,-3.350183628528476e-05,-0.00037689123889676144,-0.00010456364514169257,-0.0005161264349515883,2.5928080765672558e-05,-0.0001380872759726628,-6.482468317904361e-05,5.9866460170607266e-05,-0.001124520642185581,-0.00026232529728882734,-0.0005542063291543423,-0.0008768854069817006,10.264281356498326,-1.946736815874585e-05,7.368899256475409e-05,0.0014328560953543379,7.562660690687507e-05,0.0005486254927107963,0.000839228192865632,5.1887776051589676e-05,-1.2264228980923519e-06,-1.0234288469318057e-06,-0.00149362202843923,-0.0007479297875097459,-1.9835317267439682e-05,5.1604925493359605e-05,0.00029443012967973574,-0.00012503292696954045,1.797184145525007e-05
26,0.0006026609717030659,-2.8908395212973477e-05,-0.00016374682838905273,-5.879208609658807e-05,-0.00011887070285970077,3.0677480309672195e-06,2.3240983920161987e-05,-0.0002787730998077808,-0.0003162743817246245,-0.0001563634174292612,1.0005963843901034e-05,5.7263508675851004e-05,0.00011520202989625198,-3.41123028673071e-05,7.1645832085649e-06,0.00028521645767199115,-0.0002685760829636365,-4.0517421197424166e-05,1.777112399100262e-05,2.326621198971599e-05,-1.5848102864437316e-05,0.0001654178140633849,-0.00025283750935733545,-0.0003213047819993432,0.00012519533345277593,-1.946736815874585e-05,1.2696918556049215,1.1330885181235268e-05,-9.73597255367652e-05,0.00011011956610990293,3.807849655273989e-05,-0.00014286473149054336,-1.2503830223879882e-05,4.370111532836835e-05,9.292366352177966e-06,0.000429421519798342,-4.348413268816476e-05,0.00010908462332248524,0.00012264599979729796,7.87039835389479e-05,1.3357048517658997e-05,3.585602480512939e-05
27,-7.605928772655594e-05,0.0001854907347674865,-4.108495242911916e-05,-0.00023386014844530622,-1.87558232072664e-05,-4.120034233510483e-06,8.737668249098145e-06,0.00029896179345591657,-5.94268632678474e-05,4.908937521270927e-05,1.3869867307936174e-05,6.337229783081574e-06,3.3059350107306004e-05,1.3471429996213615e-05,-0.00024470139675589593,0.00010547705291364029,0.00015437543984309605,-2.7993075618250978e-05,5.469883799929966e-05,2.8607937618030596e-05,3.3856255542041146e-06,0.0001663193540771116,0.00031910551680458413,-8.668213080103996e-05,4.0311727562667855e-05,7.368899256475409e-05,1.1330885181235268e-05,0.2938887845285214,-0.00020465596711258079,3.2562900681846025e-05,0.00011210433892238612,0.00015635769996182045,6.776272805607732e-05,1.3714440457147198e-05,-1.3200460055750653e-07,0.0001714118058016243,7.472847559792057e-07,-6.621108553550816e-06,0.00010585956998684839,-8.378497266733136e-05,-2.8814672590013136e-05,-1.6178163724111077e-06
28,-0.0028397032458200556,0.0012027964731870396,0.00017284869605457218,0.000386784830239066,0.00020623751984448027,-7.271752541692443e-05,0.00045197832191918555,0.0020270664783189145,-3.683724639581877e-05,-0.0004232119594942606,0.00032542736840304693,-0.0011158077219273331,7.603626279032557e-05,-5.186689812768144e-05,-0.0019989241631406334,-0.0022474809264725953,-0.00012071550417687027,0.0006967414222617624,0.00017426708444171054,0.00028308121437523704,3.224198000436544e-05,0.002410519080723767,0.0015613611230597471,-1.3069677168989975e-05,0.0018003196136351061,0.0014328560953543379,-9.73597255367652e-05,-0.00020465596711258079,72.127365567124,-0.0021304020938682357,-0.0009835520911679835,-0.000548170517748657,-0.00032923689652910926,-0.00029522674207215627,8.909807177992077e-05,-0.003904135966492206,-5.299671053608532e-06,0.0016929679864960136,-0.0015837709319869097,-2.2913179819290418e-05,-2.2577282141952485e-05,5.2292025850942155e-05
29,-0.0035363348167006736,-0.0009393254126830241,0.0017025107585975734,0.0003258309130792209,0.00038176884521941794,2.2188165898485414e-05,-4.5983413874798646e-05,0.00222509290415862,0.0009389593486630049,0.00158124650845671,0.00026484788228588153,-0.0005281688985322446,-2.738603843211741e-05,0.00014411963789993972,0.00038916242669632224,0.0007083492649258002,-0.0003474257686407919,-0.00047357160175305835,-9.015855642300007e-05,-0.00014773918921569626,-3.287735409932166e-05,-0.0001922395206706706,0.0007195998268342496,-0.0006041942852093644,-0.0009951120120259992,7.562660690687507e-05,0.00011011956610990293,3.2562900681846025e-05,-0.0021304020938682357,42.42866751577492,0.0006314490229909327,0.0006820267251537661,0.00022379483087786234,0.00017837289646726508,5.258707475084805e-05,-0.002517431443860659,0.0005942562559786499,-0.0009341933786893423,-0.00031386948833267143,9.591522703438673e-05,-0.0001541589652544492,-3.9556951375037824e-05
30,0.0011982931575730638,-0.0006712262926626163,0.0014490782668987118,-0.00018148993903665278,2.269035708607955e-05,0.0001172887352500941,-2.7553269496541994e-05,-0.00023690059581954348,0.0009410434145897652,0.000519538620109215,-0.0007761119283462583,0.00021126637218691848,-3.4369200024063674e-05,2.012151178593843e-05,-0.00034819196993297625,0.0002834785542273029,-0.000978882016978513,0.0003279392956580168,-0.00025747669634616197,-7.160529357779818e-05,4.032512158963954e-06,0.001195327426154662,-0.0015167332242153203,0.00014980102398154323,0.00034083810105615145,0.0005486254927107963,3.807849655273989e-05,0.00011210433892238612,-0.0009835520911679835,0.0006314490229909327,16.31894580979058,0.0009881375214867204,6.78115097698477e-06,5.254469742423899e-05,0.00010906455510326901,-0.00020868557561597848,-0.0012702482011753202,-0.0005472734752041367,-9.836995614775841e-05,0.00017527034245969756,-0.00010248260169929615,3.316777220391949e-05
31,-0.0030609557734345718,0.0023140717163651213,-0.0016420713172862248,0.0006840826096111575,0.0002776052462628646,-0.0001677307072192934,0.0002582938221389422,-0.002612489814046662,-0.0004707888023685434,0.0004103244196550823,-0.000588222545888884,-9.119674230712384e-05,0.00035275900676308013,-0.0001248249693314614,-0.0015676978870339821,0.00026505959191568747,-0.00044106985208750953,0.0006412051942176631,4.840683854755877e-05,4.447053040144631e-05,-8.793859221758968e-05,0.00402375416293886,-0.0006788512257916119,-0.000902940671880023,0.00082258665969814,0.000839228192865632,-0.00014286473149054336,0.00015635769996182045,-0.000548170517748657,0.0006820267251537661,0.0009881375214867204,32.688723846819656,0.0003333643883923052,0.0003285525179199186,2.7106332315775136e-05,-0.002340400778985205,0.0013369839045130445,-0.0006144874229941583,-0.0006979178379147052,6.674953957073988e-06,7.182999821832903e-07,2.013414197568462e-05
32,-0.0011198051401620926,2.5561118653244857e-05,-4.316402552731366e-05,-0.0004615534770499962,1.1424690042857643e-05,2.8627118147429132e-05,5.537814740976622e-05,-0.00017882517286048767,-0.00039108433197422213,3.149733727484825e-05,5.5045288364076655e-05,9.994727878473341e-05,-7.00086011852457e-05,-0.00011066877275879247,0.0006610839833293466,0.001035649669588448,0.0003930759535572531,-0.0002491425181145468,0.00022961110141967727,6.761065871212949e-05,-5.1866434531177575e-05,5.544505407983355e-05,-0.0006948216463979335,0.0009803418057650502,-0.000602660352192732,5.1887776051589676e-05,-1.2503830223879882e-05,6.776272805607732e-05,-0.00032923689652910926,0.00022379483087786234,6.78115097698477e-06,0.0003333643883923052,4.786666759046101,0.00017581642993858736,2.5348686527203944e-05,0.0011067702426577526,-0.000332876584364271,-7.01157592261141e-05,0.0002945088601642983,0.00042275992509896725,-3.627626461191515e-05,-1.2445222140962615e-07
33,0.0005751370543324648,-0.00012242818504929718,-5.495701686885678e-05,-0.00015019619668363534,9.536737195573762e-05,-3.826660302759558e-05,-8.894637483509502e-06,8.260737003642552e-05,8.707470236036536e-05,-0.00013909641089027985,5.3211107046107265e-05,0.000136240155455095,-1.0720509410201502e-05,-4.6685737048873815e-05,-8.272435481652566e-05,1.8837951591550156e-05,0.0001052795810903149,-0.00011772677278143561,-4.6175213774089655e-05,9.5811006691028e-06,-6.336261457995635e-06,0.0006860175776753808,0.0006937051521761686,0.0001486740516329327,8.31186081800566e-05,-1.2264228980923519e-06,4.370111532836835e-05,1.3714440457147198e-05,-0.00029522674207215627,0.00017837289646726508,5.254469742423899e-05,0.0003285525179199186,0.00017581642993858736,0.936621355607362,2.2391538788220764e-05,0.00045875408087315503,1.8334055412059877e-05,-2.9358516653242733e-05,0.00017373735245377453,6.601012905060819e-05,-6.790248364351187e-06,-4.588546763119403e-06
34,3.932126869427011e-05,1.049903838660506e-05,5.9336017776619575e-05,1.0901697807609824e-05,-8.29439607380018e-07,1.2433809718147178e-05,-6.623017833206187e-06,-0.00012000399110642775,3.31009960527945e-05,-2.5552622044863337e-05,3.987421121154794e-05,1.862259408085589e-05,-2.0850469064414313e-05,3.458811613240363e-06,-0.00015794480084156201,8.306773888455837e-05,-4.5595032443403846e-05,-2.228988520963771e-05,-1.741163463927611e-05,1.0100596196716995e-05,-4.670549685432912e-06,-1.480409574028902e-05,-9.833291524650317e-05,-3.327631630220785e-05,5.305362893218035e-05,-1.0234288469318057e-06,9.292366352177966e-06,-1.3200460055750653e-07,8.909807177992077e-05,5.258707475084805e-05,0.00010906455510326901,2.7106332315775136e-05,2.5348686527203944e-05,2.2391538788220764e-05,0.08164319176849497,6.704117760993695e-05,-9.720428487985014e-05,-6.207459156988066e-05,-8.671801342076677e-06,-3.049707360233413e-05,-1.8895943983771366e-06,4.615543592580223e-06
35,0.002294088888708564,0.0030226452691610064,-0.00047477786071144066,0.0018518353617330303,-0.0008896968449175071,-0.00022478331498485332,-6.179098338105516e-05,-0.0023768698202826294,0.0010445731354453874,0.0005754560500622488,-0.002354611566833024,0.00023608547461481547,0.0003379098152916361,-0.00012085724446524728,-0.0010376029921487187,0.0018263363596981784,0.0013484292244523135,-0.0013158077822455077,-0.0007076002321963678,-0.00017951914274980354,-0.00014642208298923926,-0.0034635726718764393,-0.007399368205096556,0.00014735374207223065,-0.00046884361156093426,-0.00149362202843923,0.000429421519798342,0.0001714118058016243,-0.003904135966492206,-0.002517431443860659,-0.00020868557561597848,-0.002340400778985205,0.0011067702426577526,0.00045875408087315503,6.704117760993695e-05,142.18554502256066,-0.0012410989609130479,0.00020959668671073587,-0.0026691056422126725,0.0011090476705399557,-0.00024365970559671711,-0.00015928834426631603
36,0.002275942892380037,-0.0012060433482780808,0.0019678553725647604,0.0006232776589633977,0.00020063275321617927,9.542437996764853e-05,2.989356823104899e-05,-0.004346118600169853,0.0009342449729596538,-0.0002622909902521241,-0.0017778838111451993,-8.416064533231124e-05,-0.00013816807388506455,-0.0003219508413841595,-0.001082220303273819,-0.0007585936057988771,-0.00013308442731927762,0.0012027233978092185,-9.096694373126381e-05,0.0004857286595194336,4.089410374059651e-05,-0.00026923335439970215,-0.0007147469724462206,-0.0019397034070410665,0.0013699852872717912,-0.0007479297875097459,-4.348413268816476e-05,7.472847559792057e-07,-5.299671053608532e-06,0.0005942562559786499,-0.0012702482011753202,0.0013369839045130445,-0.000332876584364271,1.8334055412059877e-05,-9.720428487985014e-05,-0.0012410989609130479,48.54144309785506,-0.0008458452094148985,-9.75842194159934e-05,-0.0004169499225761784,-7.323536870782215e-06,3.582193232207407e-05
37,-0.0026462863183538713,-0.0003973772902950502,0.0003244808893518099,-1.1842020910032633e-05,-0.000570071141861259,-1.8228575373464963e-05,5.288695333794981e-05,0.00033434741254117177,-0.001502476289352956,0.0008807915830504506,1.1032215354008013e-05,8.536483601910417e-05,0.00026842848733480974,0.00021649742531650997,7.80095408573167e-05,-0.00034681405410477966,-0.001832140395936392,-0.0004059473188009273,8.062859954219821e-05,-0.00017849343668060734,-3.861219658080452e-06,0.0015710435516788372,0.000741258019523182,0.000336124717523799,-9.172773427273608e-05,-1.9835317267439682e-05,0.00010908462332248524,-6.621108553550816e-06,0.0016929679864960136,-0.0009341933786893423,-0.0005472734752041367,-0.0006144874229941583,-7.01157592261141e-05,-2.9358516653242733e-05,-6.207459156988066e-05,0.00020959668671073587,-0.0008458452094148985,18.183133591926694,2.811135229026927e-05,0.00034549305832567333,0.00012556227921916462,1.9190064597456972e-05
38,-0.00047375694222975655,-0.00045909524833863673,-0.002103360962625357,0.0008169343958744739,0.0006793320564544297,0.0002591789275247569,9.474275301895423e-05,-0.001844266588673702,0.0015704715975283002,-0.0004903091534500528,-0.00025019627881266783,0.00020154256789031475,-0.00021493138140313224,5.8101441953343996e-05,-0.0013120215829977937,0.00012136817318354022,1.503289486270125e-05,-0.0004191558135939175,-0.00016049636224868625,-5.1466900375870416e-05,2.525658648922806e-05,-0.001075417417085947,0.0009977384110689263,0.0005653321836603267,-0.00016735953179328154,5.1604925493359605e-05,0.00012264599979729796,0.00010585956998684839,-0.0015837709319869097,-0.00031386948833267143,-9.836995614775841e-05,-0.0006979178379147052,0.0002945088601642983,0.00017373735245377453,-8.671801342076677e-06,-0.0026691056422126725,-9.75842194159934e-05,2.811135229026927e-05,24.820487118891798,0.000220010060057761,5.620046946195797e-05,2.8161008232411165e-05
39,0.0011512691239806852,2.5272279886628527e-05,-0.0006893456717789211,0.0001307764449299698,0.0002077508533017214,6.844279348320509e-05,1.0334764799981495e-05,0.0005465227999226183,0.0005629219895457551,-9.671309626174965e-05,-0.000255951135989352,-0.0002226584167500417,-0.0002744910480414544,-0.00014478406874002064,-0.001750225335036601,-0.0006743268724514138,-3.0167628016721154e-05,-0.0001844228405156992,-0.00017299743399839458,4.913832079875235e-05,2.3744227159549446e-05,-0.0011393202439585592,0.0003106541159799871,-0.0009636953333810946,0.0006952253991864063,0.00029443012967973574,7.87039835389479e-05,-8.378497266733136e-05,-2.2913179819290418e-05,9.591522703438673e-05,0.00017527034245969756,6.674953957073988e-06,0.00042275992509896725,6.601012905060819e-05,-3.049707360233413e-05,0.0011090476705399557,-0.0004169499225761784,0.00034549305832567333,0.000220010060057761,8.019305677997986,-2.3870018762743732e-05,6.096667917478194e-05
40,0.0002851724053747004,6.246973799978205e-05,0.0002087892637469274,-0.00012143010805586621,4.4333958497968696e-05,5.424303073542359e-05,-1.4066641548020851e-05,0.0002514744325228756,-0.00012148223019694607,-0.0002163182117879227,-0.0001458759763440268,-7.016534247510761e-07,4.244380644561503e-05,-1.3687974756200645e-05,-0.00013242314222923292,5.647698068968001e-05,-9.750951931976527e-05,2.9791805205958194e-05,1.6991010822953686e-05,-1.603958820100033e-05,8.286423934793938e-07,-0.00012195046694981506,0.00028320351978271404,-1.9884141843954037e-05,-0.00014956949151852025,-0.00012503292696954045,1.3357048517658997e-05,-2.8814672590013136e-05,-2.2577282141952485e-05,-0.0001541589652544492,-0.00010248260169929615,7.182999821832903e-07,-3.627626461191515e-05,-6.790248364351187e-06,-1.8895943983771366e-06,-0.00024365970559671711,-7.323536870782215e-06,0.00012556227921916462,5.620046946195797e-05,-2.3870018762743732e-05,1.052876048224321,2.2039762109525112e-07
