index,0,1,2,3,4,5,6,7,8,9,10,11,12,13,14,15,16,17,18,19,20,21,22,23,24,25,26,27,28,29,30,31,32,33,34,35,36,37,38,39,40,41
0,56498.91349446665,1.6862519830726026,-0.24824623571587523,0.551859259069456,0.15867664395086653,-0.22004824887260194,-0.14728925579021598,-2.876006074239535,0.957728411829056,-0.5637064956904788,-0.931539566581454,-0.3854273199003526,0.15292884906153406,0.02971573150688761,-0.5284202760281156,0.608288653983467,0.26971891346884425,0.4476396358176209,-0.23519622147437683,0.018215575457727052,-0.095232802567608,-2.1821133073132786,1.0266241925201975,0.18677593519179644,0.36682401799259,0.12710303676557308,0.503852253471857,-0.10509008800238714,-0.739010118250437,-2.7006620066401643,0.2843975922777987,-0.4743768471732882,-0.24387251461081869,0.47735557002956025,-0.04187828422600197,0.9752067795721133,-0.12680857652388,-0.5021619042770277,0.21033699633432262,0.06472798000588939,0.05001248545945866,0.04748178119738367
1,1.6862519830726026,22148.324749373893,0.8157204903264175,-0.5409254750765757,-0.11595407755003492,-0.13103562405029817,-0.008116596294848219,1.847483745920686,-0.2884051974008506,-0.469225102110562,0.10354603847190326,-0.12214683839034084,0.03146888376004181,-0.1004503355863763,-0.7696646713348415,0.27237305776219944,0.1467451471820826,0.28827267241186144,-0.021023166848003073,0.19101020497607446,0.1331688871426837,0.4506148864532553,-1.221359070343178,-0.7623891215659692,0.23236477212809573,0.41573670452456857,-0.04960641098370015,0.1728312041614428,0.382038675219162,-0.2673274545480328,-0.1701070402056127,0.07638110461634888,0.002917426962042083,-0.009036504473246658,0.02120893301640249,1.2138753709663521,-0.3184610567931316,-0.1663361048027956,-0.360868493867952,0.06982161404438239,0.05841986081357044,0.08698231449305267
2,-0.24824623571587523,0.8157204903264175,7966.12462172609,-0.1174206785381518,-0.002011099052243999,0.10146147076288295,0.048281301029972766,0.12403274227378816,0.5891246438980251,-0.22691802348771786,0.08571286864869024,-0.14215133019550302,0.10697311446491858,0.06070404811713928,-0.5203649328563372,-0.6503024306222148,0.49054243860885954,-0.15577926741366566,-0.14130421957104006,0.08019070373939555,0.02827795294061761,-0.5399343055220177,0.11620145925584693,0.2717992783421778,-0.3330942407866857,0.07024162518500186,-0.0351593726394123,0.0498021838343973,0.6190602025838962,0.1550664648858785,0.13856195432313576,-0.036842169643061404,0.056471162347026545,-0.04853304982253899,0.04038995153370124,-0.7761625585778096,0.6523255077171037,-0.009830119670981395,-0.34223191998636066,-0.004052068644698678,0.11310450682142824,-0.017377892195777293
3,0.551859259069456,-0.5409254750765757,-0.1174206785381518,3231.148955427881,-0.06632098587740436,0.03005954683714112,-0.020554573358131333,-0.7658679137188635,-0.2755005476293357,0.01321507422650478,-0.1550423180610209,0.16657974925185082,-0.0005562208079150541,-0.023358769445849793,0.4000067423727054,0.030060851597471686,0.07722655302720428,0.049076936768243394,-0.007915738994092574,0.025072983452810362,0.023430317774991098,-0.7654956295785724,0.18751192939777098,-0.08960885468410837,0.010436817865855801,0.04971598263506512,-0.05002787721898209,-0.08875945594455686,0.41212452851990145,0.04477335523844183,-0.20904130668133622,-0.06856478260042752,-0.04743263027648177,-0.06349125499284092,0.024860089867074445,0.42804498133805996,0.03863597908159883,0.14223878533991632,0.07322330622842269,0.034180749746421824,-0.045073714440898374,-0.006949579896899918
4,0.15867664395086653,-0.11595407755003492,-0.002011099052243999,-0.06632098587740436,1328.8725359146938,-0.01447275856919787,0.0050997347877394785,0.0054084805740769,0.01959617806602795,0.2748154251510745,-0.030246695086527487,0.01796989096997077,-0.012543272310214215,-0.029261253468068727,0.1381595300993544,-0.1812254864069583,0.00647091641316646,0.16503989792478965,0.02457974451787623,-0.04036856712770465,-0.005782667403386603,-0.20449474347751967,-0.4652684252083286,0.021872018809926484,-0.03144271793965595,-0.005635461611893413,-0.011629052526803744,-0.01850604376291904,-0.05713746493523584,0.17026008674851972,0.009621556037746394,0.07895579699095222,-0.0009324512106841557,0.010525141998101572,0.007575078145574451,-0.001343980883564097,0.14541251856311824,-0.09187165103705429,0.08999548401590426,0.013250849753620696,0.04153158168233467,-0.02470400160499894
5,-0.22004824887260194,-0.13103562405029817,0.10146147076288295,0.03005954683714112,-0.01447275856919787,550.4113911065385,0.0002014326134558664,-0.3371730871624355,0.1011660750577669,-0.03837087705092828,0.023674424933941996,0.028231808239724886,-0.0019577866357876174,0.002152725574831568,0.22641552056407385,0.23902576540094392,-0.05805502056603369,-0.05811655686843586,0.018113489816931616,-0.019716876158822044,-0.011961833966313923,0.167046117090043,0.011977094913278566,0.06646823204644314,-0.012329318851024843,-0.0037522374143299517,-0.004358404540683042,0.008512573862936117,-0.023461457899968865,0.04425489513589928,0.030334928024831592,0.038962323876868314,-0.023543257038155845,-0.015691669158488422,0.010966788573360616,-0.17961064041757188,0.023611458307527394,0.007852510683590198,0.0553137741581909,-0.003945146688235073,-0.00029478812088133054,-0.0019028066380018776
6,-0.14728925579021598,-0.008116596294848219,0.048281301029972766,-0.020554573358131333,0.0050997347877394785,0.0002014326134558664,346.7592399504267,0.09169905490066563,-0.0027138426601820073,0.11044076026905719,0.01985451652049421,-0.025110466738323903,-0.00406261421079343,-0.013774793822971117,-0.08308023394790391,0.022306319563722005,0.02263024268295954,0.03182670605550989,0.008889913452205852,0.013452671934119373,0.006971990484353126,-0.20663881194775774,0.007234040412272938,0.06831336986927876,0.04160857510277634,-0.009151359671713795,-0.003841692029896617,0.003592226873296786,0.27008541516713347,-0.042162699469846285,-0.00285568695369407,0.03893979462606502,0.0255839118650813,-0.005158126169909636,-0.00838074406689377,-0.07297429166095726,-0.009438414809212372,0.02750555658370923,-0.03292732427735931,0.035337887347314835,-0.01639786032024705,0.00252317140468282
7,-2.876006074239535,1.847483745920686,0.12403274227378816,-0.7658679137188635,0.0054084805740769,-0.3371730871624355,0.09169905490066563,78933.3200569325,-0.17759631151539634,0.7145438294989483,0.05326102609926208,-0.09595605102942245,0.4383514063024949,-0.19826916638506295,-1.3297158047663027,0.4047856761580693,-0.5275125904929899,-0.7313633305368327,-0.2190376490986354,-0.18526443398034892,-0.09175406104498893,4.551038515585283,1.602927433394001,-0.010930108078142143,-0.29817440682455987,0.06041672156306093,-0.16802502922032286,0.41643844326442364,2.364839385641489,0.2905041104400571,-1.0966567658877937,-0.06558268727113817,-0.016303668692383592,0.18767594021616035,-0.17633898832072978,0.6013112516164992,-1.855511250349894,-0.6048989954794708,-0.6818204197245026,0.38921049046949974,0.27179470004125983,-0.1919813224621215
8,0.957728411829056,-0.2884051974008506,0.5891246438980251,-0.2755005476293357,0.01959617806602795,0.1011660750577669,-0.0027138426601820073,-0.17759631151539634,30041.924287241483,0.4106564809811937,0.17170270797859863,-0.002113325196566801,0.23762227822055026,-0.24928356387419895,-1.7047271392673888,-0.06479568749383163,0.6641672059462517,-0.3071251458160101,-0.21469229044021937,-0.06033016082416349,0.08761600011469453,-0.384742271001555,-0.6740461928832461,0.1330445833579678,0.093437257033242,-0.052952700238734204,-0.10845175929685098,-0.0953821368002805,-0.13242363872233331,0.22812927474325526,0.5151070845929975,-0.4802585615705642,-0.13828750265647824,0.05450454626688674,0.0118754624597385,0.7352248943053546,1.088943209241277,-0.867769275630329,0.23864558406818284,0.17585633846623575,-0.039745769562715215,-0.04994943838450564
9,-0.5637064956904788,-0.469225102110562,-0.22691802348771786,0.01321507422650478,0.2748154251510745,-0.03837087705092828,0.11044076026905719,0.7145438294989483,0.4106564809811937,11469.776698680187,-0.4391076205292497,0.05774188279226609,0.10715477096730705,0.09835220171859234,0.23566993410488685,0.024581030118864332,-0.3893751319351688,-0.09294501693785868,-0.053263093384595596,0.05039886831204174,0.03232878215534373,0.07349442691477939,-0.02696423595929312,0.5653243779923184,-0.009803620179092025,-0.10505452413494144,0.004683531783283108,-0.016123820772937496,0.47282784307196607,0.18403493110340108,0.5723593863281907,0.11416952258714902,0.060415194281857765,0.04055947988183086,-0.0655022082397097,0.2528055304405786,-0.37884868868802246,0.2757805937197612,0.013534387451604906,0.016186063530574765,-0.13012332747975208,0.01640905032743813
10,-0.931539566581454,0.10354603847190326,0.08571286864869024,-0.1550423180610209,-0.030246695086527487,0.023674424933941996,0.01985451652049421,0.05326102609926208,0.17170270797859863,-0.4391076205292497,4462.718423969623,-0.051777471670889766,0.03321215620194659,-0.023269944283269714,0.575957866348261,-0.0494437813689399,0.04894791936571837,0.02783889913280926,-0.15457927361837548,-0.02144080778344219,-0.009595142824105167,-0.29676631157798733,0.4252752557799191,0.04972030254523138,0.07247907941783609,-0.05324370379704176,-0.014824013876244763,-0.012381027779114814,0.008258112353799266,0.07837633645156378,-0.11141377571160362,-0.013167182321145894,-0.06364892862913547,0.02351158082655435,0.05948614214438061,-0.8055536402723898,-0.9743116388792553,-0.0033526590610247955,-0.0844235755028597,-0.04180592567774428,-0.049983480865640084,0.02889707924144738
11,-0.3854273199003526,-0.12214683839034084,-0.14215133019550302,0.16657974925185082,0.01796989096997077,0.028231808239724886,-0.025110466738323903,-0.09595605102942245,-0.002113325196566801,0.05774188279226609,-0.051777471670889766,1818.0872798088621,0.02286501958064307,-0.022685294719528543,0.24370274837443992,-0.14717999052661696,0.15198968565612767,-0.05897159220035237,0.02186528700452122,-0.029037254280741834,0.03997826713008508,-0.02023409261319509,-0.13438909206096433,-0.2553743160534779,0.09704339242768877,-0.013742219547131208,0.02527004502853744,0.018060187940222894,-0.7331838818041225,0.05189092449445234,0.0887474580415393,-0.0204444064198533,0.040412386701986464,0.055538441884202656,0.014585146071375343,0.08570202282906877,-0.05650491778170468,0.0463785101220555,0.02637230562519552,-0.057821130884277844,0.016222212459395754,-0.003396037881668916
12,0.15292884906153406,0.03146888376004181,0.10697311446491858,-0.0005562208079150541,-0.012543272310214215,-0.0019577866357876174,-0.00406261421079343,0.4383514063024949,0.23762227822055026,0.10715477096730705,0.03321215620194659,0.02286501958064307,762.2798173484199,0.004010328213841432,-0.10396192479774159,-0.14740851766206345,-0.008589300984027872,-0.035013391509512486,0.03271583620186884,0.005346092994816745,-0.0068039742458615845,0.23266226218731204,0.1311313612914634,-0.012056199540583663,0.010287351370414964,-0.0233139386318159,0.050786653231469,0.00832453306034565,-0.14542120617618587,-0.05365678975571977,-0.035323523797117555,0.07791622884365343,-0.0035163082729452702,-0.01366311919438508,-0.03539083341521559,0.12336915778798664,-0.02415611178846186,0.10938536525206388,-0.07489390492457014,-0.0806657390831203,-0.016994628404299137,0.013870802919474283
13,0.02971573150688761,-0.1004503355863763,0.06070404811713928,-0.023358769445849793,-0.029261253468068727,0.002152725574831568,-0.013774793822971117,-0.19826916638506295,-0.24928356387419895,0.09835220171859234,-0.023269944283269714,-0.022685294719528543,0.004010328213841432,385.9147106130096,0.015387849886470415,0.0557454129158057,-0.06183795956465376,0.05230258119369986,0.0011234857741572934,0.011587688905731329,0.004498307267295577,-0.08437430697094683,-0.002074646085313994,0.052013725594132275,0.05386020016568982,-0.013313577579999458,-0.0010439317536781241,0.015380240951852711,-0.10578541726714195,0.018370317272845854,-0.0036055848319765317,-0.019055206896189333,-0.038742821652546056,-0.004432042832460992,-0.002430059780883047,-0.17428811860786836,-0.016211229228116207,0.024099052152446843,0.03954355844608825,-0.024275853829412778,-0.008117098672834347,-0.006218950938442236
14,-0.5284202760281156,-0.7696646713348415,-0.5203649328563372,0.4000067423727054,0.1381595300993544,0.22641552056407385,-0.08308023394790391,-1.3297158047663027,-1.7047271392673888,0.23566993410488685,0.575957866348261,0.24370274837443992,-0.10396192479774159,0.015387849886470415,54603.19997402894,0.9137405615899697,0.31303835991933315,0.32622121486895406,-0.2880575066826764,0.05568535241047218,-0.20367330692058125,-1.1719308464135587,2.532054929913695,0.19228433467490857,0.19881162801479135,-0.04087986551926109,0.031626736599602745,-0.09446857227564448,-2.710825174164985,0.979736539945904,-0.11730299162525334,-0.5653235730516136,0.030888253683353104,-0.0706989929246064,-0.14278631968194697,1.8890157315313307,0.10901608249907047,-0.7419663535176628,-0.30979864709768,-0.2826588135830124,-0.2056966243385893,-0.08213692252303832
15,0.608288653983467,0.27237305776219944,-0.6503024306222148,0.030060851597471686,-0.1812254864069583,0.23902576540094392,0.022306319563722005,0.4047856761580693,-0.06479568749383163,0.024581030118864332,-0.0494437813689399,-0.14717999052661696,-0.14740851766206345,0.0557454129158057,0.9137405615899697,20058.16177020737,-0.3085067169955881,-0.11114473221903914,0.0013850975441008816,-0.4224983069321559,0.10952085242996563,0.25163037831149776,-0.32184987027815126,-0.4539452701630149,0.09312766068110967,0.027504566753238032,0.1386399444132093,0.04419971560145418,-1.10324667712537,0.423957767563264,0.4465275672980805,-0.15273401834587655,0.22077029797820502,0.055128356055386685,0.07276489637291188,0.1667597298891431,0.11499811732381106,0.015173045152791442,0.08436819126437456,0.109663129140134,-0.1012873360198241,-0.017600756155533408
16,0.26971891346884425,0.1467451471820826,0.49054243860885954,0.07722655302720428,0.00647091641316646,-0.05805502056603369,0.02263024268295954,-0.5275125904929899,0.6641672059462517,-0.3893751319351688,0.04894791936571837,0.15198968565612767,-0.008589300984027872,-0.06183795956465376,0.31303835991933315,-0.3085067169955881,7543.719703244748,-0.2991824204125433,-0.045825426837967344,0.002888425640739232,-0.0027647064113734622,0.3334755556646608,-0.17912659594327443,0.38974891898219927,-0.2680275960456339,-0.03073410081237898,-0.17231888211901192,0.07717368609726794,-0.1732185427905137,0.1704951766929865,-0.43143918117346164,0.031028623500720224,0.1363277199687156,0.07278083831508225,-0.003913536748209534,-0.2992671418696113,-0.24269050534212408,-0.7261680547668369,-0.10715468882952206,0.031516133143563926,0.023943722981046967,0.08838813394063615
17,0.4476396358176209,0.28827267241186144,-0.15577926741366566,0.049076936768243394,0.16503989792478965,-0.05811655686843586,0.03182670605550989,-0.7313633305368327,-0.3071251458160101,-0.09294501693785868,0.02783889913280926,-0.05897159220035237,-0.035013391509512486,0.05230258119369986,0.32622121486895406,-0.11114473221903914,-0.2991824204125433,3029.5201480255378,0.0019616895716234703,-0.03441047484310169,0.053469825101212155,0.42008302830674815,0.2043405658034884,-0.12995014326436138,-0.12172646250540144,0.022732963345046903,0.002998553343856066,-0.012347950734067392,0.2672422616507026,-0.26465955903592153,0.13255440925932668,0.0503955752695034,-0.029966380946818718,-0.02187391736994595,-0.012057735107316062,-0.09767846800164931,0.4854514952401154,-0.10301375358558983,-0.12080850994111458,-0.010568156667990339,-0.02123249914982129,0.0173902139441625
18,-0.23519622147437683,-0.021023166848003073,-0.14130421957104006,-0.007915738994092574,0.02457974451787623,0.018113489816931616,0.008889913452205852,-0.2190376490986354,-0.21469229044021937,-0.053263093384595596,-0.15457927361837548,0.02186528700452122,0.03271583620186884,0.0011234857741572934,-0.2880575066826764,0.0013850975441008816,-0.045825426837967344,0.0019616895716234703,1278.8666687112207,-0.029788027030587173,-0.03717796808258173,-0.15297218252100087,-0.27324087999347957,-0.08291963271674073,0.03267450339659329,0.011856498527493585,0.002482661902586736,0.005729944134678737,0.2592103262245532,0.06819135702401037,-0.09963684362556685,-0.029891069074477278,0.016558480350863304,-0.02386067059336385,-0.033494853867765,-0.2107737489758499,-0.033060105914851194,0.10650233823757782,0.018832928736488785,-0.027131176162750546,0.020700765786278504,0.013250229862161489
19,0.018215575457727052,0.19101020497607446,0.08019070373939555,0.025072983452810362,-0.04036856712770465,-0.019716876158822044,0.013452671934119373,-0.18526443398034892,-0.06033016082416349,0.05039886831204174,-0.02144080778344219,-0.029037254280741834,0.005346092994816745,0.011587688905731329,0.05568535241047218,-0.4224983069321559,0.002888425640739232,-0.03441047484310169,-0.029788027030587173,570.0628705551028,-0.005253555119946486,-0.30421825508104,-0.0173788343750471,0.089961537604767,-0.025156943279861517,-0.010158455152492474,-0.011910580729336035,0.020111715232116224,0.126569203485645,-0.11092118686314491,-0.029938348673766636,-0.015869410418800297,0.022675454264007338,-0.008537920999947289,7.298494645747984e-05,0.08057977425790146,0.21821949045708636,-0.1037115053124535,-0.02825363912781021,0.013483751532786846,-0.019345950550005542,-0.020557862726830113
20,-0.095232802567608,0.1331688871426837,0.02827795294061761,0.023430317774991098,-0.005782667403386603,-0.011961833966313923,0.006971990484353126,-0.09175406104498893,0.08761600011469453,0.03232878215534373,-0.009595142824105167,0.03997826713008508,-0.0068039742458615845,0.004498307267295577,-0.20367330692058125,0.10952085242996563,-0.0027647064113734622,0.053469825101212155,-0.03717796808258173,-0.005253555119946486,286.6909591974329,-0.1206681322934781,0.1410263622522579,0.035454286802826564,-0.056534118080594296,0.02403484424498919,-0.010821601852694929,0.003921372884268276,-0.025293697934383855,0.051976076639036,0.04164740049194827,-0.0358373448538488,-0.03768944615748594,-0.005863494058340213,0.0061369892241573635,-0.061320347688843674,0.05874171186808345,-0.0024314259365875546,-0.009621523930351785,0.01875480788555714,-0.004050907248909577,0.0011534784689749876
21,-2.1821133073132786,0.4506148864532553,-0.5399343055220177,-0.7654956295785724,-0.20449474347751967,0.167046117090043,-0.20663881194775774,4.551038515585283,-0.384742271001555,0.07349442691477939,-0.29676631157798733,-0.02023409261319509,0.23266226218731204,-0.08437430697094683,-1.1719308464135587,0.25163037831149776,0.3334755556646608,0.42008302830674815,-0.15297218252100087,-0.30421825508104,-0.1206681322934781,64549.22284441161,-1.6926915745445146,0.03427582955196641,1.2449512175662125,-0.10017056986329413,-0.05727538553472124,0.34138873348766036,2.0360561456972164,0.25527412033295765,0.5825897242192393,1.0058381045987512,0.24176307719004628,0.35500740427671235,0.05986480821973899,-0.16440230813990903,0.36845936472800705,1.012442544384266,0.11191596376676226,-0.5188751665894143,-0.14512900816332933,0.18661901846352005
22,1.0266241925201975,-1.221359070343178,0.11620145925584693,0.18751192939777098,-0.4652684252083286,0.011977094913278566,0.007234040412272938,1.602927433394001,-0.6740461928832461,-0.02696423595929312,0.4252752557799191,-0.13438909206096433,0.1311313612914634,-0.002074646085313994,2.532054929913695,-0.32184987027815126,-0.17912659594327443,0.2043405658034884,-0.27324087999347957,-0.0173788343750471,0.1410263622522579,-1.6926915745445146,24439.148919358693,0.1377486341055045,0.2690267118730806,-0.26934956048992853,-0.05714133764516592,0.115019272667977,1.3724936531190501,-0.10528405798841928,-0.32071976525834023,-0.29179306930970367,-0.33358227005362234,0.3144512946590783,-0.09076822884034681,-1.6889818127437297,0.2836279490514962,0.4413785971758884,0.05400608960384032,0.047222583999230586,0.0999271382990156,-0.09249310467511966
23,0.18677593519179644,-0.7623891215659692,0.2717992783421778,-0.08960885468410837,0.021872018809926484,0.06646823204644314,0.06831336986927876,-0.010930108078142143,0.1330445833579678,0.5653243779923184,0.04972030254523138,-0.2553743160534779,-0.012056199540583663,0.052013725594132275,0.19228433467490857,-0.4539452701630149,0.38974891898219927,-0.12995014326436138,-0.08291963271674073,0.089961537604767,0.035454286802826564,0.03427582955196641,0.1377486341055045,8954.151076649901,0.056862699537326415,0.0758513206913449,-0.10260825551459875,-0.07392468186565562,0.16659531403448688,0.07048680834540555,0.08477546940590566,-0.12918261162252187,0.31627989240214593,-0.051634190415880875,-0.0246467333535018,-1.091463820641034,-1.0641534180741399,0.12722063852443513,-0.04705323103596671,-0.049430085042660145,-0.05734414771412913,0.06978464745358974
24,0.36682401799259,0.23236477212809573,-0.3330942407866857,0.010436817865855801,-0.03144271793965595,-0.012329318851024843,0.04160857510277634,-0.29817440682455987,0.093437257033242,-0.009803620179092025,0.07247907941783609,0.09704339242768877,0.010287351370414964,0.05386020016568982,0.19881162801479135,0.09312766068110967,-0.2680275960456339,-0.12172646250540144,0.03267450339659329,-0.025156943279861517,-0.056534118080594296,1.2449512175662125,0.2690267118730806,0.056862699537326415,3573.082846591416,-0.0718359429581064,0.04659990758535703,0.004135952715188144,0.36041779907288435,-0.36550091623292036,0.27943079047910085,0.018926515607603722,-0.16733567888628476,-0.01898771726928025,0.01788755640370745,-0.11099809732647174,0.14249638772523449,-0.09629604255672432,-0.093578198616699,0.1822600466820296,-0.058940202050452875,-0.003351793325231061
25,0.12710303676557308,0.41573670452456857,0.07024162518500186,0.04971598263506512,-0.005635461611893413,-0.0037522374143299517,-0.009151359671713795,0.06041672156306093,-0.052952700238734204,-0.10505452413494144,-0.05324370379704176,-0.013742219547131208,-0.0233139386318159,-0.013313577579999458,-0.04087986551926109,0.027504566753238032,-0.03073410081237898,0.022732963345046903,0.011856498527493585,-0.010158455152492474,0.02403484424498919,-0.10017056986329413,-0.26934956048992853,0.0758513206913449,-0.0718359429581064,1460.2411706560426,-0.001984954015743446,-0.0020914803671547096,0.268300847644993,-0.07606545856563214,0.041213206231666265,0.04915926844989929,0.03048771841596452,0.010434980370179514,0.01327769305253212,0.03377716498168882,-0.1926638947226789,-0.07348433989813237,0.04731752121329765,0.059167347497361196,-0.012641617122252882,0.009206907380115795
26,0.503852253471857,-0.04960641098370015,-0.0351593726394123,-0.05002787721898209,-0.011629052526803744,-0.004358404540683042,-0.003841692029896617,-0.16802502922032286,-0.10845175929685098,0.004683531783283108,-0.014824013876244763,0.02527004502853744,0.050786653231469,-0.0010439317536781241,0.031626736599602745,0.1386399444132093,-0.17231888211901192,0.002998553343856066,0.002482661902586736,-0.011910580729336035,-0.010821601852694929,-0.05727538553472124,-0.05714133764516592,-0.10260825551459875,0.04659990758535703,-0.001984954015743446,644.0270311429556,0.017971542222520308,0.14726306514833346,0.08994696101501864,0.019816271040553547,-0.026881490397703732,0.01606071766318329,0.040203498403337846,0.014949268558324607,0.2264679292289529,-0.08787600232347224,0.05700222104417265,0.0303809932094528,0.015209320803168657,-0.020733983038027155,0.038884915616263664
27,-0.10509008800238714,0.1728312041614428,0.0498021838343973,-0.08875945594455686,-0.01850604376291904,0.008512573862936117,0.003592226873296786,0.41643844326442364,-0.0953821368002805,-0.016123820772937496,-0.012381027779114814,0.018060187940222894,0.00832453306034565,0.015380240951852711,-0.09446857227564448,0.04419971560145418,0.07717368609726794,-0.012347950734067392,0.005729944134678737,0.020111715232116224,0.003921372884268276,0.34138873348766036,0.115019272667977,-0.07392468186565562,0.004135952715188144,-0.0020914803671547096,0.017971542222520308,297.6071108436148,-0.10200691453424382,-0.010736325437856863,0.07129446773835484,0.02954148075016195,0.015189718104731187,0.007722469286688495,0.003986553407930406,0.03927793327188021,-0.06625389922133261,-0.01582054230160967,0.03217256033823184,-0.033977185255947416,-0.020152170448100182,-0.010059077891774562
28,-0.739010118250437,0.382038675219162,0.6190602025838962,0.41212452851990145,-0.05713746493523584,-0.023461457899968865,0.27008541516713347,2.364839385641489,-0.13242363872233331,0.47282784307196607,0.008258112353799266,-0.7331838818041225,-0.14542120617618587,-0.10578541726714195,-2.710825174164985,-1.10324667712537,-0.1732185427905137,0.2672422616507026,0.2592103262245532,0.126569203485645,-0.025293697934383855,2.0360561456972164,1.3724936531190501,0.16659531403448688,0.36041779907288435,0.268300847644993,0.14726306514833346,-0.10200691453424382,52663.412994467384,-1.572534361982911,0.011309288212312453,0.20293012185471515,-0.2604141737856509,-0.25861523089781496,0.17277001316385518,-0.5085796051043211,1.0287836071958405,1.1212949329297266,0.04051597031565836,0.19920595500416613,0.12534949966288858,0.15019816249699505
29,-2.7006620066401643,-0.2673274545480328,0.1550664648858785,0.04477335523844183,0.17026008674851972,0.04425489513589928,-0.042162699469846285,0.2905041104400571,0.22812927474325526,0.18403493110340108,0.07837633645156378,0.05189092449445234,-0.05365678975571977,0.018370317272845854,0.979736539945904,0.423957767563264,0.1704951766929865,-0.26465955903592153,0.06819135702401037,-0.11092118686314491,0.051976076639036,0.25527412033295765,-0.10528405798841928,0.07048680834540555,-0.36550091623292036,-0.07606545856563214,0.08994696101501864,-0.010736325437856863,-1.572534361982911,19179.52894265481,0.42151752365070655,0.05127388966773281,0.02800335089133102,0.15661506068371847,0.04903611753238771,-0.924315046643137,0.3369153489018811,-0.5782329884211599,0.19332033359813477,0.1054612426917115,0.09387962050775324,-0.019368814591065067
30,0.2843975922777987,-0.1701070402056127,0.13856195432313576,-0.20904130668133622,0.009621556037746394,0.030334928024831592,-0.00285568695369407,-1.0966567658877937,0.5151070845929975,0.5723593863281907,-0.11141377571160362,0.0887474580415393,-0.035323523797117555,-0.0036055848319765317,-0.11730299162525334,0.4465275672980805,-0.43143918117346164,0.13255440925932668,-0.09963684362556685,-0.029938348673766636,0.04164740049194827,0.5825897242192393,-0.32071976525834023,0.08477546940590566,0.27943079047910085,0.041213206231666265,0.019816271040553547,0.07129446773835484,0.011309288212312453,0.42151752365070655,7390.816875757438,0.1605549226366708,0.046291533832756304,0.09147210212934334,0.10443503773443466,-0.7276100900443682,-0.7038605653040008,-0.20460679159822848,-0.023560365455673932,0.08530470930536316,-0.13666761160400145,0.08510168181887857
31,-0.4743768471732882,0.07638110461634888,-0.036842169643061404,-0.06856478260042752,0.07895579699095222,0.038962323876868314,0.03893979462606502,-0.06558268727113817,-0.4802585615705642,0.11416952258714902,-0.013167182321145894,-0.0204444064198533,0.07791622884365343,-0.019055206896189333,-0.5653235730516136,-0.15273401834587655,0.031028623500720224,0.0503955752695034,-0.029891069074477278,-0.015869410418800297,-0.0358373448538488,1.0058381045987512,-0.29179306930970367,-0.12918261162252187,0.018926515607603722,0.04915926844989929,-0.026881490397703732,0.02954148075016195,0.20293012185471515,0.05127388966773281,0.1605549226366708,2937.444122828513,0.011884697327896699,0.08121158716082677,-0.0052709734019478075,-0.26917995802486466,0.05080124095494838,-0.1297418261921893,-0.1264948951113458,0.08754369808587718,-0.0018513859595882167,0.05234025010358786
32,-0.24387251461081869,0.002917426962042083,0.056471162347026545,-0.04743263027648177,-0.0009324512106841557,-0.023543257038155845,0.0255839118650813,-0.016303668692383592,-0.13828750265647824,0.060415194281857765,-0.06364892862913547,0.040412386701986464,-0.0035163082729452702,-0.038742821652546056,0.030888253683353104,0.22077029797820502,0.1363277199687156,-0.029966380946818718,0.016558480350863304,0.022675454264007338,-0.03768944615748594,0.24176307719004628,-0.33358227005362234,0.31627989240214593,-0.16733567888628476,0.03048771841596452,0.01606071766318329,0.015189718104731187,-0.2604141737856509,0.02800335089133102,0.046291533832756304,0.011884697327896699,1211.622572329223,0.0632158055979296,0.003496015658144056,0.22906124933240335,0.01516020470313232,-0.062440489743654196,-0.011587638100092293,0.060281649549135716,0.01009828072550129,-0.0036725398865242237
33,0.47735557002956025,-0.009036504473246658,-0.04853304982253899,-0.06349125499284092,0.010525141998101572,-0.015691669158488422,-0.005158126169909636,0.18767594021616035,0.05450454626688674,0.04055947988183086,0.02351158082655435,0.055538441884202656,-0.01366311919438508,-0.004432042832460992,-0.0706989929246064,0.055128356055386685,0.07278083831508225,-0.02187391736994595,-0.02386067059336385,-0.008537920999947289,-0.005863494058340213,0.35500740427671235,0.3144512946590783,-0.051634190415880875,-0.01898771726928025,0.010434980370179514,0.040203498403337846,0.007722469286688495,-0.25861523089781496,0.15661506068371847,0.09147210212934334,0.08121158716082677,0.0632158055979296,568.2843273589851,0.028303771434873434,0.12260190803104755,0.1831957912308015,-0.024285120201637155,0.07490198700847416,0.0195706713300075,-0.017673895824307815,-0.0013359831669124066
34,-0.04187828422600197,0.02120893301640249,0.04038995153370124,0.024860089867074445,0.007575078145574451,0.010966788573360616,-0.00838074406689377,-0.17633898832072978,0.0118754624597385,-0.0655022082397097,0.05948614214438061,0.014585146071375343,-0.03539083341521559,-0.002430059780883047,-0.14278631968194697,0.07276489637291188,-0.003913536748209534,-0.012057735107316062,-0.033494853867765,7.298494645747984e-05,0.0061369892241573635,0.05986480821973899,-0.09076822884034681,-0.0246467333535018,0.01788755640370745,0.01327769305253212,0.014949268558324607,0.003986553407930406,0.17277001316385518,0.04903611753238771,0.10443503773443466,-0.0052709734019478075,0.003496015658144056,0.028303771434873434,283.1375030663688,0.054536110155768945,-0.0906931714383939,-0.053109089176773754,-0.030680199160884904,-0.02004777219177337,-0.006047655019681432,0.004529705173924154
35,0.9752067795721133,1.2138753709663521,-0.7761625585778096,0.42804498133805996,-0.001343980883564097,-0.17961064041757188,-0.07297429166095726,0.6013112516164992,0.7352248943053546,0.2528055304405786,-0.8055536402723898,0.08570202282906877,0.12336915778798664,-0.17428811860786836,1.8890157315313307,0.1667597298891431,-0.2992671418696113,-0.09767846800164931,-0.2107737489758499,0.08057977425790146,-0.061320347688843674,-0.16440230813990903,-1.6889818127437297,-1.091463820641034,-0.11099809732647174,0.03377716498168882,0.2264679292289529,0.03927793327188021,-0.5085796051043211,-0.924315046643137,-0.7276100900443682,-0.26917995802486466,0.22906124933240335,0.12260190803104755,0.054536110155768945,58290.22547150475,-0.123574974483015,0.1610945511918744,-0.8040433070832711,0.3917343300762741,-0.08557177672205174,-0.18808569346452444
36,-0.12680857652388,-0.3184610567931316,0.6523255077171037,0.03863597908159883,0.14541251856311824,0.023611458307527394,-0.009438414809212372,-1.855511250349894,1.088943209241277,-0.37884868868802246,-0.9743116388792553,-0.05650491778170468,-0.02415611178846186,-0.016211229228116207,0.10901608249907047,0.11499811732381106,-0.24269050534212408,0.4854514952401154,-0.033060105914851194,0.21821949045708636,0.05874171186808345,0.36845936472800705,0.2836279490514962,-1.0641534180741399,0.14249638772523449,-0.1926638947226789,-0.08787600232347224,-0.06625389922133261,1.0287836071958405,0.3369153489018811,-0.7038605653040008,0.05080124095494838,0.01516020470313232,0.1831957912308015,-0.0906931714383939,-0.123574974483015,21418.77767343472,-0.605660671077242,0.07391170163818238,-0.10397390316617033,0.041524379723241,-0.018574333720680736
37,-0.5021619042770277,-0.1663361048027956,-0.009830119670981395,0.14223878533991632,-0.09187165103705429,0.007852510683590198,0.02750555658370923,-0.6048989954794708,-0.867769275630329,0.2757805937197612,-0.0033526590610247955,0.0463785101220555,0.10938536525206388,0.024099052152446843,-0.7419663535176628,0.015173045152791442,-0.7261680547668369,-0.10301375358558983,0.10650233823757782,-0.1037115053124535,-0.0024314259365875546,1.012442544384266,0.4413785971758884,0.12722063852443513,-0.09629604255672432,-0.07348433989813237,0.05700222104417265,-0.01582054230160967,1.1212949329297266,-0.5782329884211599,-0.20460679159822848,-0.1297418261921893,-0.062440489743654196,-0.024285120201637155,-0.053109089176773754,0.1610945511918744,-0.605660671077242,8499.821255568702,0.019868412490301066,0.09163056475040621,0.07501966567497678,-0.0018521450654543042
38,0.21033699633432262,-0.360868493867952,-0.34223191998636066,0.07322330622842269,0.08999548401590426,0.0553137741581909,-0.03292732427735931,-0.6818204197245026,0.23864558406818284,0.013534387451604906,-0.0844235755028597,0.02637230562519552,-0.07489390492457014,0.03954355844608825,-0.30979864709768,0.08436819126437456,-0.10715468882952206,-0.12080850994111458,0.018832928736488785,-0.02825363912781021,-0.009621523930351785,0.11191596376676226,0.05400608960384032,-0.04705323103596671,-0.093578198616699,0.04731752121329765,0.0303809932094528,0.03217256033823184,0.04051597031565836,0.19332033359813477,-0.023560365455673932,-0.1264948951113458,-0.011587638100092293,0.07490198700847416,-0.030680199160884904,-0.8040433070832711,0.07391170163818238,0.019868412490301066,3317.3989659257186,-0.019940652576701523,-0.06405524438008543,-0.002860236919634449
39,0.06472798000588939,0.06982161404438239,-0.004052068644698678,0.034180749746421824,0.013250849753620696,-0.003945146688235073,0.035337887347314835,0.38921049046949974,0.17585633846623575,0.016186063530574765,-0.04180592567774428,-0.057821130884277844,-0.0806657390831203,-0.024275853829412778,-0.2826588135830124,0.109663129140134,0.031516133143563926,-0.010568156667990339,-0.027131176162750546,0.013483751532786846,0.01875480788555714,-0.5188751665894143,0.047222583999230586,-0.049430085042660145,0.1822600466820296,0.059167347497361196,0.015209320803168657,-0.033977185255947416,0.19920595500416613,0.1054612426917115,0.08530470930536316,0.08754369808587718,0.060281649549135716,0.0195706713300075,-0.02004777219177337,0.3917343300762741,-0.10397390316617033,0.09163056475040621,-0.019940652576701523,1350.0078684612447,-0.04633092636840732,0.05143465212483014
40,0.05001248545945866,0.05841986081357044,0.11310450682142824,-0.045073714440898374,0.04153158168233467,-0.00029478812088133054,-0.01639786032024705,0.27179470004125983,-0.039745769562715215,-0.13012332747975208,-0.049983480865640084,0.016222212459395754,-0.016994628404299137,-0.008117098672834347,-0.2056966243385893,-0.1012873360198241,0.023943722981046967,-0.02123249914982129,0.020700765786278504,-0.019345950550005542,-0.004050907248909577,-0.14512900816332933,0.0999271382990156,-0.05734414771412913,-0.058940202050452875,-0.012641617122252882,-0.020733983038027155,-0.020152170448100182,0.12534949966288858,0.09387962050775324,-0.13666761160400145,-0.0018513859595882167,0.01009828072550129,-0.017673895824307815,-0.006047655019681432,-0.08557177672205174,0.041524379723241,0.07501966567497678,-0.06405524438008543,-0.04633092636840732,669.4798948524108,-0.0014666546270714995
41,0.04748178119738367,0.08698231449305267,-0.017377892195777293,-0.006949579896899918,-0.02470400160499894,-0.0019028066380018776,0.00252317140468282,-0.1919813224621215,-0.04994943838450564,0.01640905032743813,0.02889707924144738,-0.003396037881668916,0.013870802919474283,-0.006218950938442236,-0.08213692252303832,-0.017600756155533408,0.08838813394063615,0.0173902139441625,0.013250229862161489,-0.020557862726830113,0.0011534784689749876,0.18661901846352005,-0.09249310467511966,0.06978464745358974,-0.003351793325231061,0.009206907380115795,0.038884915616263664,-0.010059077891774562,0.15019816249699505,-0.019368814591065067,0.08510168181887857,0.05234025010358786,-0.0036725398865242237,-0.0013359831669124066,0.004529705173924154,-0.18808569346452444,-0.018574333720680736,-0.0018521450654543042,-0.002860236919634449,0.05143465212483014,-0.0014666546270714995,272.082426681343
