,2,3,4,5,6,7,8
2,19851.577965021115,-0.09851289666380643,0.21267135335178233,-0.002167776008534457,0.004821067597290148,-0.009727186660495515,0.0002803000849013073
3,-0.09851289666380643,5765.370271563069,-0.029290178068717067,0.030075557368304934,0.00019513361577941038,0.007057392625638015,-0.0008861116042090474
4,0.21267135335178233,-0.029290178068717067,1361.067947835184,0.017777869717439963,-0.0012820583254150922,0.00126193253043193,-5.573897737863234e-05
5,-0.002167776008534457,0.030075557368304934,0.017777869717439963,249.94524837076034,-0.0007785108091323226,-0.00016413608406555408,0.00012357783551771178
6,0.004821067597290148,0.00019513361577941038,-0.0012820583254150922,-0.0007785108091323226,35.82081102640324,0.00024524401665851635,0.00010221662613154816
7,-0.009727186660495515,0.007057392625638015,0.00126193253043193,-0.00016413608406555408,0.00024524401665851635,4.13307808316357,-6.004135679431033e-06
8,0.0002803000849013073,-0.0008861116042090474,-5.573897737863234e-05,0.00012357783551771178,0.00010221662613154816,-6.004135679431033e-06,0.29501723641842215
