,2,3,4,5,6,7,8
2,1905.9858134919166,-0.005735786919640646,0.028902640046641576,0.0003598138886840522,0.0007558330706212704,-0.003332595540077466,0.0002110461602246231
3,-0.005735786919640646,610.3987810613869,-0.005190985746588865,0.005213702425243586,3.8615079009919926e-05,0.0024676851162937605,-0.0005914953316407019
4,0.028902640046641576,-0.005190985746588865,172.2783750854774,0.0027932954533900893,-0.00026871914856241893,0.00047430129462224663,-4.658049600966938e-05
5,0.0003598138886840522,0.005213702425243586,0.0027932954533900893,40.23272553619225,-0.00012090501743737127,-4.644760322046629e-05,8.689474349757363e-05
6,0.0007558330706212704,3.8615079009919926e-05,-0.00026871914856241893,-0.00012090501743737127,8.033559288501621,7.897730526532425e-05,7.721215254751431e-05
7,-0.003332595540077466,0.0024676851162937605,0.00047430129462224663,-4.644760322046629e-05,7.897730526532425e-05,1.5048473220082466,-5.5732004490122274e-06
8,0.0002110461602246231,-0.0005914953316407019,-4.658049600966938e-05,8.689474349757363e-05,7.721215254751431e-05,-5.5732004490122274e-06,0.24826967800268462
