,4,5,6,7,8,9,10
4,1117.161400998222,0.011212095166620022,0.00796379149434758,0.002252785154864672,-0.00016010123074552496,-0.0006230773503867813,5.656018831532994e-05
5,0.011212095166620022,296.3307314240863,0.003203630174390222,0.0017550735023547043,-0.0003637117595547529,-0.0005135460946764553,-0.0001676884548812457
6,0.00796379149434758,0.003203630174390222,58.38884975992301,0.0008036216292294354,-0.00010332692873409358,7.150880555590976e-05,-2.921654103642397e-05
7,0.002252785154864672,0.0017550735023547043,0.0008036216292294354,10.898216323717039,7.780827878542228e-05,-2.3354047323833678e-05,-4.369285943201002e-05
8,-0.00016010123074552496,-0.0003637117595547529,-0.00010332692873409358,7.780827878542228e-05,2.093609282173126,-2.5971980705655322e-05,-9.797740398289925e-06
9,-0.0006230773503867813,-0.0005135460946764553,7.150880555590976e-05,-2.3354047323833678e-05,-2.5971980705655322e-05,0.37557886445110583,1.8599999196625267e-06
10,5.656018831532994e-05,-0.0001676884548812457,-2.921654103642397e-05,-4.369285943201002e-05,-9.797740398289925e-06,1.8599999196625267e-06,0.059142208534446544
