,2,3,4,5,6,7,8,9
2,9749.088260460227,-0.02814771083303875,0.0024898630753733813,-0.01699084465209084,-0.008656630451850304,-0.0012111031064652486,-0.0012837753202800354,0.00011026626162761481
3,-0.02814771083303875,2033.8163097318811,-0.0025081856550441283,0.008163523333631555,0.0013233270283993619,0.0013036920563258244,5.479268411707475e-06,-0.0001232191176771752
4,0.0024898630753733813,-0.0025081856550441283,365.95479609400553,-0.005757577737484457,-0.0010621416077393584,0.0010451232353119032,-0.00014007773533886603,4.506932878852069e-05
5,-0.01699084465209084,0.008163523333631555,-0.005757577737484457,60.925380790279796,0.00043229681879742204,2.0785469376191972e-05,3.8955485388895095e-05,-3.169120268871702e-05
6,-0.008656630451850304,0.0013233270283993619,-0.0010621416077393584,0.00043229681879742204,9.698296114804027,-2.930325786921524e-05,3.493535631489389e-05,2.0619772580524e-05
7,-0.0012111031064652486,0.0013036920563258244,0.0010451232353119032,2.0785469376191972e-05,-2.930325786921524e-05,1.5602765050689986,-9.204840245268486e-06,-3.36674027408491e-06
8,-0.0012837753202800354,5.479268411707475e-06,-0.00014007773533886603,3.8955485388895095e-05,3.493535631489389e-05,-9.204840245268486e-06,0.30979127914206533,1.732351286335258e-06
9,0.00011026626162761481,-0.0001232191176771752,4.506932878852069e-05,-3.169120268871702e-05,2.0619772580524e-05,-3.36674027408491e-06,1.732351286335258e-06,0.04744003833339828
