,2,3,4,5,6,7,8,9
2,1218.6360325574913,-0.004021101547576674,0.0004149771792288493,-0.003398168930418278,-0.0021641576129625435,-0.00040370103548842737,-0.0006418876601400225,0.00011026626162761481
3,-0.004021101547576674,290.5451871045664,-0.0004180309425074174,0.0016327046667260117,0.00033083175709989777,0.000434564018775274,2.739634205855869e-06,-0.0001232191176771752
4,0.0004149771792288493,-0.0004180309425074174,60.992466015667546,-0.0011515155474968511,-0.0002655354019348362,0.0003483744117706327,-7.00388676694318e-05,4.506932878852069e-05
5,-0.003398168930418278,0.0016327046667260117,-0.0011515155474968511,12.185076158055589,0.0001080742046993616,6.928489792065764e-06,1.9477742694448157e-05,-3.169120268871702e-05
6,-0.0021641576129625435,0.00033083175709989777,-0.0002655354019348362,0.0001080742046993616,2.4245740287010524,-9.767752623072198e-06,1.7467678157447364e-05,2.0619772580524e-05
7,-0.00040370103548842737,0.000434564018775274,0.0003483744117706327,6.928489792065764e-06,-9.767752623072198e-06,0.5200921683563227,-4.602420122634173e-06,-3.36674027408491e-06
8,-0.0006418876601400225,2.739634205855869e-06,-7.00388676694318e-05,1.9477742694448157e-05,1.7467678157447364e-05,-4.602420122634173e-06,0.15489563957103533,1.732351286335258e-06
9,0.00011026626162761481,-0.0001232191176771752,4.506932878852069e-05,-3.169120268871702e-05,2.0619772580524e-05,-3.36674027408491e-06,1.732351286335258e-06,0.04744003833339828
