,2,3,4,5,6,7,8,9
2,26860.45885409831,-0.09343908081595201,0.02510831152131703,-0.049150939114635556,-0.030161374934817804,-0.003224936282059193,-0.003424313529615315,0.00019849632279238347
3,-0.09343908081595201,6461.749480465433,-0.004905630340162231,0.030147996424868675,0.004273666711909628,0.003912147977139714,0.00017101011096780382,-0.00029144825102079305
4,0.02510831152131703,-0.004905630340162231,1255.473691915048,-0.020120083489239996,-0.004287666013546019,0.0038420694527842316,-0.0004574791468322429,0.00012152412383945529
5,-0.049150939114635556,0.030147996424868675,-0.020120083489239996,237.5754138835517,0.001722304000877441,5.804040908399936e-05,0.00015344310641130114,-9.611513256423965e-05
6,-0.030161374934817804,0.004273666711909628,-0.004287666013546019,0.001722304000877441,40.32574837927352,-9.688876018970236e-05,0.00012411990421812256,6.787770601786639e-05
7,-0.003224936282059193,0.003912147977139714,0.0038420694527842316,5.804040908399936e-05,-9.688876018970236e-05,6.095976866534287,-3.4292772550245614e-05,-9.87236330122844e-06
8,-0.003424313529615315,0.00017101011096780382,-0.0004574791468322429,0.00015344310641130114,0.00012411990421812256,-3.4292772550245614e-05,0.9042122465595641,4.039595830053239e-06
9,0.00019849632279238347,-0.00029144825102079305,0.00012152412383945529,-9.611513256423965e-05,6.787770601786639e-05,-9.87236330122844e-06,4.039595830053239e-06,0.1226633008697148
