,2,3,4,5,6,7,8,9
2,3357.55735676258,-0.01334844011656364,0.004184718586885143,-0.009830187822927038,-0.007540343733704615,-0.0010749787606864237,-0.0017121567648076571,0.00019849632279238347
3,-0.01334844011656364,923.1070686379255,-0.0008176050566939041,0.006029599284973798,0.001068416677977425,0.0013040493257132177,8.550505548389398e-05,-0.00029144825102079305
4,0.004184718586885143,-0.0008176050566939041,209.24561531917163,-0.004024016697847743,-0.0010719165033865202,0.0012806898175947085,-0.00022873957341611967,0.00012152412383945529
5,-0.009830187822927038,0.006029599284973798,-0.004024016697847743,47.51508277671045,0.00043057600021934056,1.9346803028001104e-05,7.672155320564203e-05,-9.611513256423965e-05
6,-0.007540343733704615,0.001068416677977425,-0.0010719165033865202,0.00043057600021934056,10.081437094818376,-3.2296253396565595e-05,6.205995210906388e-05,6.787770601786639e-05
7,-0.0010749787606864237,0.0013040493257132177,0.0012806898175947085,1.9346803028001104e-05,-3.2296253396565595e-05,2.0319922888447617,-1.7146386275122072e-05,-9.87236330122844e-06
8,-0.0017121567648076571,8.550505548389398e-05,-0.00022873957341611967,7.672155320564203e-05,6.205995210906388e-05,-1.7146386275122072e-05,0.4521061232797809,4.039595830053239e-06
9,0.00019849632279238347,-0.00029144825102079305,0.00012152412383945529,-9.611513256423965e-05,6.787770601786639e-05,-9.87236330122844e-06,4.039595830053239e-06,0.1226633008697148
