,2,3,4,5,6,7,8,9
2,46520.7533010355,0.8511868793175736,0.22114047006649643,0.1450918741950633,0.006811199357103282,0.00010188977430630028,-0.0002135656127423402,-0.00035682869312404265
3,0.8511868793175736,9282.427268368248,-0.08856333960842458,0.051070732638223024,-0.002237076402457694,0.003024280968456505,-0.0020306873475197064,0.0009003034509755341
4,0.22114047006649643,-0.08856333960842458,1755.8892080166756,0.011408727176562822,0.00240411233326586,-0.004313177254884629,0.001384258353002005,-0.000282450277409421
5,0.1450918741950633,0.051070732638223024,0.011408727176562822,275.6429791432123,0.00176168201137356,0.0005620618856293552,0.00016633784220176017,-7.145685895761635e-05
6,0.006811199357103282,-0.002237076402457694,0.00240411233326586,0.00176168201137356,40.0971099234089,0.0002759288629007958,0.00010460337619622618,3.1877601593868844e-05
7,0.00010188977430630028,0.003024280968456505,-0.004313177254884629,0.0005620618856293552,0.0002759288629007958,5.357196597318747,-6.28675376235444e-05,4.750224580986856e-06
8,-0.0002135656127423402,-0.0020306873475197064,0.001384258353002005,0.00016633784220176017,0.00010460337619622618,-6.28675376235444e-05,0.6880014194317676,4.423760958297152e-06
9,-0.00035682869312404265,0.0009003034509755341,-0.000282450277409421,-7.145685895761635e-05,3.1877601593868844e-05,4.750224580986856e-06,4.423760958297152e-06,0.07591076608208051
