,2,3,4,5,6,7,8,9
2,5815.0941626294525,0.12159812561681017,0.03685674501108176,0.029018374839012064,0.0017027998392755593,3.3963258102059636e-05,-0.00010678280637117239,-0.00035682869312404265
3,0.12159812561681017,1326.0610383382264,-0.014760556601404578,0.010214146527644576,-0.0005592691006144105,0.0010080936561521568,-0.00101534367375987,0.0009003034509755341
4,0.03685674501108176,-0.014760556601404578,292.6482013361117,0.0022817454353127663,0.0006010280833164664,-0.001437725751628248,0.0006921291765010247,-0.000282450277409421
5,0.029018374839012064,0.010214146527644576,0.0022817454353127663,55.1285958286444,0.0004404205028433733,0.00018735396187645264,8.316892110088089e-05,-7.145685895761635e-05
6,0.0017027998392755593,-0.0005592691006144105,0.0006010280833164664,0.0004404205028433733,10.024277480852511,9.197628763359685e-05,5.230168809811425e-05,3.1877601593868844e-05
7,3.3963258102059636e-05,0.0010080936561521568,-0.001437725751628248,0.00018735396187645264,9.197628763359685e-05,1.7857321991062207,-3.1433768811771355e-05,4.750224580986856e-06
8,-0.00010678280637117239,-0.00101534367375987,0.0006921291765010247,8.316892110088089e-05,5.230168809811425e-05,-3.1433768811771355e-05,0.3440007097158782,4.423760958297152e-06
9,-0.00035682869312404265,0.0009003034509755341,-0.000282450277409421,-7.145685895761635e-05,3.1877601593868844e-05,4.750224580986856e-06,4.423760958297152e-06,0.07591076608208051
