,3,4,5,6,7,8
3,8807416.644815315,-228.29816954996298,4.711416850193658,-8.770884339081029,-6.076964615590873,2.9249593494757913
4,-228.29816954996298,1420059.6064773786,-6.471859221838582,6.869183019565736,5.4622084193557585,1.8659434231325
5,4.711416850193658,-6.471859221838582,303239.55423331057,0.35534603551568367,0.08275462211169071,0.9981305008753483
6,-8.770884339081029,6.869183019565736,0.35534603551568367,52560.097906780116,0.03537764398369584,0.38287795007496395
7,-6.076964615590873,5.4622084193557585,0.08275462211169071,0.03537764398369584,6894.900493088238,-0.17228500545005496
8,2.9249593494757913,1.8659434231325,0.9981305008753483,0.38287795007496395,-0.17228500545005496,487.59566374538804
