,2,3,4,5,6,7,8,9
2,0.0,0.0,0.0,0.0,0.0,0.0,0.0,0.0
3,0.0,1888079.5653782422,0.704467815085199,5.78516378126919,-7.385142835894477,0.020978653012489707,-0.16157784920549226,-0.017846278082288596
4,0.0,0.704467815085199,1052609.2478943693,-10.484985308162768,-5.867158897860728,2.729874042633387,0.1357192753688425,0.02305606606343043
5,0.0,5.78516378126919,-10.484985308162768,175510.93791839652,0.6404148604803271,0.9195474726917371,0.35076294120068996,-0.02233555843770781
6,0.0,-7.385142835894477,-5.867158897860728,0.6404148604803271,53930.97296606319,0.04334784847754852,-0.012833018653052404,-0.004612064178508075
7,0.0,0.020978653012489707,2.729874042633387,0.9195474726917371,0.04334784847754852,6244.786993741169,0.01801304145514342,0.0038956298760446303
8,0.0,-0.16157784920549226,0.1357192753688425,0.35076294120068996,-0.012833018653052404,0.01801304145514342,254.7101939776978,0.0002137497824184478
9,0.0,-0.017846278082288596,0.02305606606343043,-0.02233555843770781,-0.004612064178508075,0.0038956298760446303,0.0002137497824184478,5.921803950284848
