,2,3,4,5,6,7,8,9
2,3211.3863175158026,-0.012585075251647829,0.0046101223655206705,-0.009247176184263984,-0.007106860109735018,-0.0011520909713168622,-0.001663277128462453,0.00020201303416150982
3,-0.012585075251647829,856.9412906442064,-0.0010592505193828703,0.005566052201745422,0.0010451739456834815,0.001184153394509078,5.9673502987986266e-05,-0.00027890879586098515
4,0.0046101223655206705,-0.0010592505193828703,197.20616635716283,-0.0037064035900098644,-0.0010497810024596094,0.0011953221177490364,-0.00022030228871647772,0.00011930807206233046
5,-0.009247176184263984,0.005566052201745422,-0.0037064035900098644,43.878334874898876,0.0003793437648020958,2.2687520569871635e-05,7.80492148487576e-05,-8.51260739273295e-05
6,-0.007106860109735018,0.0010451739456834815,-0.0010497810024596094,0.0003793437648020958,9.092093707066452,-3.183786206810954e-05,5.818224581582041e-05,6.329018078547868e-05
7,-0.0011520909713168622,0.001184153394509078,0.0011953221177490364,2.2687520569871635e-05,-3.183786206810954e-05,1.8676547947640958,-1.6155475919717735e-05,-9.34135935032529e-06
8,-0.001663277128462453,5.9673502987986266e-05,-0.00022030228871647772,7.80492148487576e-05,5.818224581582041e-05,-1.6155475919717735e-05,0.43258222170750366,3.946050368104922e-06
9,0.00020201303416150982,-0.00027890879586098515,0.00011930807206233046,-8.51260739273295e-05,6.329018078547868e-05,-9.34135935032529e-06,3.946050368104922e-06,0.11997803255025237
