index,0,1,2,3,4,5,6,7,8,9,10,11,12,13,14,15,16,17,18,19,20,21,22,23,24,25,26,27,28,29,30,31,32,33,34,35,36,37,38,39,40,41
0,52147.91432177793,1.5232437416013493,-0.2350160123473344,0.522042839774348,0.14794798014790445,-0.2095581748392658,-0.14102812522564687,-2.738069966386173,0.8847467787468108,-0.5203570720168106,-0.8563889663861609,-0.3652662737185072,0.14345493805324463,0.029346032494093274,-0.4795738827775562,0.5574015135500706,0.25695120854135123,0.410665397522016,-0.22114810874206944,0.017755248587395682,-0.09132428115092923,-1.9846174296732357,0.9457649085632097,0.16357493595310674,0.34710194367304087,0.11695410247697907,0.48288108665224005,-0.10356923219701047,-0.6739942312660538,-2.55998569890787,0.2681514698919506,-0.4444415325352594,-0.23303369761718884,0.4596267980814361,-0.0427009634435747,0.8962730535992844,-0.11748435520143892,-0.49160137885783983,0.19164634301399205,0.06364116163712176,0.054643877508060844,0.04483439097737849
1,1.5232437416013493,19448.220687313256,0.7549642839540998,-0.4922087697120625,-0.10933491936098685,-0.12369660494668286,-0.006480253191823406,1.690371228017078,-0.2520927485760487,-0.4319572203184843,0.09246090894864954,-0.10810576283151324,0.029223040330083508,-0.09465342075322529,-0.6891896766457533,0.24728692597981736,0.1286451500389152,0.2522298985701939,-0.019363907309936805,0.17738483886223175,0.12470752830749351,0.3818428923285683,-1.1152646990050812,-0.686317921045105,0.21023131989820362,0.38308658201589346,-0.05005347199533955,0.16208900214378838,0.34450738413053383,-0.2351031430987741,-0.15558854799128027,0.07658035325822508,0.005140246263977815,-0.00967561004999899,0.01958227287828064,1.1318821432030721,-0.3033157025488893,-0.1679341230787753,-0.3270737148547034,0.06173861971698031,0.05817965470295303,0.08296075989777967
2,-0.2350160123473344,0.7549642839540998,7714.321623709119,-0.11226017705795535,-0.003277047752266829,0.0991172670403881,0.04739589435686698,0.12638665943430563,0.5521728823523591,-0.22326852707434974,0.08206330532551342,-0.1388240935220709,0.10418268012654924,0.06072958423315285,-0.4902126659150877,-0.6202491362628455,0.46648839572538137,-0.1503666078581779,-0.137142536104108,0.07809343065456249,0.028231215428074483,-0.49467719615209405,0.11111859156761411,0.2542511291544849,-0.3192659654992864,0.06795695296577736,-0.03504631285928701,0.04997463035418893,0.5893373738221055,0.14435633093478023,0.13353824215644747,-0.034429359475805235,0.055188096191855836,-0.047684114534605006,0.0396568573564078,-0.7565596851943932,0.6335530522990147,0.003068015499137735,-0.3244591920399175,-0.0034155022538268644,0.1125365770161623,-0.017934470010954287
3,0.522042839774348,-0.4922087697120625,-0.11226017705795535,3096.1341406314837,-0.06410603282606384,0.028024942995814314,-0.020688233229349113,-0.7381667458616785,-0.2610049833103594,0.012998022887796426,-0.14588963546043868,0.16124049135449056,-0.0006399374987060954,-0.02286961376909786,0.37630571731649476,0.026506561266209545,0.07358006030719948,0.04571729878854403,-0.006958524200971162,0.024404328568551292,0.022986979680237773,-0.7017660127427304,0.17567148279113395,-0.08419756624830377,0.010136123256326492,0.047012366174482324,-0.0485366880077996,-0.08615230930502206,0.39006349471285034,0.04551872890474061,-0.19824486355940524,-0.06514921828747319,-0.04653672846511017,-0.06250960129172575,0.024373111016247076,0.4185244946077773,0.041279549251774586,0.13835629764724044,0.06855092995571303,0.0325710073709477,-0.04302523205351248,-0.0071183939301601926
4,0.14794798014790445,-0.10933491936098685,-0.003277047752266829,-0.06410603282606384,1261.246657333969,-0.013538341517220187,0.004769001123210844,0.0020187276219807673,0.014982044371999698,0.2568301199527878,-0.028222802973632388,0.016983384922863637,-0.012260320140646916,-0.02871894993428402,0.13141923701407945,-0.16718239679378213,0.0075085800575827874,0.15182057908655588,0.02367211118892119,-0.038782971349651356,-0.005429239103452701,-0.18834230853665995,-0.436435924343976,0.02320124211877368,-0.030624872433814627,-0.005547485746253955,-0.011217259438664372,-0.017972954056632937,-0.05157926220281654,0.16265953788459295,0.007725640542275972,0.07488282672598225,-0.0020208415234352207,0.00987254674276332,0.007389025410072141,-0.008320929631861604,0.1370115721459157,-0.08341511357725866,0.0840734764701717,0.012231727046448437,0.03895706862934757,-0.02460639367458775
5,-0.2095581748392658,-0.12369660494668286,0.0991172670403881,0.028024942995814314,-0.013538341517220187,525.7966581755358,0.0002652114374587985,-0.3222974869427722,0.09408808183925679,-0.03588984648621403,0.021688008526657372,0.027356703651469378,-0.0011295034475178774,0.002284393026000876,0.20976087854993888,0.22547472019143697,-0.05438322726765944,-0.05496785362339003,0.01775039713023635,-0.019303949594399208,-0.01182681244144389,0.15865184260720647,0.012582348445824766,0.06106168847863032,-0.012147903462545576,-0.0043624987517067925,-0.0045022757596515995,0.008055976537901896,-0.02770175092759255,0.03836145933521672,0.028374020186791016,0.037071417813693115,-0.02316333112526684,-0.015671961107586778,0.011213033323937674,-0.16982335782266345,0.02284885375162723,0.0021629427781760355,0.053823684494180214,-0.0044309946316782875,0.0012684754962426267,-0.0019634837974448734
6,-0.14102812522564687,-0.006480253191823406,0.04739589435686698,-0.020688233229349113,0.004769001123210844,0.0002652114374587985,351.4382334892344,0.08765510741411614,-0.002496630979813651,0.10836708012117069,0.019461287773017852,-0.02455999895984219,-0.004032537577124496,-0.013891166524678483,-0.08086046626094105,0.023381129404310724,0.02247109459688691,0.029797549207008122,0.008981392327495858,0.013296123552927492,0.007058984782011948,-0.19654531042141996,0.005393740676437193,0.06465560129428069,0.04067243427894254,-0.00905926563566111,-0.004006424522289298,0.0036415513105960947,0.26016788605526964,-0.04435834022667032,-0.004096648167111073,0.038486079395672695,0.02580855594586295,-0.005116577080175967,-0.008317895206916556,-0.07035237875403538,-0.008252229820560227,0.0277520726795362,-0.03169047090960474,0.03536751509737279,-0.015323044430508245,0.0024370510271887135
7,-2.738069966386173,1.690371228017078,0.12638665943430563,-0.7381667458616785,0.0020187276219807673,-0.3222974869427722,0.08765510741411614,74528.69599702928,-0.18314268768805933,0.6453947545747041,0.04968716091127675,-0.08664971562873414,0.4201652669093956,-0.19907113644780147,-1.2208947665452412,0.3505447234267871,-0.4863014733607783,-0.6899217512521251,-0.21527038279068192,-0.17725721561386645,-0.08471460606674838,4.2074980806817095,1.484391567184017,-0.018328229008937425,-0.27683076233469034,0.0644217541997891,-0.16883593669967653,0.39816773416606077,2.1858657773361165,0.20298213632362605,-1.0129558819754299,-0.06122827050849476,-0.01272183444315539,0.18905250617106648,-0.17497784263211721,0.5916535726819372,-1.7896486683969623,-0.6088930548158397,-0.6344213964937565,0.3690412816904227,0.2648820356447487,-0.1918499167439971
8,0.8847467787468108,-0.2520927485760487,0.5521728823523591,-0.2610049833103594,0.014982044371999698,0.09408808183925679,-0.002496630979813651,-0.18314268768805933,27890.796697663154,0.3805685367489716,0.15753880455491304,-0.001932755062850791,0.22479004904698624,-0.243304342384301,-1.57488867902344,-0.05172144541500549,0.6166309808564764,-0.28517783600418845,-0.20378718887825703,-0.05867636967892453,0.08487797209061469,-0.35287581597488477,-0.6241723197669858,0.11726349763323927,0.0886732803121333,-0.05269641991184038,-0.10294196388836763,-0.09149828964492718,-0.13103737809021004,0.20404084679213863,0.482403802582467,-0.44748307442576907,-0.13732500449269022,0.05234768149424553,0.01197277999793973,0.7119964699641715,1.01637219455171,-0.8189922621703505,0.22188279887367995,0.1683210676706776,-0.038863066431339216,-0.04877596192979671
9,-0.5203570720168106,-0.4319572203184843,-0.22326852707434974,0.012998022887796426,0.2568301199527878,-0.03588984648621403,0.10836708012117069,0.6453947545747041,0.3805685367489716,10626.295687375643,-0.40543923251387687,0.05091757976427525,0.09926830044863304,0.0959739030849998,0.21442017490725906,0.01923994743627864,-0.36032758140425425,-0.08215991923569436,-0.05134273121357311,0.048848499288585374,0.03069190081194407,0.08306887296371993,-0.02461376273792739,0.5239026689803326,-0.0035515219194934325,-0.10287393814783859,0.0045746100422621346,-0.015136433169439942,0.4435712530589282,0.14495395517100218,0.5291029599776542,0.10607321449417202,0.05729706750899317,0.03623825500213984,-0.06135103716935217,0.25261372888050265,-0.3662923980434241,0.2644955428018692,0.012991938558747567,0.010968985025090366,-0.12387313505770473,0.017135611578627037
10,-0.8563889663861609,0.09246090894864954,0.08206330532551342,-0.14588963546043868,-0.028222802973632388,0.021688008526657372,0.019461287773017852,0.04968716091127675,0.15753880455491304,-0.40543923251387687,4079.2609990323017,-0.05066838862924513,0.031821477450629444,-0.02250681480538166,0.5312529800578812,-0.04644045332267571,0.04551727986028188,0.02652637173155481,-0.14522887271998192,-0.019889508607823004,-0.009387366797060736,-0.26754454660836585,0.3854928148928042,0.03775475941887684,0.06804998792809638,-0.0500515267363815,-0.014611547465071106,-0.01238176606982699,0.0013710147561851562,0.07325937932437128,-0.10375875236154086,-0.012877611414625366,-0.06084114949237684,0.021733892095585274,0.05690753285576209,-0.7560233147127687,-0.912265763717609,-0.004396025223660288,-0.0773146483372965,-0.03932678819708011,-0.050911122406430295,0.028591452148686244
11,-0.3652662737185072,-0.10810576283151324,-0.1388240935220709,0.16124049135449056,0.016983384922863637,0.027356703651469378,-0.02455999895984219,-0.08664971562873414,-0.001932755062850791,0.05091757976427525,-0.05066838862924513,1757.2363462337487,0.02194302765380795,-0.02264861157278152,0.22906092326168848,-0.14485515240585609,0.14408044110219373,-0.05409421043671906,0.02107015839975148,-0.028283881674874042,0.03920754288550822,-0.02559359308895046,-0.13130072213773897,-0.23984586576509279,0.09166015382595488,-0.014864830241514871,0.025322411016697043,0.017077053209799003,-0.6921469006248064,0.06073773921238972,0.08485312626932952,-0.019119358227574917,0.039657939267806766,0.05475758689946439,0.014510683115354334,0.08108927254671924,-0.05771199256886361,0.0464401357669209,0.025865840117523936,-0.055787500230000994,0.015371415160016432,-0.00352203658138905
12,0.14345493805324463,0.029223040330083508,0.10418268012654924,-0.0006399374987060954,-0.012260320140646916,-0.0011295034475178774,-0.004032537577124496,0.4201652669093956,0.22479004904698624,0.09926830044863304,0.031821477450629444,0.02194302765380795,730.8893858521302,0.0036644292495632974,-0.09952278183489,-0.1417397148476038,-0.008276365805064282,-0.032310659817461305,0.031272461991297976,0.004847137141586556,-0.0063047267056320164,0.21791202522952557,0.1254265385620628,-0.012858547804815015,0.009319982741783429,-0.023330465292986515,0.050450385521539354,0.00829209785693251,-0.1379398490109284,-0.04702559235845566,-0.03324967040439909,0.07479004724172203,-0.00344031778700322,-0.013162633931575409,-0.03482968248709128,0.12485870111235776,-0.023102065595119202,0.10625931931801537,-0.0703063869559856,-0.0786402283328602,-0.016003649814236704,0.014047227010442523
13,0.029346032494093274,-0.09465342075322529,0.06072958423315285,-0.02286961376909786,-0.02871894993428402,0.002284393026000876,-0.013891166524678483,-0.19907113644780147,-0.243304342384301,0.0959739030849998,-0.02250681480538166,-0.02264861157278152,0.0036644292495632974,393.47486533295927,0.015282941174636501,0.052326381419513485,-0.05883287693940761,0.05075542356560422,0.0012967904584487834,0.011667296223660025,0.0046941697173739465,-0.0777501345033869,-0.0014799662521074554,0.05200372833029211,0.053037752524408455,-0.013318516370657051,-0.0009673805274410119,0.015249337126225948,-0.10096019208779515,0.01766388819043114,-0.003706446033631442,-0.018827372293943666,-0.03967107809570324,-0.004309973252652954,-0.0023277986986922545,-0.17223512623076614,-0.017396336745028784,0.022089421774771186,0.03860028593888674,-0.02404647474761895,-0.009084675889954597,-0.006314835534580948
14,-0.4795738827775562,-0.6891896766457533,-0.4902126659150877,0.37630571731649476,0.13141923701407945,0.20976087854993888,-0.08086046626094105,-1.2208947665452412,-1.57488867902344,0.21442017490725906,0.5312529800578812,0.22906092326168848,-0.09952278183489,0.015282941174636501,50387.22967679902,0.8789270566835188,0.2872934484030433,0.29470363989917764,-0.27599833883687475,0.04945133748602047,-0.19666213764079307,-1.0729454127297875,2.369233451388101,0.1913691087068039,0.1827548359012299,-0.03961213043992457,0.029420169816040526,-0.09036989302383483,-2.515240360490662,0.8826744870261797,-0.11449796291470939,-0.527729591064497,0.03421176855793775,-0.06879701646548138,-0.13667455202186227,1.787171794124645,0.0696008465211958,-0.7133194403534725,-0.28415406054172365,-0.27255706093538995,-0.19808103460891488,-0.07910109437949105
15,0.5574015135500706,0.24728692597981736,-0.6202491362628455,0.026506561266209545,-0.16718239679378213,0.22547472019143697,0.023381129404310724,0.3505447234267871,-0.05172144541500549,0.01923994743627864,-0.04644045332267571,-0.14485515240585609,-0.1417397148476038,0.052326381419513485,0.8789270566835188,18880.429623267395,-0.29135224204286736,-0.10151899717293023,0.0052666455997877025,-0.40716354955580786,0.10699151166970589,0.23767940106926908,-0.2971223910544029,-0.4324914457486356,0.09431467334150502,0.02710064253295132,0.13513801297971695,0.04291354378017857,-1.0323131488354669,0.40142655661784404,0.4265653615000081,-0.14695132218194795,0.21174315373632918,0.05465832444155214,0.06981918273405896,0.1251984166339212,0.12205874387023413,0.002066138549975883,0.07567717667930507,0.10600855196761957,-0.10446570813746836,-0.017251013345810574
16,0.25695120854135123,0.1286451500389152,0.46648839572538137,0.07358006030719948,0.0075085800575827874,-0.05438322726765944,0.02247109459688691,-0.4863014733607783,0.6166309808564764,-0.36032758140425425,0.04551727986028188,0.14408044110219373,-0.008276365805064282,-0.05883287693940761,0.2872934484030433,-0.29135224204286736,7003.654464289854,-0.2738541306619219,-0.0435735072725275,0.0022538644982270928,-0.0022692214217836255,0.3054669411055069,-0.1647707476693985,0.36639136935747896,-0.25361801162890835,-0.029544396366597316,-0.16695810765946792,0.07251295202684722,-0.15245600981195018,0.16260222242929045,-0.3996047393871118,0.02678695501526091,0.13166840475420913,0.07051494573015327,-0.004267503876557296,-0.2760410196879539,-0.21938932677696404,-0.7031084143018744,-0.10048553252954585,0.028771393383031536,0.018152501374511645,0.08687371645711388
17,0.410665397522016,0.2522298985701939,-0.1503666078581779,0.04571729878854403,0.15182057908655588,-0.05496785362339003,0.029797549207008122,-0.6899217512521251,-0.28517783600418845,-0.08215991923569436,0.02652637173155481,-0.05409421043671906,-0.032310659817461305,0.05075542356560422,0.29470363989917764,-0.10151899717293023,-0.2738541306619219,2755.48181304024,0.0016943798191196462,-0.03242600981237,0.05095461448299748,0.37757728250755945,0.19033099292721675,-0.12026353767786899,-0.1130481788700396,0.022184204946741466,0.002902522955249882,-0.011630404769216325,0.24494772561465186,-0.25665366935284106,0.1216036535046154,0.04792456302619972,-0.028998658687543016,-0.0204370942554616,-0.011679309968286427,-0.09980057634702316,0.45311769049682954,-0.10414780435404013,-0.11082558499179034,-0.008643173617779863,-0.017895152706816585,0.017094295831816365
18,-0.22114810874206944,-0.019363907309936805,-0.137142536104108,-0.006958524200971162,0.02367211118892119,0.01775039713023635,0.008981392327495858,-0.21527038279068192,-0.20378718887825703,-0.05134273121357311,-0.14522887271998192,0.02107015839975148,0.031272461991297976,0.0012967904584487834,-0.27599833883687475,0.0052666455997877025,-0.0435735072725275,0.0016943798191196462,1250.3322997145146,-0.02960624336976953,-0.036638595479662715,-0.1489538005286409,-0.2575717946689892,-0.08117409056359287,0.03107579264669769,0.012008348626560316,0.0022444139685061336,0.005606350913735373,0.24204165557196894,0.06379076279396295,-0.0967983404701637,-0.027198737769590905,0.016499431622513192,-0.023391852679795617,-0.03290374131552847,-0.20764566982959942,-0.03169595516817117,0.10367808811961653,0.017421621018431966,-0.026026201619455396,0.02141730262754726,0.013378510346040337
19,0.017755248587395682,0.17738483886223175,0.07809343065456249,0.024404328568551292,-0.038782971349651356,-0.019303949594399208,0.013296123552927492,-0.17725721561386645,-0.05867636967892453,0.048848499288585374,-0.019889508607823004,-0.028283881674874042,0.004847137141586556,0.011667296223660025,0.04945133748602047,-0.40716354955580786,0.0022538644982270928,-0.03242600981237,-0.02960624336976953,557.5158290010413,-0.005235453834197478,-0.2839097508961382,-0.013777253919969585,0.08373756703109446,-0.024762185030893037,-0.009960947540885475,-0.011768709926024157,0.019464098603788935,0.11731753908348799,-0.10254402535690317,-0.028832825014131664,-0.015187815661468249,0.022445572179506736,-0.00849161274756658,6.445974817204905e-05,0.0800266321851128,0.2089864837012123,-0.09984631383498345,-0.027267186583982812,0.013202370979753915,-0.019884304246891655,-0.02095328492204723
20,-0.09132428115092923,0.12470752830749351,0.028231215428074483,0.022986979680237773,-0.005429239103452701,-0.01182681244144389,0.007058984782011948,-0.08471460606674838,0.08487797209061469,0.03069190081194407,-0.009387366797060736,0.03920754288550822,-0.0063047267056320164,0.0046941697173739465,-0.19666213764079307,0.10699151166970589,-0.0022692214217836255,0.05095461448299748,-0.036638595479662715,-0.005235453834197478,285.5973348376246,-0.11191398352495521,0.13552688872541183,0.034107138484658926,-0.05506849117278855,0.023874157376257702,-0.011009247922995437,0.004108570908655399,-0.025904184442316482,0.05184904058234565,0.04118148734189441,-0.03432025051221667,-0.037968444285353835,-0.00579151196799955,0.005997476536331078,-0.06335650013728494,0.05655165905946883,-0.002867712898857815,-0.009431895244098707,0.01842886272125555,-0.0031633484214382474,0.0013726207187537444
21,-1.9846174296732357,0.3818428923285683,-0.49467719615209405,-0.7017660127427304,-0.18834230853665995,0.15865184260720647,-0.19654531042141996,4.2074980806817095,-0.35287581597488477,0.08306887296371993,-0.26754454660836585,-0.02559359308895046,0.21791202522952557,-0.0777501345033869,-1.0729454127297875,0.23767940106926908,0.3054669411055069,0.37757728250755945,-0.1489538005286409,-0.2839097508961382,-0.11191398352495521,57516.50166399619,-1.5704961675343376,0.031230723570047636,1.1574901665636315,-0.09823645161840204,-0.05672080580439827,0.32233917016510205,1.883751750696429,0.2684555789079831,0.5280656061963972,0.9376827261398475,0.22712585071416008,0.3400319699195377,0.055148071185228444,-0.20526996343013357,0.3645548654371546,0.9419321353525765,0.09656982023693739,-0.49171234297162036,-0.14049591095861025,0.18357114870352426
22,0.9457649085632097,-1.1152646990050812,0.11111859156761411,0.17567148279113395,-0.436435924343976,0.012582348445824766,0.005393740676437193,1.484391567184017,-0.6241723197669858,-0.02461376273792739,0.3854928148928042,-0.13130072213773897,0.1254265385620628,-0.0014799662521074554,2.369233451388101,-0.2971223910544029,-0.1647707476693985,0.19033099292721675,-0.2575717946689892,-0.013777253919969585,0.13552688872541183,-1.5704961675343376,22854.810062053533,0.14423592172871605,0.254377327911903,-0.25385205864224236,-0.056741632347749676,0.11023318565252556,1.236497050590511,-0.10531473210354309,-0.30761992298098373,-0.2720552290122206,-0.32344192386929604,0.30312953727084113,-0.08725981635453764,-1.6884620643434747,0.23908371506921713,0.4135876393325322,0.04544957473453904,0.04695071014457242,0.10468898347955448,-0.09256412446743979
23,0.16357493595310674,-0.686317921045105,0.2542511291544849,-0.08419756624830377,0.02320124211877368,0.06106168847863032,0.06465560129428069,-0.018328229008937425,0.11726349763323927,0.5239026689803326,0.03775475941887684,-0.23984586576509279,-0.012858547804815015,0.05200372833029211,0.1913691087068039,-0.4324914457486356,0.36639136935747896,-0.12026353767786899,-0.08117409056359287,0.08373756703109446,0.034107138484658926,0.031230723570047636,0.14423592172871605,8368.935000601323,0.05276510217955013,0.06947325297841166,-0.10077759577078924,-0.06859004388008258,0.16854106075435654,0.07873709695346573,0.07354174672502631,-0.12335258150392238,0.3028535963369138,-0.04859172796681417,-0.023499317030162496,-1.0446121260547208,-1.0196430519091695,0.12258872325154445,-0.043794546048965266,-0.04480828869528112,-0.0587390934709731,0.06796041256334402
24,0.34710194367304087,0.21023131989820362,-0.3192659654992864,0.010136123256326492,-0.030624872433814627,-0.012147903462545576,0.04067243427894254,-0.27683076233469034,0.0886732803121333,-0.0035515219194934325,0.06804998792809638,0.09166015382595488,0.009319982741783429,0.053037752524408455,0.1827548359012299,0.09431467334150502,-0.25361801162890835,-0.1130481788700396,0.03107579264669769,-0.024762185030893037,-0.05506849117278855,1.1574901665636315,0.254377327911903,0.05276510217955013,3410.482872821331,-0.06949724063297676,0.04561713200443383,0.003994650964466334,0.34705146227647615,-0.3419970188352073,0.2644592280354083,0.0164658477638664,-0.16420182194662325,-0.019494931072620406,0.01888435395543631,-0.10507088158804688,0.14439958019602228,-0.08694520112128465,-0.08859973945075629,0.17572555439453863,-0.06254700423048637,-0.0027042996730911877
25,0.11695410247697907,0.38308658201589346,0.06795695296577736,0.047012366174482324,-0.005547485746253955,-0.0043624987517067925,-0.00905926563566111,0.0644217541997891,-0.05269641991184038,-0.10287393814783859,-0.0500515267363815,-0.014864830241514871,-0.023330465292986515,-0.013318516370657051,-0.03961213043992457,0.02710064253295132,-0.029544396366597316,0.022184204946741466,0.012008348626560316,-0.009960947540885475,0.023874157376257702,-0.09823645161840204,-0.25385205864224236,0.06947325297841166,-0.06949724063297676,1420.4286832683636,-0.0019600332371550416,-0.002111880829793884,0.2512436123984462,-0.07109972728508894,0.039444015979890994,0.04726796431388381,0.029945517596509794,0.010524666216341351,0.013229626601935468,0.030071377615995355,-0.19068181862287148,-0.07118778359259971,0.044891916247860174,0.05706769259591935,-0.014395847508345655,0.00969601449713979
26,0.48288108665224005,-0.05005347199533955,-0.03504631285928701,-0.0485366880077996,-0.011217259438664372,-0.0045022757596515995,-0.004006424522289298,-0.16883593669967653,-0.10294196388836763,0.0045746100422621346,-0.014611547465071106,0.025322411016697043,0.050450385521539354,-0.0009673805274410119,0.029420169816040526,0.13513801297971695,-0.16695810765946792,0.002902522955249882,0.0022444139685061336,-0.011768709926024157,-0.011009247922995437,-0.05672080580439827,-0.056741632347749676,-0.10077759577078924,0.04561713200443383,-0.0019600332371550416,650.0500163882416,0.017739106889042167,0.14467528373596866,0.08925501425529908,0.020068486535859974,-0.026486763005903014,0.01685001450666734,0.04033415279593677,0.015094885462757033,0.22161311973091638,-0.08123527755581145,0.05543970215064311,0.02943100672658281,0.013734063613677064,-0.020869443626889438,0.04010238037824902
27,-0.10356923219701047,0.16208900214378838,0.04997463035418893,-0.08615230930502206,-0.017972954056632937,0.008055976537901896,0.0036415513105960947,0.39816773416606077,-0.09149828964492718,-0.015136433169439942,-0.01238176606982699,0.017077053209799003,0.00829209785693251,0.015249337126225948,-0.09036989302383483,0.04291354378017857,0.07251295202684722,-0.011630404769216325,0.005606350913735373,0.019464098603788935,0.004108570908655399,0.32233917016510205,0.11023318565252556,-0.06859004388008258,0.003994650964466334,-0.002111880829793884,0.017739106889042167,292.7693474545087,-0.09699921367964306,-0.010350988668369103,0.06836611776599709,0.02868366183033686,0.014109507310428782,0.007548055591612917,0.004194485742180929,0.03677022730063841,-0.06393224774902306,-0.016393798071717928,0.030825758340749465,-0.03260862161003636,-0.020090568329821132,-0.010163465943170058
28,-0.6739942312660538,0.34450738413053383,0.5893373738221055,0.39006349471285034,-0.05157926220281654,-0.02770175092759255,0.26016788605526964,2.1858657773361165,-0.13103737809021004,0.4435712530589282,0.0013710147561851562,-0.6921469006248064,-0.1379398490109284,-0.10096019208779515,-2.515240360490662,-1.0323131488354669,-0.15245600981195018,0.24494772561465186,0.24204165557196894,0.11731753908348799,-0.025904184442316482,1.883751750696429,1.236497050590511,0.16854106075435654,0.34705146227647615,0.2512436123984462,0.14467528373596866,-0.09699921367964306,48895.540564414005,-1.4861460826854094,0.018550717553241787,0.18675612679717382,-0.25714797258053385,-0.25165594260498036,0.1674390351775338,-0.47867712828359443,0.9998068779998335,1.0795887159074555,0.03722563801319838,0.19379500236599803,0.12187185145915662,0.14798153982290532
29,-2.55998569890787,-0.2351031430987741,0.14435633093478023,0.04551872890474061,0.16265953788459295,0.03836145933521672,-0.04435834022667032,0.20298213632362605,0.20404084679213863,0.14495395517100218,0.07325937932437128,0.06073773921238972,-0.04702559235845566,0.01766388819043114,0.8826744870261797,0.40142655661784404,0.16260222242929045,-0.25665366935284106,0.06379076279396295,-0.10254402535690317,0.05184904058234565,0.2684555789079831,-0.10531473210354309,0.07873709695346573,-0.3419970188352073,-0.07109972728508894,0.08925501425529908,-0.010350988668369103,-1.4861460826854094,18151.39672910025,0.40475572304782836,0.05636375527996965,0.026817136251061,0.15514125244090607,0.04491955479941899,-0.9056821815343407,0.3251877489694046,-0.5526784605883087,0.18755523052199183,0.09974730823196018,0.09983584256959563,-0.01723440471649177
30,0.2681514698919506,-0.15558854799128027,0.13353824215644747,-0.19824486355940524,0.007725640542275972,0.028374020186791016,-0.004096648167111073,-1.0129558819754299,0.482403802582467,0.5291029599776542,-0.10375875236154086,0.08485312626932952,-0.03324967040439909,-0.003706446033631442,-0.11449796291470939,0.4265653615000081,-0.3996047393871118,0.1216036535046154,-0.0967983404701637,-0.028832825014131664,0.04118148734189441,0.5280656061963972,-0.30761992298098373,0.07354174672502631,0.2644592280354083,0.039444015979890994,0.020068486535859974,0.06836611776599709,0.018550717553241787,0.40475572304782836,6962.232320544952,0.15212439746674444,0.04637172610454065,0.08818743159002188,0.10216730031012274,-0.6919683002436874,-0.6746093363995911,-0.2014385984659317,-0.02208931908786431,0.08209122623912611,-0.13644139335028885,0.08441976852096274
31,-0.4444415325352594,0.07658035325822508,-0.034429359475805235,-0.06514921828747319,0.07488282672598225,0.037071417813693115,0.038486079395672695,-0.06122827050849476,-0.44748307442576907,0.10607321449417202,-0.012877611414625366,-0.019119358227574917,0.07479004724172203,-0.018827372293943666,-0.527729591064497,-0.14695132218194795,0.02678695501526091,0.04792456302619972,-0.027198737769590905,-0.015187815661468249,-0.03432025051221667,0.9376827261398475,-0.2720552290122206,-0.12335258150392238,0.0164658477638664,0.04726796431388381,-0.026486763005903014,0.02868366183033686,0.18675612679717382,0.05636375527996965,0.15212439746674444,2779.325410037279,0.011739368924123222,0.07960008354345605,-0.004761668549850654,-0.26376422128913585,0.0520880316554208,-0.12704213583554488,-0.11953502239720712,0.08257569008012706,0.000648500790822338,0.052053538068423576
32,-0.23303369761718884,0.005140246263977815,0.055188096191855836,-0.04653672846511017,-0.0020208415234352207,-0.02316333112526684,0.02580855594586295,-0.01272183444315539,-0.13732500449269022,0.05729706750899317,-0.06084114949237684,0.039657939267806766,-0.00344031778700322,-0.03967107809570324,0.03421176855793775,0.21174315373632918,0.13166840475420913,-0.028998658687543016,0.016499431622513192,0.022445572179506736,-0.037968444285353835,0.22712585071416008,-0.32344192386929604,0.3028535963369138,-0.16420182194662325,0.029945517596509794,0.01685001450666734,0.014109507310428782,-0.25714797258053385,0.026817136251061,0.04637172610454065,0.011739368924123222,1210.652954988742,0.06298701292901271,0.0033342226099040946,0.2284132194138869,0.013463618843143042,-0.06337611889175812,-0.011258797684060184,0.05947668864504416,0.010794589561688743,-0.0036946680044356683
33,0.4596267980814361,-0.00967561004999899,-0.047684114534605006,-0.06250960129172575,0.00987254674276332,-0.015671961107586778,-0.005116577080175967,0.18905250617106648,0.05234768149424553,0.03623825500213984,0.021733892095585274,0.05475758689946439,-0.013162633931575409,-0.004309973252652954,-0.06879701646548138,0.05465832444155214,0.07051494573015327,-0.0204370942554616,-0.023391852679795617,-0.00849161274756658,-0.00579151196799955,0.3400319699195377,0.30312953727084113,-0.04859172796681417,-0.019494931072620406,0.010524666216341351,0.04033415279593677,0.007548055591612917,-0.25165594260498036,0.15514125244090607,0.08818743159002188,0.07960008354345605,0.06298701292901271,572.3388719921401,0.028201686437771226,0.12349464179073094,0.17834252466293132,-0.022771052904404083,0.07281609089384809,0.01984182054027301,-0.017839443810153906,-0.0013880655559589412
34,-0.0427009634435747,0.01958227287828064,0.0396568573564078,0.024373111016247076,0.007389025410072141,0.011213033323937674,-0.008317895206916556,-0.17497784263211721,0.01197277999793973,-0.06135103716935217,0.05690753285576209,0.014510683115354334,-0.03482968248709128,-0.0023277986986922545,-0.13667455202186227,0.06981918273405896,-0.004267503876557296,-0.011679309968286427,-0.03290374131552847,6.445974817204905e-05,0.005997476536331078,0.055148071185228444,-0.08725981635453764,-0.023499317030162496,0.01888435395543631,0.013229626601935468,0.015094885462757033,0.004194485742180929,0.1674390351775338,0.04491955479941899,0.10216730031012274,-0.004761668549850654,0.0033342226099040946,0.028201686437771226,282.7670171192691,0.05346442776477607,-0.08954797303890775,-0.05311923596272421,-0.029221717756617544,-0.01980772534624389,-0.005928569791517839,0.004533314546049008
35,0.8962730535992844,1.1318821432030721,-0.7565596851943932,0.4185244946077773,-0.008320929631861604,-0.16982335782266345,-0.07035237875403538,0.5916535726819372,0.7119964699641715,0.25261372888050265,-0.7560233147127687,0.08108927254671924,0.12485870111235776,-0.17223512623076614,1.787171794124645,0.1251984166339212,-0.2760410196879539,-0.09980057634702316,-0.20764566982959942,0.0800266321851128,-0.06335650013728494,-0.20526996343013357,-1.6884620643434747,-1.0446121260547208,-0.10507088158804688,0.030071377615995355,0.22161311973091638,0.03677022730063841,-0.47867712828359443,-0.9056821815343407,-0.6919683002436874,-0.26376422128913585,0.2284132194138869,0.12349464179073094,0.05346442776477607,57648.86359713745,-0.12932434348401703,0.14984371666561286,-0.7754113341809273,0.38179809903389134,-0.08825397136253765,-0.1903793958125443
36,-0.11748435520143892,-0.3033157025488893,0.6335530522990147,0.041279549251774586,0.1370115721459157,0.02284885375162723,-0.008252229820560227,-1.7896486683969623,1.01637219455171,-0.3662923980434241,-0.912265763717609,-0.05771199256886361,-0.023102065595119202,-0.017396336745028784,0.0696008465211958,0.12205874387023413,-0.21938932677696404,0.45311769049682954,-0.03169595516817117,0.2089864837012123,0.05655165905946883,0.3645548654371546,0.23908371506921713,-1.0196430519091695,0.14439958019602228,-0.19068181862287148,-0.08123527755581145,-0.06393224774902306,0.9998068779998335,0.3251877489694046,-0.6746093363995911,0.0520880316554208,0.013463618843143042,0.17834252466293132,-0.08954797303890775,-0.12932434348401703,20412.120959588363,-0.5858302761733629,0.06568371533709567,-0.0986981130261021,0.0360306438921871,-0.01783552922167428
37,-0.49160137885783983,-0.1679341230787753,0.003068015499137735,0.13835629764724044,-0.08341511357725866,0.0021629427781760355,0.0277520726795362,-0.6088930548158397,-0.8189922621703505,0.2644955428018692,-0.004396025223660288,0.0464401357669209,0.10625931931801537,0.022089421774771186,-0.7133194403534725,0.002066138549975883,-0.7031084143018744,-0.10414780435404013,0.10367808811961653,-0.09984631383498345,-0.002867712898857815,0.9419321353525765,0.4135876393325322,0.12258872325154445,-0.08694520112128465,-0.07118778359259971,0.05543970215064311,-0.016393798071717928,1.0795887159074555,-0.5526784605883087,-0.2014385984659317,-0.12704213583554488,-0.06337611889175812,-0.022771052904404083,-0.05311923596272421,0.14984371666561286,-0.5858302761733629,8414.896895211376,0.01803013518903806,0.08875044822947084,0.07648611472863884,-0.0014141441524455666
38,0.19164634301399205,-0.3270737148547034,-0.3244591920399175,0.06855092995571303,0.0840734764701717,0.053823684494180214,-0.03169047090960474,-0.6344213964937565,0.22188279887367995,0.012991938558747567,-0.0773146483372965,0.025865840117523936,-0.0703063869559856,0.03860028593888674,-0.28415406054172365,0.07567717667930507,-0.10048553252954585,-0.11082558499179034,0.017421621018431966,-0.027267186583982812,-0.009431895244098707,0.09656982023693739,0.04544957473453904,-0.043794546048965266,-0.08859973945075629,0.044891916247860174,0.02943100672658281,0.030825758340749465,0.03722563801319838,0.18755523052199183,-0.02208931908786431,-0.11953502239720712,-0.011258797684060184,0.07281609089384809,-0.029221717756617544,-0.7754113341809273,0.06568371533709567,0.01803013518903806,3081.5443356961628,-0.019163595611288626,-0.05969183439958887,-0.0035584088584654817
39,0.06364116163712176,0.06173861971698031,-0.0034155022538268644,0.0325710073709477,0.012231727046448437,-0.0044309946316782875,0.03536751509737279,0.3690412816904227,0.1683210676706776,0.010968985025090366,-0.03932678819708011,-0.055787500230000994,-0.0786402283328602,-0.02404647474761895,-0.27255706093538995,0.10600855196761957,0.028771393383031536,-0.008643173617779863,-0.026026201619455396,0.013202370979753915,0.01842886272125555,-0.49171234297162036,0.04695071014457242,-0.04480828869528112,0.17572555439453863,0.05706769259591935,0.013734063613677064,-0.03260862161003636,0.19379500236599803,0.09974730823196018,0.08209122623912611,0.08257569008012706,0.05947668864504416,0.01984182054027301,-0.01980772534624389,0.38179809903389134,-0.0986981130261021,0.08875044822947084,-0.019163595611288626,1307.4347696872155,-0.047097401163861595,0.05169286979471
40,0.054643877508060844,0.05817965470295303,0.1125365770161623,-0.04302523205351248,0.03895706862934757,0.0012684754962426267,-0.015323044430508245,0.2648820356447487,-0.038863066431339216,-0.12387313505770473,-0.050911122406430295,0.015371415160016432,-0.016003649814236704,-0.009084675889954597,-0.19808103460891488,-0.10446570813746836,0.018152501374511645,-0.017895152706816585,0.02141730262754726,-0.019884304246891655,-0.0031633484214382474,-0.14049591095861025,0.10468898347955448,-0.0587390934709731,-0.06254700423048637,-0.014395847508345655,-0.020869443626889438,-0.020090568329821132,0.12187185145915662,0.09983584256959563,-0.13644139335028885,0.000648500790822338,0.010794589561688743,-0.017839443810153906,-0.005928569791517839,-0.08825397136253765,0.0360306438921871,0.07648611472863884,-0.05969183439958887,-0.047097401163861595,687.187424811493,-0.0003277749931025425
41,0.04483439097737849,0.08296075989777967,-0.017934470010954287,-0.0071183939301601926,-0.02460639367458775,-0.0019634837974448734,0.0024370510271887135,-0.1918499167439971,-0.04877596192979671,0.017135611578627037,0.028591452148686244,-0.00352203658138905,0.014047227010442523,-0.006314835534580948,-0.07910109437949105,-0.017251013345810574,0.08687371645711388,0.017094295831816365,0.013378510346040337,-0.02095328492204723,0.0013726207187537444,0.18357114870352426,-0.09256412446743979,0.06796041256334402,-0.0027042996730911877,0.00969601449713979,0.04010238037824902,-0.010163465943170058,0.14798153982290532,-0.01723440471649177,0.08441976852096274,0.052053538068423576,-0.0036946680044356683,-0.0013880655559589412,0.004533314546049008,-0.1903793958125443,-0.01783552922167428,-0.0014141441524455666,-0.0035584088584654817,0.05169286979471,-0.0003277749931025425,283.94160184232146
