index,0,1,2,3,4,5,6,7,8,9,10,11,12,13,14,15,16,17,18,19,20,21,22,23,24,25,26,27,28,29,30,31,32,33,34,35,36,37,38,39,40,41
0,47.169648001349906,0.0012721070845455268,-0.00025844558554883164,0.00044123796284459293,0.00010396735343894746,-0.0001343946486659871,-0.00012271245058652051,-0.0020068111382098392,0.0005965345203214667,-0.0004612146497428047,-0.0009577598922351191,-0.0003041841483340566,9.685486577463992e-05,2.235624192277807e-05,-0.0007426064707620094,0.0006494271149943885,0.0005400246746248656,0.0003616632106355011,-0.00018890107016890812,1.7204942852854706e-05,-5.1610337077895e-05,-0.0025872900408914937,0.0010843586491728985,0.00027757467861541326,0.0002051705393601358,0.0001436410642866147,0.0003895745697003673,-7.416633899294708e-05,-0.0004905157384706253,-0.0024716018193985346,0.00024359302177130406,-0.00034994721452034233,-0.00015341677784681357,0.00027190032773584524,-1.707488938467066e-05,0.0013727325180872452,2.2939661622483784e-05,-0.0006401582715336103,0.00024779447458159583,-2.9513095926562504e-05,-1.1001114952519573e-05,2.8258815296745405e-05
1,0.0012721070845455268,19.00845732863251,0.0006117297531332565,-0.00048106025205286025,-1.709128281578381e-05,-8.683857833360461e-05,-1.0499351349014934e-05,0.0015726231212398263,-0.000285190403451531,-0.00039242034901724906,0.00016942700342212902,-0.0001472486561415659,2.0120484320646366e-05,-5.982448919616313e-05,-0.0005142270230503583,0.00021390292446545097,6.2873254864455565e-06,0.00029707250254438117,-1.8243202424568103e-05,0.00012883064969180637,6.687804186627334e-05,0.00048477538172966134,-0.0012060381988737493,-0.0006259704433004675,0.00019449535983454393,0.0003454704283716914,-1.1073883350441531e-05,0.00010150011582226117,0.00011596038724504931,-0.00029927589863971575,-4.7033987657056076e-05,3.52782686762194e-05,-7.332146865502537e-06,6.147133619171775e-07,-5.165383290120406e-06,0.0009079410475458607,-9.814897812319878e-05,-2.6639364748412314e-05,-0.00024137302574831995,6.956973365718138e-05,4.200657501252046e-05,5.1250439957599864e-05
2,-0.00025844558554883164,0.0006117297531332565,7.427719708762231,-0.00013651404855002263,7.039745863948685e-06,5.2950359609969054e-05,3.1092063126279126e-05,-5.209409962214173e-05,0.0005847080614772606,-7.388503971514338e-05,8.178628063026469e-05,-0.00010284226878271012,8.876199697650367e-05,4.6217183840721476e-05,-0.0005701276222174854,-0.000635916788863224,0.0004964987316352672,-5.226654102490113e-05,-9.57280677423533e-05,5.6958522557057954e-05,1.3564611171675883e-05,-0.0005077550136520218,1.6218822738395295e-05,0.0002524021269305938,-0.00028542062952872926,5.773269313360745e-05,-3.0473032922181885e-05,2.5341436171869066e-05,0.0005757231858744159,0.0002569620184007924,0.00019619436583368955,-5.559588682703136e-05,3.266151772781361e-05,-2.6177801363468124e-05,1.9387373104518844e-05,-0.000746243076087117,0.0005472766622960243,-2.8155930745808327e-05,-0.0003570160146347807,-2.683578062701601e-05,7.045142038256683e-05,-9.146601405673592e-06
3,0.00044123796284459293,-0.00048106025205286025,-0.00013651404855002263,2.9004369008462083,-3.8289255246762595e-05,2.4362789198774035e-05,-1.8588274758672258e-05,-0.0006270567395658613,-0.00023747965565156957,6.89203402688222e-07,-0.00012615833713484773,0.00012657667369565882,2.7952205707092713e-06,-1.450903983065444e-05,0.00033075339437724623,4.956784726357182e-05,5.268871735169466e-05,4.329224589992986e-05,-4.580452923395609e-06,1.2646586053163396e-05,1.2277109764964389e-05,-0.000744487864168682,0.00018389143181623055,-6.733170888252075e-05,1.8870085720304726e-05,5.306601648800869e-05,-3.6398392642688544e-05,-5.3416523697176944e-05,0.0002777837460805198,0.00016753133362698455,-0.00017620430611072472,-7.247519086067953e-05,-3.487246402936416e-05,-4.860324496350242e-05,1.1585701521383563e-05,0.00025628275638627006,-0.0001964151119799812,0.00012259413712437873,4.887678754391918e-05,4.880205002205074e-05,-3.7491892101285466e-05,-1.2693792469263704e-07
4,0.00010396735343894746,-1.709128281578381e-05,7.039745863948685e-06,-3.8289255246762595e-05,1.072284286909787,-1.0151477046557713e-05,6.164175388157746e-06,-5.852121809692222e-07,-2.417134452772483e-05,0.0002210852348824402,-2.103246488404602e-05,1.592774780260498e-05,-8.9324536725865e-06,-1.8288684261665834e-05,7.924425318255949e-05,-0.00015335072587963408,-2.899760602206102e-05,0.00015323659412689287,1.6937580258711937e-05,-2.7651475742338712e-05,-2.480515411102523e-06,-0.0001261690899264475,-0.0003459145019320875,2.8888066996608702e-05,-5.84457253020077e-05,-4.3204517042353e-06,-6.809483433466328e-06,-1.1479991881108495e-05,-4.316487670245705e-06,0.00020417877089194106,1.095849353652634e-05,6.324711848657336e-05,3.007921752390806e-06,9.856022170617698e-06,3.0766053067795806e-06,0.00014089090948483728,0.00013231406601329958,-0.00010256187093469194,7.734009609265768e-05,1.919255263514864e-05,2.81704917602421e-05,-1.3192702003466515e-05
5,-0.0001343946486659871,-8.683857833360461e-05,5.2950359609969054e-05,2.4362789198774035e-05,-1.0151477046557713e-05,0.3120261029716048,2.2342483373996027e-06,-0.00024024224116694212,8.430344579022905e-05,-2.352975934101325e-05,2.3262759534000014e-05,1.7823200287963144e-05,-5.0141148082479514e-06,2.028492194791656e-06,0.00018049434597695925,0.00017693210526184994,-3.1877001389091194e-05,-3.222701368461701e-05,7.81906795523494e-06,-9.297743978421008e-06,-4.20598076925857e-06,0.00010113961448453897,-3.0446517443582403e-05,3.257211848057955e-05,-1.6364418727101994e-05,2.2658061535953085e-06,-2.2425401861450607e-06,2.9148644891004916e-06,-2.689364936313617e-05,3.202760921905593e-05,3.7204768536645136e-05,2.1090128540494658e-05,-1.7921595491453603e-05,-5.017515769739549e-06,5.890806959567923e-06,-0.00014049614593810258,4.195183665680476e-06,1.7339255980644475e-05,2.7937240221669536e-05,3.5586776422181854e-06,-9.188937230079861e-07,-2.349317659792245e-06
6,-0.00012271245058652051,-1.0499351349014934e-05,3.1092063126279126e-05,-1.8588274758672258e-05,6.164175388157746e-06,2.2342483373996027e-06,0.17500793943022352,5.687603971252319e-05,4.412974472997365e-06,6.256766574191103e-05,1.5377617550376927e-05,-1.6075485351040938e-05,-3.791980399653137e-06,-6.087477112703773e-06,-7.97279168814802e-05,2.1442250919398106e-05,1.9403909441590205e-05,2.5737488845022155e-05,5.283191138889928e-06,7.373844906068604e-06,2.6733310982773883e-06,-0.00013994872496486785,1.4289779847223026e-05,4.394227380835597e-05,2.6808673139094556e-05,-4.981183725983637e-06,-1.2753556176968334e-06,1.9235578125315263e-06,0.00016202101977153197,-1.586645112448829e-05,-3.319053278821476e-06,2.77977764586414e-05,1.3381251120153176e-05,-1.1534675041518202e-06,-2.555858078678575e-06,-6.242920304115397e-05,-9.69561230184435e-06,1.6533541420747336e-05,-2.2026842393940508e-05,1.8571391014014775e-05,-6.7996070072358485e-06,8.94571252379205e-07
7,-0.0020068111382098392,0.0015726231212398263,-5.209409962214173e-05,-0.0006270567395658613,-5.852121809692222e-07,-0.00024024224116694212,5.687603971252319e-05,61.507194954579745,5.12422913707399e-05,0.000836127463074992,0.00016852222007093876,-1.6987554251750386e-05,0.0002873693597763597,-0.000137123256852595,-0.0011703155887338426,0.00014125606777184505,-0.0002669980468834821,-0.0005572770933787825,-0.00014596495951300396,-0.00011687276890012173,-7.356430502849843e-05,0.0032454910087392785,0.001332175786401271,-8.854879914432829e-05,-0.0003011899283366416,-6.677217462608368e-05,-7.371338866079469e-05,0.00020582271951724354,0.002203281725327827,0.00012031880034987456,-0.0009260230707244695,-0.00013897872329813853,-4.3726886630773345e-05,0.0001436984663734064,-6.926679870257528e-05,0.00048729889481309444,-0.0015264467975014736,-0.00020444201651995673,-0.0005780975748424933,0.00032326675668676555,0.00012325482065403192,-8.342285717865755e-05
8,0.0005965345203214667,-0.000285190403451531,0.0005847080614772606,-0.00023747965565156957,-2.417134452772483e-05,8.430344579022905e-05,4.412974472997365e-06,5.12422913707399e-05,26.697365395446127,0.0004979285594376552,0.00023156668762208479,-2.171526735510023e-06,0.00015725694018885696,-0.000139982054120622,-0.001378684467315415,-2.5488549323124885e-06,0.000584245339642627,-0.0002076618933408583,-0.00020744964641760554,-5.5654899248214466e-05,5.5956755265148895e-05,-0.00021568154963710575,-0.000559884043826696,0.0002827923224178793,4.705687812072355e-05,1.9550845134978662e-06,-0.00010099820906244769,-5.788337334097244e-05,-0.00042013328513789935,0.0003470708170737595,0.00040852438102396407,-0.00043245502725862173,-0.00010883485805272469,3.5710071990890295e-05,4.167689184409011e-06,0.0009789529882041278,0.0007436523986553241,-0.0008928573004903825,0.0001853600397350716,0.00019915037941855066,-6.183202278494198e-05,-2.3034435630549354e-05
9,-0.0004612146497428047,-0.00039242034901724906,-7.388503971514338e-05,6.89203402688222e-07,0.0002210852348824402,-2.352975934101325e-05,6.256766574191103e-05,0.000836127463074992,0.0004979285594376552,10.229570831242754,-0.0003713846978728482,0.00010621275660418774,9.196781062348383e-05,5.141881244374913e-05,0.000285197310374365,5.214292814814715e-05,-0.00040849022105013264,-0.000140422458889207,-3.19964458011146e-05,2.232849485559665e-05,1.5094316452314358e-05,0.00011922389104770363,6.066466362668969e-05,0.000552666911145097,-1.321458568929854e-05,-6.519705963148328e-05,4.537843658007666e-06,1.0691000813779487e-06,0.0003065547317857975,4.010464808264817e-05,0.0005514264991534223,0.00011667099856027421,7.655204812850682e-05,3.4569306484406905e-05,-3.497309458823811e-05,2.16305979841923e-05,-0.0002540476115856287,0.00027676910257344356,3.880867575414892e-06,5.382105721721207e-05,-7.233458539601743e-05,-5.106394160527483e-06
10,-0.0009577598922351191,0.00016942700342212902,8.178628063026469e-05,-0.00012615833713484773,-2.103246488404602e-05,2.3262759534000014e-05,1.5377617550376927e-05,0.00016852222007093876,0.00023156668762208479,-0.0003713846978728482,4.147080130647682,-3.5932653930858e-05,1.7681616952282097e-05,-1.8750518051040754e-05,0.0005128147794591259,-8.359091660125894e-05,9.127884657653418e-05,1.948245545680309e-05,-0.00013437995157843487,-2.14629617257432e-05,-4.44604325994677e-06,-0.000319820343206414,0.0003278208491284651,3.8757520906335565e-05,6.396012085416651e-05,-4.060983026072844e-05,-1.0667853580533578e-05,-5.951499923310628e-06,7.967154884165043e-05,0.00015143470602979242,-0.00015931851301018076,-4.175994531664931e-05,-6.109007712501263e-05,1.6883017165871864e-05,2.8048022516901517e-05,-0.000852624807105427,-0.0008232421188027612,-3.77017213417098e-05,-0.00012385824940316272,-2.4881723754412658e-05,-3.426669387111166e-05,1.9622130504235554e-05
11,-0.0003041841483340566,-0.0001472486561415659,-0.00010284226878271012,0.00012657667369565882,1.592774780260498e-05,1.7823200287963144e-05,-1.6075485351040938e-05,-1.6987554251750386e-05,-2.171526735510023e-06,0.00010621275660418774,-3.5932653930858e-05,1.5297385571013198,1.8569931720342376e-05,-2.1712978858652813e-05,0.0001920686277768765,-4.4419359227435805e-05,0.00010790798881221318,-7.01570647254816e-05,2.1409202207501683e-05,-2.1771112542138127e-05,1.7326659580626407e-05,-1.2680523024328116e-06,-7.565953903405455e-05,-0.00023148493410692853,0.00010639459148330179,1.080963094493653e-05,1.1980237085428159e-05,1.164194170234347e-05,-0.0006187710939212901,6.029804130887484e-05,0.00010083439715392312,-2.261409740678156e-05,3.388955159414298e-05,3.207455560502015e-05,6.651358452891815e-06,0.00016600833453210892,-2.076142493825403e-05,2.3851068123877856e-05,2.0785471478888054e-05,-4.097093830002282e-05,5.510054298739717e-06,-2.387397651297547e-06
12,9.685486577463992e-05,2.0120484320646366e-05,8.876199697650367e-05,2.7952205707092713e-06,-8.9324536725865e-06,-5.0141148082479514e-06,-3.791980399653137e-06,0.0002873693597763597,0.00015725694018885696,9.196781062348383e-05,1.7681616952282097e-05,1.8569931720342376e-05,0.5113639812046964,5.344944329846895e-06,-5.395207507884273e-05,-0.00011431693086070677,-6.5648826173995865e-06,-4.8019157840722625e-05,2.3336606809761227e-05,5.336096365314852e-06,-4.274296376826118e-06,0.00019285951817653814,8.120923842638205e-05,-5.8779701108760215e-06,9.822147042574953e-06,-5.239254444999721e-06,2.8196430616570304e-05,2.4980212627728916e-06,-9.241689726414165e-05,-1.981567274663519e-05,-2.2294900051122357e-05,5.016723072803154e-05,4.751210745005177e-06,-7.824457597682206e-06,-1.3372706555411045e-05,2.9410741230668113e-05,-4.073174459385867e-05,6.196678346914166e-05,-5.1827577916658454e-05,-4.653509864490061e-05,-7.3113383811810025e-06,4.31713515074924e-06
13,2.235624192277807e-05,-5.982448919616313e-05,4.6217183840721476e-05,-1.450903983065444e-05,-1.8288684261665834e-05,2.028492194791656e-06,-6.087477112703773e-06,-0.000137123256852595,-0.000139982054120622,5.141881244374913e-05,-1.8750518051040754e-05,-2.1712978858652813e-05,5.344944329846895e-06,0.1805064089313029,1.377229980687012e-05,4.6539083952280365e-05,-3.4238046835591185e-05,3.761309899935094e-05,-4.809976870081438e-06,4.806595662121635e-06,2.558418125527869e-06,-1.9090078874162056e-05,-8.266438563655744e-06,3.0680586023215005e-05,3.767996179862074e-05,-8.883022675310725e-06,2.422552367976053e-06,5.652247280046466e-06,-8.34067386127898e-05,8.054623755821851e-06,9.172504821558601e-07,-4.773920626049529e-06,-2.238130814450263e-05,-3.926943558778085e-06,-7.369885673644509e-08,-0.00011566312186803263,2.1376521668614824e-05,2.2481707476701253e-05,2.886027771101813e-05,-1.309988082628266e-05,-3.4161965958643396e-06,-1.2105514039282351e-06
14,-0.0007426064707620094,-0.0005142270230503583,-0.0005701276222174854,0.00033075339437724623,7.924425318255949e-05,0.00018049434597695925,-7.97279168814802e-05,-0.0011703155887338426,-0.001378684467315415,0.000285197310374365,0.0005128147794591259,0.0001920686277768765,-5.395207507884273e-05,1.377229980687012e-05,47.42192184828059,0.001021305281930406,0.00036058599328760344,0.0003016844683457379,-0.00023877439088334037,9.765781068224263e-05,-9.05557367303497e-05,-0.0013536438213991274,0.0022891683981420773,-3.483648011840247e-05,0.00018565591240265341,3.0557538166349573e-06,5.502067385859837e-06,-5.920105235309491e-05,-0.0025078647827883383,0.0006103597504620988,-5.842939496709496e-05,-0.00042964495953128404,-9.60348385830955e-05,-9.501807921328508e-05,-6.263888012936288e-05,0.001871202397392845,0.0005185812903814204,-0.0005096504125626297,-0.00043023249478397156,-0.00013078561332972781,-0.00014395801671607207,-3.536410206901876e-05
15,0.0006494271149943885,0.00021390292446545097,-0.000635916788863224,4.956784726357182e-05,-0.00015335072587963408,0.00017693210526184994,2.1442250919398106e-05,0.00014125606777184505,-2.5488549323124885e-06,5.214292814814715e-05,-8.359091660125894e-05,-4.4419359227435805e-05,-0.00011431693086070677,4.6539083952280365e-05,0.001021305281930406,18.00377674524985,-0.00021117430027526804,-5.373581950020454e-05,-2.8730916785411948e-05,-0.0002638587503450206,6.861979348883036e-05,0.00037434725829166754,-0.00026812817464231023,-0.00035046590077665335,0.00012831834572355958,-1.901105512177439e-05,7.45493193268981e-05,2.7859250980178455e-05,-0.0009047690908365796,0.0006440545487829472,0.00042946746969740787,-9.083615690452436e-05,0.00020560113344473605,4.403988045901324e-05,2.8764609816076316e-05,1.6482235959691672e-05,0.00018905776124477326,-0.00011468291551424349,8.036307742253667e-05,7.360465549851805e-05,-4.064653404129134e-05,-2.0721074630694013e-05
16,0.0005400246746248656,6.2873254864455565e-06,0.0004964987316352672,5.268871735169466e-05,-2.899760602206102e-05,-3.1877001389091194e-05,1.9403909441590205e-05,-0.0002669980468834821,0.000584245339642627,-0.00040849022105013264,9.127884657653418e-05,0.00010790798881221318,-6.5648826173995865e-06,-3.4238046835591185e-05,0.00036058599328760344,-0.00021117430027526804,6.992086532940935,-0.0002860988472848873,-2.747331114419195e-05,3.6355050986202465e-06,-2.564508765421618e-06,0.00015537779810461996,-0.00012342610941774623,0.0003153251531422326,-0.00024621261953466114,-4.625472840148769e-05,-0.00011642581699797136,4.399364441301071e-05,-0.00016591123760949602,0.0002361726039522047,-0.00034240740434249474,9.752949313917576e-06,0.00012168074883341166,6.845698845479418e-05,2.8181864514607195e-06,-0.0002812700981387122,-0.00044278392346723484,-0.0005817964870992344,-3.5287237867444535e-05,5.6087733145176396e-06,1.771913467923498e-05,3.389593698721502e-05
17,0.0003616632106355011,0.00029707250254438117,-5.226654102490113e-05,4.329224589992986e-05,0.00015323659412689287,-3.222701368461701e-05,2.5737488845022155e-05,-0.0005572770933787825,-0.0002076618933408583,-0.000140422458889207,1.948245545680309e-05,-7.01570647254816e-05,-4.8019157840722625e-05,3.761309899935094e-05,0.0003016844683457379,-5.373581950020454e-05,-0.0002860988472848873,2.6900902454910804,6.158123754777103e-06,-2.4741318479568766e-05,2.4835790432334747e-05,0.0003844928585011244,0.00016850695405041125,-0.00014245226803385143,-6.029808480582493e-05,6.415539992184728e-06,2.21104444312634e-06,-4.029662650437578e-06,0.00026768144779206875,-0.00024189408171666272,0.0001229812905061769,1.3180691277125487e-05,-2.5017574760899252e-05,-2.8551673894121907e-05,-3.805846013616315e-06,-2.8413146913157384e-05,0.00040298465482882745,-5.8462074062290084e-05,-0.00012378986443728026,-2.547610805687883e-05,-1.0649292082018315e-05,8.157259210671199e-06
18,-0.00018890107016890812,-1.8243202424568103e-05,-9.57280677423533e-05,-4.580452923395609e-06,1.6937580258711937e-05,7.81906795523494e-06,5.283191138889928e-06,-0.00014596495951300396,-0.00020744964641760554,-3.19964458011146e-05,-0.00013437995157843487,2.1409202207501683e-05,2.3336606809761227e-05,-4.809976870081438e-06,-0.00023877439088334037,-2.8730916785411948e-05,-2.747331114419195e-05,6.158123754777103e-06,0.9906666334733765,-1.3514922661938112e-05,-1.6368360474728802e-05,-7.202318584469204e-06,-0.00023320413542777,-3.2193201204593366e-05,9.431096247204517e-06,8.855375431420578e-06,5.633361005269032e-06,5.693533722200302e-07,0.0002729559192960212,8.357129781652753e-05,-7.409754682512657e-05,-3.3626685467948915e-05,5.737180889134657e-06,-1.388652379377109e-05,-1.4496762853903524e-05,-0.00015110249568669941,-2.4571062915952357e-06,6.038494491834008e-05,2.7107836107088126e-05,-2.076817550509625e-05,1.0675888981636794e-05,6.465065601505456e-06
19,1.7204942852854706e-05,0.00012883064969180637,5.6958522557057954e-05,1.2646586053163396e-05,-2.7651475742338712e-05,-9.297743978421008e-06,7.373844906068604e-06,-0.00011687276890012173,-5.5654899248214466e-05,2.232849485559665e-05,-2.14629617257432e-05,-2.1771112542138127e-05,5.336096365314852e-06,4.806595662121635e-06,9.765781068224263e-05,-0.0002638587503450206,3.6355050986202465e-06,-2.4741318479568766e-05,-1.3514922661938112e-05,0.3059262402478884,-3.39840329533789e-06,-0.0001897203923657068,-5.026555858162059e-05,5.830909320721226e-05,-1.6014719713569215e-05,-1.0829615622981721e-05,-5.993865228945486e-06,9.047821388584192e-06,0.00010211116825764847,-9.448781147271412e-05,-1.005321179376891e-05,-1.4501249020362435e-05,8.481579085733574e-06,-3.1642771563708167e-06,2.301546336789459e-06,5.444802797923281e-05,0.00017713874913907737,-7.48550641534298e-05,-2.2757860335311123e-05,1.1233134929624256e-05,-1.1785485129575805e-05,-6.839292369961432e-06
20,-5.1610337077895e-05,6.687804186627334e-05,1.3564611171675883e-05,1.2277109764964389e-05,-2.480515411102523e-06,-4.20598076925857e-06,2.6733310982773883e-06,-7.356430502849843e-05,5.5956755265148895e-05,1.5094316452314358e-05,-4.44604325994677e-06,1.7326659580626407e-05,-4.274296376826118e-06,2.558418125527869e-06,-9.05557367303497e-05,6.861979348883036e-05,-2.564508765421618e-06,2.4835790432334747e-05,-1.6368360474728802e-05,-3.39840329533789e-06,0.09277253715458082,-6.136891091344495e-05,7.031969860879442e-05,1.5534459789348556e-05,-2.8714600479490757e-05,6.301172814985047e-06,-6.691396437362765e-06,2.4673678780144678e-06,3.978425635371045e-06,1.865070291001065e-05,3.4908602123859234e-05,-2.0253182899720984e-05,-1.888359724783346e-05,-2.546633247328998e-06,7.927513620610661e-07,-3.182043851269135e-05,4.7043917996396425e-05,-3.5602194186017705e-06,-1.533401096424716e-06,9.876376696368283e-06,-2.34456136566697e-06,1.4709493181772282e-07
21,-0.0025872900408914937,0.00048477538172966134,-0.0005077550136520218,-0.000744487864168682,-0.0001261690899264475,0.00010113961448453897,-0.00013994872496486785,0.0032454910087392785,-0.00021568154963710575,0.00011922389104770363,-0.000319820343206414,-1.2680523024328116e-06,0.00019285951817653814,-1.9090078874162056e-05,-0.0013536438213991274,0.00037434725829166754,0.00015537779810461996,0.0003844928585011244,-7.202318584469204e-06,-0.0001897203923657068,-6.136891091344495e-05,53.2153957978778,-0.0011355546742610678,0.00014873559548927046,0.001070508324145196,-4.7422225648367966e-05,-2.130107016720852e-05,0.00016718031984732973,0.0014013364332372941,0.00018940133812097624,0.00030126710414472363,0.0007036524324295805,0.0001673993754002471,0.0002389026647823809,4.170263823273039e-05,6.520772108354926e-05,0.00013224754807864128,0.0009507575227381401,0.00015934830795169777,-0.0003334755034546624,-0.00010486648527358977,0.00011205499943348436
22,0.0010843586491728985,-0.0012060381988737493,1.6218822738395295e-05,0.00018389143181623055,-0.0003459145019320875,-3.0446517443582403e-05,1.4289779847223026e-05,0.001332175786401271,-0.000559884043826696,6.066466362668969e-05,0.0003278208491284651,-7.565953903405455e-05,8.120923842638205e-05,-8.266438563655744e-06,0.0022891683981420773,-0.00026812817464231023,-0.00012342610941774623,0.00016850695405041125,-0.00023320413542777,-5.026555858162059e-05,7.031969860879442e-05,-0.0011355546742610678,21.43319147844755,-7.047593140320644e-05,0.0002192193455172674,-0.00016638787168357058,-1.823452352802229e-05,5.36689840054444e-05,0.0014090294733367622,-9.790923166603061e-05,-0.00033123037565462417,-0.0003130420775306448,-0.00025358244209732037,0.00015724890120492782,-5.121251199595657e-05,-0.000590219654774815,0.0003374313113264802,0.000432886249563415,9.598547414243867e-05,-2.4881241084394223e-05,8.497223757390553e-05,-5.168970575531575e-05
23,0.00027757467861541326,-0.0006259704433004675,0.0002524021269305938,-6.733170888252075e-05,2.8888066996608702e-05,3.257211848057955e-05,4.394227380835597e-05,-8.854879914432829e-05,0.0002827923224178793,0.000552666911145097,3.8757520906335565e-05,-0.00023148493410692853,-5.8779701108760215e-06,3.0680586023215005e-05,-3.483648011840247e-05,-0.00035046590077665335,0.0003153251531422326,-0.00014245226803385143,-3.2193201204593366e-05,5.830909320721226e-05,1.5534459789348556e-05,0.00014873559548927046,-7.047593140320644e-05,8.029764385995081,5.837413284912331e-05,6.912180218471875e-05,-7.194867138431649e-05,-4.341057219405199e-05,6.224918539268648e-05,0.00010791965107110963,0.00013497495914969803,-0.00011266553866947463,0.00027191095344657234,-3.8563800440141384e-05,-1.2987143793816895e-05,-0.0009540512228930495,-0.0007412586384086526,0.0001581294861290579,-1.2292455228832193e-05,-7.386450901935806e-05,-2.34689964134078e-05,3.840675774811796e-05
24,0.0002051705393601358,0.00019449535983454393,-0.00028542062952872926,1.8870085720304726e-05,-5.84457253020077e-05,-1.6364418727101994e-05,2.6808673139094556e-05,-0.0003011899283366416,4.705687812072355e-05,-1.321458568929854e-05,6.396012085416651e-05,0.00010639459148330179,9.822147042574953e-06,3.767996179862074e-05,0.00018565591240265341,0.00012831834572355958,-0.00024621261953466114,-6.029808480582493e-05,9.431096247204517e-06,-1.6014719713569215e-05,-2.8714600479490757e-05,0.001070508324145196,0.0002192193455172674,5.837413284912331e-05,3.160884761061778,-6.61761878870695e-05,2.132268161440107e-05,-1.5332446342630638e-06,0.0004517739826359109,-0.00042121382505630754,0.0002581316052027079,3.1725605826807996e-05,-0.00013289550051656044,-2.45694941410228e-05,1.3125385534424896e-05,-7.430786459149451e-05,8.993831921989347e-05,-0.00011603492951586633,-9.55155968659532e-05,0.00016103461903182222,-5.5549818784749345e-05,-1.093835967093268e-06
25,0.0001436410642866147,0.0003454704283716914,5.773269313360745e-05,5.306601648800869e-05,-4.3204517042353e-06,2.2658061535953085e-06,-4.981183725983637e-06,-6.677217462608368e-05,1.9550845134978662e-06,-6.519705963148328e-05,-4.060983026072844e-05,1.080963094493653e-05,-5.239254444999721e-06,-8.883022675310725e-06,3.0557538166349573e-06,-1.901105512177439e-05,-4.625472840148769e-05,6.415539992184728e-06,8.855375431420578e-06,-1.0829615622981721e-05,6.301172814985047e-06,-4.7422225648367966e-05,-0.00016638787168357058,6.912180218471875e-05,-6.61761878870695e-05,1.18869629181566,-8.385603242113848e-07,1.4819261826971617e-07,0.00031284403611414656,-0.00012116503395664527,1.9594558132101126e-05,5.092790325487602e-05,2.647807941669988e-05,1.1250081582153731e-05,5.375343427853071e-06,8.401129975728195e-05,-0.00012107927125526808,-3.1901469744801954e-05,2.4015053992905222e-05,5.477492076752954e-05,5.513650847755321e-07,4.589183220653195e-06
26,0.0003895745697003673,-1.1073883350441531e-05,-3.0473032922181885e-05,-3.6398392642688544e-05,-6.809483433466328e-06,-2.2425401861450607e-06,-1.2753556176968334e-06,-7.371338866079469e-05,-0.00010099820906244769,4.537843658007666e-06,-1.0667853580533578e-05,1.1980237085428159e-05,2.8196430616570304e-05,2.422552367976053e-06,5.502067385859837e-06,7.45493193268981e-05,-0.00011642581699797136,2.21104444312634e-06,5.633361005269032e-06,-5.993865228945486e-06,-6.691396437362765e-06,-2.130107016720852e-05,-1.823452352802229e-05,-7.194867138431649e-05,2.132268161440107e-05,-8.385603242113848e-07,0.38922322994991737,1.052026790679808e-05,0.00013395026355330906,5.367792666179855e-05,-6.112243606157641e-08,-1.8871848204766172e-05,1.3724727380541328e-05,2.4456853900182094e-05,5.026745309583547e-06,0.0002068592036516264,-0.00010601841693394757,4.4069381545741224e-05,2.4832315832510768e-05,2.253662191495751e-05,-1.2697695674952598e-05,1.6250155591812046e-05
27,-7.416633899294708e-05,0.00010150011582226117,2.5341436171869066e-05,-5.3416523697176944e-05,-1.1479991881108495e-05,2.9148644891004916e-06,1.9235578125315263e-06,0.00020582271951724354,-5.788337334097244e-05,1.0691000813779487e-06,-5.951499923310628e-06,1.164194170234347e-05,2.4980212627728916e-06,5.652247280046466e-06,-5.920105235309491e-05,2.7859250980178455e-05,4.399364441301071e-05,-4.029662650437578e-06,5.693533722200302e-07,9.047821388584192e-06,2.4673678780144678e-06,0.00016718031984732973,5.36689840054444e-05,-4.341057219405199e-05,-1.5332446342630638e-06,1.4819261826971617e-07,1.052026790679808e-05,0.10430136269061985,-5.449992599522827e-05,-1.618654430493785e-05,4.561482189498214e-05,1.5536516572610755e-05,7.970374493892936e-06,2.3890673062217307e-06,1.5808575670987368e-06,2.0806079104843847e-05,-4.43634799103991e-05,-5.840543996946969e-06,6.969881878509258e-06,-1.935947988715363e-05,-9.875140227044074e-06,-3.142664343391347e-06
28,-0.0004905157384706253,0.00011596038724504931,0.0005757231858744159,0.0002777837460805198,-4.316487670245705e-06,-2.689364936313617e-05,0.00016202101977153197,0.002203281725327827,-0.00042013328513789935,0.0003065547317857975,7.967154884165043e-05,-0.0006187710939212901,-9.241689726414165e-05,-8.34067386127898e-05,-0.0025078647827883383,-0.0009047690908365796,-0.00016591123760949602,0.00026768144779206875,0.0002729559192960212,0.00010211116825764847,3.978425635371045e-06,0.0014013364332372941,0.0014090294733367622,6.224918539268648e-05,0.0004517739826359109,0.00031284403611414656,0.00013395026355330906,-5.449992599522827e-05,45.113824462284455,-0.0013913261302110343,0.00012415163920695188,0.00019546159519385722,-0.00021602426535507387,-0.00019851365979805757,9.336424455544233e-05,-0.0007638442693704285,0.0008758546718835117,0.0009275981726353542,0.0001267892725956255,0.0001765140769407725,6.679168225904852e-05,8.232928596786602e-05
29,-0.0024716018193985346,-0.00029927589863971575,0.0002569620184007924,0.00016753133362698455,0.00020417877089194106,3.202760921905593e-05,-1.586645112448829e-05,0.00012031880034987456,0.0003470708170737595,4.010464808264817e-05,0.00015143470602979242,6.029804130887484e-05,-1.981567274663519e-05,8.054623755821851e-06,0.0006103597504620988,0.0006440545487829472,0.0002361726039522047,-0.00024189408171666272,8.357129781652753e-05,-9.448781147271412e-05,1.865070291001065e-05,0.00018940133812097624,-9.790923166603061e-05,0.00010791965107110963,-0.00042121382505630754,-0.00012116503395664527,5.367792666179855e-05,-1.618654430493785e-05,-0.0013913261302110343,18.23650275776074,0.0005034189987774753,5.054938449813914e-05,5.5838277815505685e-06,9.430555750612083e-05,1.0798934313242263e-05,-0.0006934199395662573,0.000255833233713759,-0.0005660344243681794,0.00018049059564326415,9.938887223931606e-05,6.352320480000761e-05,-1.8174266227124946e-05
30,0.00024359302177130406,-4.7033987657056076e-05,0.00019619436583368955,-0.00017620430611072472,1.095849353652634e-05,3.7204768536645136e-05,-3.319053278821476e-06,-0.0009260230707244695,0.00040852438102396407,0.0005514264991534223,-0.00015931851301018076,0.00010083439715392312,-2.2294900051122357e-05,9.172504821558601e-07,-5.842939496709496e-05,0.00042946746969740787,-0.00034240740434249474,0.0001229812905061769,-7.409754682512657e-05,-1.005321179376891e-05,3.4908602123859234e-05,0.00030126710414472363,-0.00033123037565462417,0.00013497495914969803,0.0002581316052027079,1.9594558132101126e-05,-6.112243606157641e-08,4.561482189498214e-05,0.00012415163920695188,0.0005034189987774753,6.939704488024694,0.00017210525144473947,4.1784666136729604e-05,4.9957843723891727e-05,5.352164920646047e-05,-0.0009066871903699822,-0.0005711573008789625,-0.00013689956470641204,-3.1240090835291545e-05,7.099908545931737e-05,-7.893205054625895e-05,4.4118693693327675e-05
31,-0.00034994721452034233,3.52782686762194e-05,-5.559588682703136e-05,-7.247519086067953e-05,6.324711848657336e-05,2.1090128540494658e-05,2.77977764586414e-05,-0.00013897872329813853,-0.00043245502725862173,0.00011667099856027421,-4.175994531664931e-05,-2.261409740678156e-05,5.016723072803154e-05,-4.773920626049529e-06,-0.00042964495953128404,-9.083615690452436e-05,9.752949313917576e-06,1.3180691277125487e-05,-3.3626685467948915e-05,-1.4501249020362435e-05,-2.0253182899720984e-05,0.0007036524324295805,-0.0003130420775306448,-0.00011266553866947463,3.1725605826807996e-05,5.092790325487602e-05,-1.8871848204766172e-05,1.5536516572610755e-05,0.00019546159519385722,5.054938449813914e-05,0.00017210525144473947,2.627224118157986,1.8004516092224612e-05,4.753973150639088e-05,-4.7016736017266474e-07,-9.545641837051635e-05,-7.468195700316974e-06,-8.809462904979061e-05,-0.00011060853812902356,9.19720204866613e-05,-1.4259569590385075e-05,2.621518864689347e-05
32,-0.00015341677784681357,-7.332146865502537e-06,3.266151772781361e-05,-3.487246402936416e-05,3.007921752390806e-06,-1.7921595491453603e-05,1.3381251120153176e-05,-4.3726886630773345e-05,-0.00010883485805272469,7.655204812850682e-05,-6.109007712501263e-05,3.388955159414298e-05,4.751210745005177e-06,-2.238130814450263e-05,-9.60348385830955e-05,0.00020560113344473605,0.00012168074883341166,-2.5017574760899252e-05,5.737180889134657e-06,8.481579085733574e-06,-1.888359724783346e-05,0.0001673993754002471,-0.00025358244209732037,0.00027191095344657234,-0.00013289550051656044,2.647807941669988e-05,1.3724727380541328e-05,7.970374493892936e-06,-0.00021602426535507387,5.5838277815505685e-06,4.1784666136729604e-05,1.8004516092224612e-05,0.9751281786757164,3.921347777184834e-05,1.1607822196660702e-06,0.00020944511485989517,3.4072263899234566e-05,-0.00010095423219913341,-3.803240001093819e-05,4.016236744354e-05,1.3237735394653365e-05,-1.0346204733027095e-06
33,0.00027190032773584524,6.147133619171775e-07,-2.6177801363468124e-05,-4.860324496350242e-05,9.856022170617698e-06,-5.017515769739549e-06,-1.1534675041518202e-06,0.0001436984663734064,3.5710071990890295e-05,3.4569306484406905e-05,1.6883017165871864e-05,3.207455560502015e-05,-7.824457597682206e-06,-3.926943558778085e-06,-9.501807921328508e-05,4.403988045901324e-05,6.845698845479418e-05,-2.8551673894121907e-05,-1.388652379377109e-05,-3.1642771563708167e-06,-2.546633247328998e-06,0.0002389026647823809,0.00015724890120492782,-3.8563800440141384e-05,-2.45694941410228e-05,1.1250081582153731e-05,2.4456853900182094e-05,2.3890673062217307e-06,-0.00019851365979805757,9.430555750612083e-05,4.9957843723891727e-05,4.753973150639088e-05,3.921347777184834e-05,0.290202247819873,9.242968200937996e-06,5.991166836560379e-05,0.0001275494831427896,-9.405554443907529e-06,5.233276107082053e-05,7.23326118759239e-06,-7.780143905807708e-06,1.4134408690553644e-06
34,-1.707488938467066e-05,-5.165383290120406e-06,1.9387373104518844e-05,1.1585701521383563e-05,3.0766053067795806e-06,5.890806959567923e-06,-2.555858078678575e-06,-6.926679870257528e-05,4.167689184409011e-06,-3.497309458823811e-05,2.8048022516901517e-05,6.651358452891815e-06,-1.3372706555411045e-05,-7.369885673644509e-08,-6.263888012936288e-05,2.8764609816076316e-05,2.8181864514607195e-06,-3.805846013616315e-06,-1.4496762853903524e-05,2.301546336789459e-06,7.927513620610661e-07,4.170263823273039e-05,-5.121251199595657e-05,-1.2987143793816895e-05,1.3125385534424896e-05,5.375343427853071e-06,5.026745309583547e-06,1.5808575670987368e-06,9.336424455544233e-05,1.0798934313242263e-05,5.352164920646047e-05,-4.7016736017266474e-07,1.1607822196660702e-06,9.242968200937996e-06,0.07526512707668731,1.7339693922229646e-05,-4.885626772431662e-05,-3.774633755773268e-05,-1.5774345546510983e-05,-9.684726545181818e-06,-1.2249581410196745e-06,1.2731491789093486e-06
35,0.0013727325180872452,0.0009079410475458607,-0.000746243076087117,0.00025628275638627006,0.00014089090948483728,-0.00014049614593810258,-6.242920304115397e-05,0.00048729889481309444,0.0009789529882041278,2.16305979841923e-05,-0.000852624807105427,0.00016600833453210892,2.9410741230668113e-05,-0.00011566312186803263,0.001871202397392845,1.6482235959691672e-05,-0.0002812700981387122,-2.8413146913157384e-05,-0.00015110249568669941,5.444802797923281e-05,-3.182043851269135e-05,6.520772108354926e-05,-0.000590219654774815,-0.0009540512228930495,-7.430786459149451e-05,8.401129975728195e-05,0.0002068592036516264,2.0806079104843847e-05,-0.0007638442693704285,-0.0006934199395662573,-0.0009066871903699822,-9.545641837051635e-05,0.00020944511485989517,5.991166836560379e-05,1.7339693922229646e-05,48.47113567004094,-5.168358919869688e-05,3.4950243854795246e-05,-0.0006698695433375333,0.0003221879497422116,-4.344748201028092e-05,-8.179891278325552e-05
36,2.2939661622483784e-05,-9.814897812319878e-05,0.0005472766622960243,-0.0001964151119799812,0.00013231406601329958,4.195183665680476e-06,-9.69561230184435e-06,-0.0015264467975014736,0.0007436523986553241,-0.0002540476115856287,-0.0008232421188027612,-2.076142493825403e-05,-4.073174459385867e-05,2.1376521668614824e-05,0.0005185812903814204,0.00018905776124477326,-0.00044278392346723484,0.00040298465482882745,-2.4571062915952357e-06,0.00017713874913907737,4.7043917996396425e-05,0.00013224754807864128,0.0003374313113264802,-0.0007412586384086526,8.993831921989347e-05,-0.00012107927125526808,-0.00010601841693394757,-4.43634799103991e-05,0.0008758546718835117,0.000255833233713759,-0.0005711573008789625,-7.468195700316974e-06,3.4072263899234566e-05,0.0001275494831427896,-4.885626772431662e-05,-5.168358919869688e-05,19.917227001561063,-0.0005518926156879546,0.00010953925868355855,-0.0001203273879647839,3.2361749893586847e-05,-1.4181677427088809e-05
37,-0.0006401582715336103,-2.6639364748412314e-05,-2.8155930745808327e-05,0.00012259413712437873,-0.00010256187093469194,1.7339255980644475e-05,1.6533541420747336e-05,-0.00020444201651995673,-0.0008928573004903825,0.00027676910257344356,-3.77017213417098e-05,2.3851068123877856e-05,6.196678346914166e-05,2.2481707476701253e-05,-0.0005096504125626297,-0.00011468291551424349,-0.0005817964870992344,-5.8462074062290084e-05,6.038494491834008e-05,-7.48550641534298e-05,-3.5602194186017705e-06,0.0009507575227381401,0.000432886249563415,0.0001581294861290579,-0.00011603492951586633,-3.1901469744801954e-05,4.4069381545741224e-05,-5.840543996946969e-06,0.0009275981726353542,-0.0005660344243681794,-0.00013689956470641204,-8.809462904979061e-05,-0.00010095423219913341,-9.405554443907529e-06,-3.774633755773268e-05,3.4950243854795246e-05,-0.0005518926156879546,7.332266939914933,5.601171423216125e-05,7.809190162316107e-05,4.950061915576114e-05,8.330299563040307e-07
38,0.00024779447458159583,-0.00024137302574831995,-0.0003570160146347807,4.887678754391918e-05,7.734009609265768e-05,2.7937240221669536e-05,-2.2026842393940508e-05,-0.0005780975748424933,0.0001853600397350716,3.880867575414892e-06,-0.00012385824940316272,2.0785471478888054e-05,-5.1827577916658454e-05,2.886027771101813e-05,-0.00043023249478397156,8.036307742253667e-05,-3.5287237867444535e-05,-0.00012378986443728026,2.7107836107088126e-05,-2.2757860335311123e-05,-1.533401096424716e-06,0.00015934830795169777,9.598547414243867e-05,-1.2292455228832193e-05,-9.55155968659532e-05,2.4015053992905222e-05,2.4832315832510768e-05,6.969881878509258e-06,0.0001267892725956255,0.00018049059564326415,-3.1240090835291545e-05,-0.00011060853812902356,-3.803240001093819e-05,5.233276107082053e-05,-1.5774345546510983e-05,-0.0006698695433375333,0.00010953925868355855,5.601171423216125e-05,2.8725170633136403,-8.019109902569254e-06,-5.850330336350794e-05,-4.202031612162476e-06
39,-2.9513095926562504e-05,6.956973365718138e-05,-2.683578062701601e-05,4.880205002205074e-05,1.919255263514864e-05,3.5586776422181854e-06,1.8571391014014775e-05,0.00032326675668676555,0.00019915037941855066,5.382105721721207e-05,-2.4881723754412658e-05,-4.097093830002282e-05,-4.653509864490061e-05,-1.309988082628266e-05,-0.00013078561332972781,7.360465549851805e-05,5.6087733145176396e-06,-2.547610805687883e-05,-2.076817550509625e-05,1.1233134929624256e-05,9.876376696368283e-06,-0.0003334755034546624,-2.4881241084394223e-05,-7.386450901935806e-05,0.00016103461903182222,5.477492076752954e-05,2.253662191495751e-05,-1.935947988715363e-05,0.0001765140769407725,9.938887223931606e-05,7.099908545931737e-05,9.19720204866613e-05,4.016236744354e-05,7.23326118759239e-06,-9.684726545181818e-06,0.0003221879497422116,-0.0001203273879647839,7.809190162316107e-05,-8.019109902569254e-06,1.0813177559846783,-3.186283362449184e-05,2.4797964968403838e-05
40,-1.1001114952519573e-05,4.200657501252046e-05,7.045142038256683e-05,-3.7491892101285466e-05,2.81704917602421e-05,-9.188937230079861e-07,-6.7996070072358485e-06,0.00012325482065403192,-6.183202278494198e-05,-7.233458539601743e-05,-3.426669387111166e-05,5.510054298739717e-06,-7.3113383811810025e-06,-3.4161965958643396e-06,-0.00014395801671607207,-4.064653404129134e-05,1.771913467923498e-05,-1.0649292082018315e-05,1.0675888981636794e-05,-1.1785485129575805e-05,-2.34456136566697e-06,-0.00010486648527358977,8.497223757390553e-05,-2.34689964134078e-05,-5.5549818784749345e-05,5.513650847755321e-07,-1.2697695674952598e-05,-9.875140227044074e-06,6.679168225904852e-05,6.352320480000761e-05,-7.893205054625895e-05,-1.4259569590385075e-05,1.3237735394653365e-05,-7.780143905807708e-06,-1.2249581410196745e-06,-4.344748201028092e-05,3.2361749893586847e-05,4.950061915576114e-05,-5.850330336350794e-05,-3.186283362449184e-05,0.3428073271484169,-1.9175653339377874e-06
