index,0,1,2,3,4,5,6,7,8,9,10,11,12,13,14,15,16,17,18,19,20,21,22,23,24,25,26,27,28,29,30,31,32,33,34,35,36,37,38,39,40,41
0,66.0220257713702,0.0017451982024157368,-0.00034364492804800926,0.0005795950294967303,0.00015033172400055248,-0.000160024211204089,-0.0001513643199567171,-0.0027525702829283493,0.0007869199230595706,-0.0006368517366881754,-0.001267037828047759,-0.00040825325055273483,0.00012620297081528397,2.081147460532117e-05,-0.0010901345257682538,0.0008385621030283645,0.0007144498146777319,0.0004669760767439983,-0.00023800810086904868,5.388815047154391e-06,-5.5468467067290244e-05,-0.003577251676519476,0.0014666831234077273,0.0003815610122376397,0.00025356371430823734,0.00018792661052903766,0.0004642248691287851,-8.354886227984126e-05,-0.0005959795006439042,-0.003234396954377528,0.0002887427315175134,-0.0004225765932926627,-0.00018118451985258262,0.0003256300186428325,-1.8368760913967635e-05,0.002045611266006936,4.72144817714348e-05,-0.0008081723156995544,0.0003312476055468295,-4.5684747175353244e-05,-1.8714136379769837e-05,3.19966790705164e-05
1,0.0017451982024157368,26.31375598053108,0.000769401745733148,-0.0006567598200491777,-2.3202565531054006e-05,-9.249983608886383e-05,-9.794477468372236e-06,0.0021852186881884494,-0.000432438083404662,-0.0005252198921372205,0.00021348199764253912,-0.00018843033716626432,2.009165600718275e-05,-6.956653987425333e-05,-0.0008234546186394962,0.0002861911868872135,-1.992351760178756e-05,0.00040125203072248803,-1.9834185661533524e-05,0.00015362142811883403,7.892724961450719e-05,0.0006826353482084078,-0.0016749678708054294,-0.0008495245639918584,0.00025298816806850675,0.0004343935288695943,-1.1915065976600778e-05,0.00011211578454309022,0.00012396548834903064,-0.00040828026544337953,-6.079161634575518e-05,3.391919511205466e-05,-6.213669940011493e-06,3.504064383675161e-07,-2.560468805358854e-06,0.0012766797644718035,-7.51806678797202e-05,-1.5302176296569215e-05,-0.00031802305777813705,8.872089602626376e-05,4.5704053555733146e-05,5.7317416677138045e-05
2,-0.00034364492804800926,0.000769401745733148,9.566247812829081,-0.00019432609355703236,5.7691817475596395e-06,5.950444109248494e-05,3.218400436374432e-05,-0.00012679771626683192,0.0007375177345982418,-8.600039595447303e-05,9.807280285711397e-05,-0.00012516767497228293,0.00010370069196902474,5.26097155212908e-05,-0.0007292507078113325,-0.0008571153196567737,0.0006489285698288654,-6.937450238234292e-05,-0.00011761036077082755,6.276606902102552e-05,1.7670893594242254e-05,-0.0006849489857596142,-4.422011310674472e-06,0.0003155880906838383,-0.0003693654795318565,7.364736428799779e-05,-3.627169597978905e-05,2.87051972422792e-05,0.0007931103290737613,0.00032744157052166174,0.0002468700346038616,-7.285575337534055e-05,3.47111972224819e-05,-2.8558057838705965e-05,1.9615743354373015e-05,-0.0009957361327395157,0.0007015524690461136,-4.9703788498897606e-05,-0.0004450795315910795,-3.485062925475323e-05,7.951105458254811e-05,-1.2447424980500333e-05
3,0.0005795950294967303,-0.0006567598200491777,-0.00019432609355703236,3.6542505456759433,-4.7755090828948434e-05,2.62190850865582e-05,-2.1769691403804216e-05,-0.000850318966307765,-0.00030179712996257995,-4.9820479181776375e-06,-0.00015693382679825011,0.00015697082841214944,1.561748607529768e-06,-1.5830135569131722e-05,0.0004506208601692814,5.920017459388564e-05,6.066984891348723e-05,5.5155000770589406e-05,-6.317010921762769e-06,1.3556836341108486e-05,1.291766152105829e-05,-0.001003753013415367,0.00022011052860764,-9.05094701317234e-05,2.1631387331937726e-05,6.421873813832095e-05,-4.283751753106006e-05,-5.6702919735195075e-05,0.00036451231859732565,0.0002295313704739528,-0.00022146806715435524,-9.184822990504389e-05,-4.113301258850191e-05,-5.448001802412719e-05,1.2664228700677751e-05,0.0002976748579247047,-0.0002649401142560943,0.00015944486098367779,5.835208443119306e-05,5.573853475050202e-05,-4.075709993248947e-05,-1.1889125099454606e-06
4,0.00015033172400055248,-2.3202565531054006e-05,5.7691817475596395e-06,-4.7755090828948434e-05,1.2469246388926822,-1.1076275441727427e-05,6.2546454019340606e-06,-2.3165110638942256e-06,-1.3624308516684644e-05,0.00028382454656879853,-2.9874888874369013e-05,1.8468478751811097e-05,-9.878009820181856e-06,-1.8980536346121834e-05,9.353258746948393e-05,-0.00019345200222102349,-3.965526590456335e-05,0.00018337324548325552,2.0382450131028723e-05,-2.9244264613615663e-05,-2.6120970822997914e-06,-0.00014287661555707973,-0.00043434749891470785,3.283341170543736e-05,-7.169971898034097e-05,-1.999836325253648e-06,-5.836721623209178e-06,-1.2042485109277161e-05,-2.2817097862406304e-05,0.00025461193341793476,1.2229661236901115e-05,7.413252785593054e-05,2.632858249601899e-06,1.0075437842217255e-05,3.3275573203507202e-06,0.00020656269069071727,0.00016595035677989572,-0.00012127262319111918,9.10806419784066e-05,1.8561584613850098e-05,3.060592774793322e-05,-1.332750705811467e-05
5,-0.000160024211204089,-9.249983608886383e-05,5.950444109248494e-05,2.62190850865582e-05,-1.1076275441727427e-05,0.31195201458014227,2.124109280857252e-06,-0.0002784086543580296,9.482452287974108e-05,-2.68216234315513e-05,2.4412453762652283e-05,1.9198638846725335e-05,-5.214789689859683e-06,1.9364813867091407e-06,0.00022312590157685114,0.0002067899482272208,-3.72364070278056e-05,-3.346332356951569e-05,9.037817124241205e-06,-9.856237158586872e-06,-4.3878190387785744e-06,0.00011598700262427853,-3.1110881490239355e-05,4.397538895654424e-05,-1.9304310340043106e-05,1.2081257132372583e-06,-2.5252020356142372e-06,3.097342729820143e-06,-3.6459313168807135e-05,3.57919204669301e-05,4.223658865501612e-05,2.3466646932590094e-05,-1.969767909571712e-05,-5.238450855703995e-06,4.783927174480548e-06,-0.0001648882289808943,5.972165919965013e-06,2.0503738322044683e-05,3.0175443389338525e-05,2.7224357337339772e-06,-1.4787450134358652e-06,-1.647054018851324e-06
6,-0.0001513643199567171,-9.794477468372236e-06,3.218400436374432e-05,-2.1769691403804216e-05,6.2546454019340606e-06,2.124109280857252e-06,0.17438148082821162,6.427380308154137e-05,4.130916440514414e-06,7.470265257109428e-05,1.7592327449050805e-05,-1.7613406630800916e-05,-3.907833205570384e-06,-5.726206542243262e-06,-9.244027992679815e-05,2.8880986729268166e-05,2.0922482737721982e-05,2.9118669005465478e-05,5.599436232335569e-06,7.4443050386294114e-06,2.758232143965988e-06,-0.00016973165429608517,1.795223144596759e-05,5.2945990427496204e-05,2.959368375222391e-05,-5.13366878339765e-06,-1.5964866356389582e-06,1.6422492642767783e-06,0.00018790081108902248,-1.7740865529775607e-05,-4.918749448223415e-06,2.8684739336851884e-05,1.4284523111548488e-05,-1.408991114210413e-06,-2.5897390980667425e-06,-7.856270436406103e-05,-1.1513119045592728e-05,1.8921085918473115e-05,-2.4441372439068635e-05,1.977039450236546e-05,-6.708025521452423e-06,8.254088354809948e-07
7,-0.0027525702829283493,0.0021852186881884494,-0.00012679771626683192,-0.000850318966307765,-2.3165110638942256e-06,-0.0002784086543580296,6.427380308154137e-05,87.42840654351933,6.630947472455671e-06,0.0012160661988826745,0.0002301922255926979,-1.2026212303531527e-05,0.0003514622639529775,-0.0001666939114434885,-0.0016528604016668273,0.00016919503478026384,-0.0003740022875543389,-0.0007080305742931518,-0.00018287546684821575,-0.00014348806573750313,-8.52932296182301e-05,0.004444326733641605,0.0018738403720231975,-0.00010567168512960454,-0.00041410312229106196,-8.383766777762784e-05,-9.565830703231384e-05,0.00023911493387381976,0.0031911553139319336,0.0001206243047515426,-0.0012999848854213453,-0.0001616383036268205,-4.970052770091487e-05,0.00016853003650950596,-7.42666859481718e-05,0.0006779414130530633,-0.0019370653271916754,-0.00029353953315803,-0.0007565037553070405,0.000399028107428436,0.00015512021407310087,-9.41107588880579e-05
8,0.0007869199230595706,-0.000432438083404662,0.0007375177345982418,-0.00030179712996257995,-1.3624308516684644e-05,9.482452287974108e-05,4.130916440514414e-06,6.630947472455671e-06,35.73431769580772,0.0007002379607306094,0.00030120434547399697,1.102375831080556e-07,0.00019467535696809544,-0.00016080950401146165,-0.00195585606373322,3.531880261966122e-05,0.0007750186148051293,-0.00024466816618171566,-0.00025491630089585955,-6.143005269131957e-05,5.5285144363853124e-05,-0.0002018118860615193,-0.0007936433486311094,0.00036091024068256544,5.274409798934573e-05,6.985179921803902e-06,-0.0001115922127247814,-6.411818524959173e-05,-0.0006394345717669856,0.0005003288256567863,0.0005243412387530735,-0.000553077295661742,-0.0001272288880137858,4.5657260956018025e-05,5.1117592815003465e-06,0.0014349871914784583,0.0009537261409975972,-0.0011666000230320525,0.00022710305316035376,0.00023231038117926814,-7.198504005838643e-05,-2.6184341376727205e-05
9,-0.0006368517366881754,-0.0005252198921372205,-8.600039595447303e-05,-4.9820479181776375e-06,0.00028382454656879853,-2.68216234315513e-05,7.470265257109428e-05,0.0012160661988826745,0.0007002379607306094,13.966413666631585,-0.0004947956222296794,0.00013288811953255094,0.00011348442364064969,6.294644110992768e-05,0.0003552080598657129,5.44995194040591e-05,-0.0005412649861430501,-0.00018009173741487673,-4.358431588451628e-05,2.560865316098747e-05,1.8283102388609683e-05,0.00017398781520961467,0.00010514583457319501,0.0007558523950621319,-4.109695762537398e-05,-7.919295566809212e-05,5.980127849739713e-06,-5.340816686546222e-07,0.00044018721209726947,6.424871631762942e-05,0.000726225116578336,0.00014767486368953835,9.161014167156989e-05,4.336605727393442e-05,-4.122999237436402e-05,-2.813857260060866e-06,-0.00034334638752450794,0.0003671292814467504,8.34997255017028e-06,6.84360018584384e-05,-8.477111222426564e-05,-4.421547018519013e-06
10,-0.001267037828047759,0.00021348199764253912,9.807280285711397e-05,-0.00015693382679825011,-2.9874888874369013e-05,2.4412453762652283e-05,1.7592327449050805e-05,0.0002301922255926979,0.00030120434547399697,-0.0004947956222296794,5.132420502513992,-3.839547513514664e-05,1.695880631325685e-05,-2.247121113194198e-05,0.0006784922444059989,-0.0001027835678541596,0.00012628239186055287,2.0434832198389482e-05,-0.00015854976834059676,-2.146873483531555e-05,-3.625657313209749e-06,-0.00041062171028828886,0.0004366799530616016,5.97081430398256e-05,8.220216478665564e-05,-4.329441726225112e-05,-1.3917341493673851e-05,-5.259603291033642e-06,0.00011923377926636306,0.00018247396023249925,-0.00018769041183390605,-5.098768585781409e-05,-7.275174495010323e-05,1.7173063627669326e-05,2.8318970865986857e-05,-0.0011083265066643916,-0.001049448544220102,-5.08576548893127e-05,-0.00015661224308794716,-2.7106154569819964e-05,-3.659415457952233e-05,2.115068846401294e-05
11,-0.00040825325055273483,-0.00018843033716626432,-0.00012516767497228293,0.00015697082841214944,1.8468478751811097e-05,1.9198638846725335e-05,-1.7613406630800916e-05,-1.2026212303531527e-05,1.102375831080556e-07,0.00013288811953255094,-3.839547513514664e-05,1.8196545999056235,2.15335081480144e-05,-2.3702823651088804e-05,0.0002659745140176991,-4.821500286435719e-05,0.00012468240150322976,-8.298912273490292e-05,2.4683358905836207e-05,-2.303317594665909e-05,1.9285013202177943e-05,9.50701894037532e-06,-8.611931792457842e-05,-0.0002970041310248951,0.00013785212065694935,1.3102183241841322e-05,1.3304835387002914e-05,1.3098422540644716e-05,-0.0008062289527080856,7.99324291364795e-05,0.00012608492637117762,-2.765413852011596e-05,3.783282419038814e-05,3.49450383565271e-05,5.9670751924196e-06,0.00023065344751742252,-2.5673783233027696e-05,2.916669438420434e-05,2.281806592025084e-05,-4.604083295854825e-05,7.258984635021503e-06,-2.2197308456885646e-06
12,0.00012620297081528397,2.009165600718275e-05,0.00010370069196902474,1.561748607529768e-06,-9.878009820181856e-06,-5.214789689859683e-06,-3.907833205570384e-06,0.0003514622639529775,0.00019467535696809544,0.00011348442364064969,1.695880631325685e-05,2.15335081480144e-05,0.5526635327110082,6.989801296499572e-06,-6.23617741353343e-05,-0.00013772530099317632,-9.15814976919676e-06,-5.4255806377051715e-05,2.7920184165515202e-05,5.38888230318526e-06,-4.550171618702773e-06,0.00023647816848282468,9.878618058322955e-05,-5.225381370204536e-06,1.0525157912215707e-05,-6.6187479247091475e-06,2.8958852690820116e-05,2.099534114516364e-06,-0.0001167777065280929,-2.5022450240091204e-05,-2.7155499575953393e-05,5.504864798748896e-05,5.434540808010358e-06,-8.534977827539274e-06,-1.3087306235140084e-05,1.9613580913106013e-05,-4.72094676987302e-05,7.206013251042461e-05,-6.016591889276396e-05,-5.01907445525015e-05,-8.66143932004031e-06,4.770408831700621e-06
13,2.081147460532117e-05,-6.956653987425333e-05,5.26097155212908e-05,-1.5830135569131722e-05,-1.8980536346121834e-05,1.9364813867091407e-06,-5.726206542243262e-06,-0.0001666939114434885,-0.00016080950401146165,6.294644110992768e-05,-2.247121113194198e-05,-2.3702823651088804e-05,6.989801296499572e-06,0.18218692410355686,8.818288016116098e-06,5.5182373985739934e-05,-3.7612101651217336e-05,4.256732666567387e-05,-4.8047720513011995e-06,5.048441869150777e-06,2.36846382237397e-06,-1.9184165527788e-05,-1.299862733069866e-05,3.480139874837603e-05,4.282756791088562e-05,-9.217229807997608e-06,2.6859479077366605e-06,5.632156470101174e-06,-0.00010090147250937271,7.257604884823122e-06,5.130039935451464e-08,-5.0502798954514205e-06,-2.370440336008265e-05,-3.448534973233979e-06,-2.6080177300260026e-07,-0.00013454288661279447,3.349996513909244e-05,2.4048521396393905e-05,3.115591421816584e-05,-1.2637569586557715e-05,-3.830670330226555e-06,-1.1393941052298637e-06
14,-0.0010901345257682538,-0.0008234546186394962,-0.0007292507078113325,0.0004506208601692814,9.353258746948393e-05,0.00022312590157685114,-9.244027992679815e-05,-0.0016528604016668273,-0.00195585606373322,0.0003552080598657129,0.0006784922444059989,0.0002659745140176991,-6.23617741353343e-05,8.818288016116098e-06,66.35283382584896,0.0014160052318709154,0.0004954618020959153,0.00038778169919605903,-0.0002883928560485796,0.0001136565681769575,-0.00010960069863410931,-0.0019417787912540288,0.003143557136194793,-5.76476634529637e-05,0.0002386186330698281,4.937170993591064e-06,-7.193423030222157e-06,-6.358284548045217e-05,-0.0035637703710241974,0.0008040273236787795,-3.9277456620494396e-05,-0.0005516970366098913,-0.00014041532282718294,-0.00010852088362105741,-7.024529320767719e-05,0.0027875271599095332,0.0007920998057952899,-0.0006791293449725433,-0.0005506708686239089,-0.00013745229567845553,-0.00017054226248135805,-4.0539018302358435e-05
15,0.0008385621030283645,0.0002861911868872135,-0.0008571153196567737,5.920017459388564e-05,-0.00019345200222102349,0.0002067899482272208,2.8880986729268166e-05,0.00016919503478026384,3.531880261966122e-05,5.44995194040591e-05,-0.0001027835678541596,-4.821500286435719e-05,-0.00013772530099317632,5.5182373985739934e-05,0.0014160052318709154,24.73208199116179,-0.00028886225503506194,-5.174445381849684e-05,-2.3783193141209517e-05,-0.0003131725211806008,7.87279361258268e-05,0.0005230953971190742,-0.0003678967759110744,-0.00045041908791769794,0.00018615412578000464,-2.323189481946488e-05,8.685230463514616e-05,3.0345221206426737e-05,-0.0012386785140942958,0.0008826510848763772,0.0005853856704273149,-0.00010645837648889415,0.000247123009850971,5.0580767201280316e-05,2.9685623082688643e-05,-3.906763241750225e-05,0.00027330787039538975,-0.00013312708031488487,0.00011077298765398352,9.953186558576098e-05,-5.178966066525056e-05,-2.0613585455412452e-05
16,0.0007144498146777319,-1.992351760178756e-05,0.0006489285698288654,6.066984891348723e-05,-3.965526590456335e-05,-3.72364070278056e-05,2.0922482737721982e-05,-0.0003740022875543389,0.0007750186148051293,-0.0005412649861430501,0.00012628239186055287,0.00012468240150322976,-9.15814976919676e-06,-3.7612101651217336e-05,0.0004954618020959153,-0.00028886225503506194,9.05447380007853,-0.0003623695318362745,-3.383500914227886e-05,5.68135869532437e-06,-2.2324227410511877e-06,0.00020846857220979678,-0.00016288565911958208,0.0004091271712709618,-0.0003219066714119034,-5.1969299098648874e-05,-0.00013415611044886966,4.761528255887909e-05,-0.00023486073898159975,0.0003278137721800393,-0.00044202300346392527,1.6655678887885103e-05,0.0001483860958414444,7.609505715105828e-05,5.044402212768938e-06,-0.0004294720430089689,-0.0006041296839870611,-0.000740901237555914,-4.7045170049597316e-05,5.454307386529936e-06,2.0709704950260704e-05,3.593921722473434e-05
17,0.0004669760767439983,0.00040125203072248803,-6.937450238234292e-05,5.5155000770589406e-05,0.00018337324548325552,-3.346332356951569e-05,2.9118669005465478e-05,-0.0007080305742931518,-0.00024466816618171566,-0.00018009173741487673,2.0434832198389482e-05,-8.298912273490292e-05,-5.4255806377051715e-05,4.256732666567387e-05,0.00038778169919605903,-5.174445381849684e-05,-0.0003623695318362745,3.225823690546374,1.0129995336980224e-05,-2.8829538441979013e-05,2.7634585801574668e-05,0.0004911370884125647,0.00021605113844344574,-0.00018465499029031126,-6.908388635600015e-05,5.765704431874585e-06,3.497314329545807e-06,-4.103199942712376e-06,0.00032971398043358944,-0.0003026058563344731,0.00016217803942778676,1.3758749526663289e-05,-2.584941386228193e-05,-2.8413358047128378e-05,-3.0181288458538464e-06,6.643125246229635e-06,0.0005031376089542146,-5.456547126899326e-05,-0.0001475130454962595,-2.8977982849251608e-05,-1.3262938623358661e-05,8.511127231084902e-06
18,-0.00023800810086904868,-1.9834185661533524e-05,-0.00011761036077082755,-6.317010921762769e-06,2.0382450131028723e-05,9.037817124241205e-06,5.599436232335569e-06,-0.00018287546684821575,-0.00025491630089585955,-4.358431588451628e-05,-0.00015854976834059676,2.4683358905836207e-05,2.7920184165515202e-05,-4.8047720513011995e-06,-0.0002883928560485796,-2.3783193141209517e-05,-3.383500914227886e-05,1.0129995336980224e-05,1.107520781725475,-1.4899700796632814e-05,-1.7020685858758516e-05,7.411052024653484e-06,-0.00028385061248235594,-3.735904292839131e-05,1.3267831023214785e-05,1.1402384125968421e-05,5.462785285111051e-06,6.012411996361549e-07,0.0003498299922429497,0.00010263543207100499,-9.064198809802034e-05,-3.7833791461650736e-05,5.828132121731058e-06,-1.4538391946318048e-05,-1.4569173267210876e-05,-0.00017742128741725502,-5.600853567360077e-06,7.392935910582757e-05,3.0782891453772004e-05,-2.29009004011784e-05,1.0807865604682328e-05,6.132851915454998e-06
19,5.388815047154391e-06,0.00015362142811883403,6.276606902102552e-05,1.3556836341108486e-05,-2.9244264613615663e-05,-9.856237158586872e-06,7.4443050386294114e-06,-0.00014348806573750313,-6.143005269131957e-05,2.560865316098747e-05,-2.146873483531555e-05,-2.303317594665909e-05,5.38888230318526e-06,5.048441869150777e-06,0.0001136565681769575,-0.0003131725211806008,5.68135869532437e-06,-2.8829538441979013e-05,-1.4899700796632814e-05,0.305266516527987,-3.2841622033439433e-06,-0.00022423032382325587,-5.6484256746457e-05,7.04474993735769e-05,-2.0467271034416196e-05,-1.0556970394463518e-05,-6.9799673813771976e-06,8.523467413967267e-06,0.000120293498602785,-0.00011045646075752967,-1.2668643911565259e-05,-1.705674449673222e-05,8.905290968459239e-06,-3.4920554602831904e-06,1.5450281244287357e-06,6.519591007613898e-05,0.00019878224193356403,-8.570786871501449e-05,-2.438357134335285e-05,1.1164483441663687e-05,-1.1615167084305848e-05,-6.52248308138929e-06
20,-5.5468467067290244e-05,7.892724961450719e-05,1.7670893594242254e-05,1.291766152105829e-05,-2.6120970822997914e-06,-4.3878190387785744e-06,2.758232143965988e-06,-8.52932296182301e-05,5.5285144363853124e-05,1.8283102388609683e-05,-3.625657313209749e-06,1.9285013202177943e-05,-4.550171618702773e-06,2.36846382237397e-06,-0.00010960069863410931,7.87279361258268e-05,-2.2324227410511877e-06,2.7634585801574668e-05,-1.7020685858758516e-05,-3.2841622033439433e-06,0.08818022570802996,-7.423370638212508e-05,8.253865394579326e-05,1.7554457684666115e-05,-3.259989570643045e-05,6.816970681475508e-06,-6.3992404228537245e-06,2.122759051787274e-06,-4.31664605688335e-06,2.1363326282000454e-05,3.7486414657002826e-05,-2.1743462908985434e-05,-1.930615258106041e-05,-2.4421580376729624e-06,9.086914002343734e-07,-3.380504158938187e-05,5.2370106858617185e-05,-2.3753079107737634e-06,-1.3846242044570306e-06,1.0326611047259524e-05,-2.3169346295582328e-06,9.535028140426878e-08
21,-0.003577251676519476,0.0006826353482084078,-0.0006849489857596142,-0.001003753013415367,-0.00014287661555707973,0.00011598700262427853,-0.00016973165429608517,0.004444326733641605,-0.0002018118860615193,0.00017398781520961467,-0.00041062171028828886,9.50701894037532e-06,0.00023647816848282468,-1.9184165527788e-05,-0.0019417787912540288,0.0005230953971190742,0.00020846857220979678,0.0004911370884125647,7.411052024653484e-06,-0.00022423032382325587,-7.423370638212508e-05,72.10138430836834,-0.0014562873725243453,0.0001868120650715741,0.0013616777602893553,-6.092251831631382e-05,-2.941554399340937e-05,0.0001882770385393903,0.001796259793060531,0.00020927560207099094,0.00036556408687541834,0.0008746569471025832,0.00019230639627230064,0.00026343383274105773,4.961186063735886e-05,0.00026082772898510393,0.000185217844680677,0.0012345255159089059,0.0002238268626898569,-0.00040440175469771375,-0.00012693110414902677,0.0001277391304758373
22,0.0014666831234077273,-0.0016749678708054294,-4.422011310674472e-06,0.00022011052860764,-0.00043434749891470785,-3.1110881490239355e-05,1.795223144596759e-05,0.0018738403720231975,-0.0007936433486311094,0.00010514583457319501,0.0004366799530616016,-8.611931792457842e-05,9.878618058322955e-05,-1.299862733069866e-05,0.003143557136194793,-0.0003678967759110744,-0.00016288565911958208,0.00021605113844344574,-0.00028385061248235594,-5.6484256746457e-05,8.253865394579326e-05,-0.0014562873725243453,29.069391877221992,-0.00010616430575489018,0.0002768422837124094,-0.00020646568383872547,-1.821885655021627e-05,5.6820471396927455e-05,0.001892888469077795,-0.00014557113241779647,-0.00042737868213014356,-0.0004001269936651831,-0.0003082097572476895,0.0001820626212143286,-5.4826266948513214e-05,-0.0005972489255736624,0.0004619557901924815,0.0005713450640654223,0.00011440224879839265,-3.217231193235938e-05,9.552383878338591e-05,-5.7276647585048443e-05
23,0.0003815610122376397,-0.0008495245639918584,0.0003155880906838383,-9.05094701317234e-05,3.283341170543736e-05,4.397538895654424e-05,5.2945990427496204e-05,-0.00010567168512960454,0.00036091024068256544,0.0007558523950621319,5.97081430398256e-05,-0.0002970041310248951,-5.225381370204536e-06,3.480139874837603e-05,-5.76476634529637e-05,-0.00045041908791769794,0.0004091271712709618,-0.00018465499029031126,-3.735904292839131e-05,7.04474993735769e-05,1.7554457684666115e-05,0.0001868120650715741,-0.00010616430575489018,10.750848257525913,7.314922208980815e-05,8.851000373077727e-05,-8.27441857320159e-05,-4.906855429288817e-05,7.788572333957905e-05,0.00014627130453652952,0.0001822528039636612,-0.00013324973754115388,0.00033406402306307263,-4.479589505093234e-05,-1.4848151238159746e-05,-0.0013556268474286452,-0.0009675855053823821,0.00021818873630582785,-1.6107556220139036e-05,-8.81442891921675e-05,-2.6625543907210995e-05,4.214387372352514e-05
24,0.00025356371430823734,0.00025298816806850675,-0.0003693654795318565,2.1631387331937726e-05,-7.169971898034097e-05,-1.9304310340043106e-05,2.959368375222391e-05,-0.00041410312229106196,5.274409798934573e-05,-4.109695762537398e-05,8.220216478665564e-05,0.00013785212065694935,1.0525157912215707e-05,4.282756791088562e-05,0.0002386186330698281,0.00018615412578000464,-0.0003219066714119034,-6.908388635600015e-05,1.3267831023214785e-05,-2.0467271034416196e-05,-3.259989570643045e-05,0.0013616777602893553,0.0002768422837124094,7.314922208980815e-05,4.005729122825078,-7.394564568894448e-05,2.343194286192087e-05,-2.3380702215389162e-06,0.0005784525417672394,-0.0005418824645832171,0.0003465678539913117,3.702391936421214e-05,-0.00015754790707214956,-2.7799276240553204e-05,1.230749977228105e-05,-7.915234668914074e-05,9.413538743616211e-05,-0.00014379742131016818,-0.00011213890795855474,0.0001902573623406928,-6.353377098616267e-05,-1.246836818582647e-06
25,0.00018792661052903766,0.0004343935288695943,7.364736428799779e-05,6.421873813832095e-05,-1.999836325253648e-06,1.2081257132372583e-06,-5.13366878339765e-06,-8.383766777762784e-05,6.985179921803902e-06,-7.919295566809212e-05,-4.329441726225112e-05,1.3102183241841322e-05,-6.6187479247091475e-06,-9.217229807997608e-06,4.937170993591064e-06,-2.323189481946488e-05,-5.1969299098648874e-05,5.765704431874585e-06,1.1402384125968421e-05,-1.0556970394463518e-05,6.816970681475508e-06,-6.092251831631382e-05,-0.00020646568383872547,8.851000373077727e-05,-7.394564568894448e-05,1.3585394287818697,-8.664256355658135e-07,-5.613208711134366e-07,0.0003795287505064875,-0.0001501917349388249,2.0187841670394044e-05,5.5884619272520215e-05,3.0368616393718877e-05,1.1575213609716238e-05,5.8305128434293996e-06,0.0001139828158372702,-0.00014206524878730638,-4.119613339452438e-05,2.8303516073122282e-05,5.852063928269296e-05,1.2012202790113602e-08,4.61388568320215e-06
26,0.0004642248691287851,-1.1915065976600778e-05,-3.627169597978905e-05,-4.283751753106006e-05,-5.836721623209178e-06,-2.5252020356142372e-06,-1.5964866356389582e-06,-9.565830703231384e-05,-0.0001115922127247814,5.980127849739713e-06,-1.3917341493673851e-05,1.3304835387002914e-05,2.8958852690820116e-05,2.6859479077366605e-06,-7.193423030222157e-06,8.685230463514616e-05,-0.00013415611044886966,3.497314329545807e-06,5.462785285111051e-06,-6.9799673813771976e-06,-6.3992404228537245e-06,-2.941554399340937e-05,-1.821885655021627e-05,-8.27441857320159e-05,2.343194286192087e-05,-8.664256355658135e-07,0.39790964289298064,1.0092142977739124e-05,0.0001669272564976781,6.705640378534625e-05,3.974856200567301e-07,-2.0984771446792102e-05,1.5072703460660505e-05,2.4541799421419085e-05,4.670730117101431e-06,0.00025001276757386355,-0.00012958611471663054,5.00522052589029e-05,2.773549374976738e-05,2.270383300372854e-05,-1.3300899524323844e-05,1.5609323570335133e-05
27,-8.354886227984126e-05,0.00011211578454309022,2.87051972422792e-05,-5.6702919735195075e-05,-1.2042485109277161e-05,3.097342729820143e-06,1.6422492642767783e-06,0.00023911493387381976,-6.411818524959173e-05,-5.340816686546222e-07,-5.259603291033642e-06,1.3098422540644716e-05,2.099534114516364e-06,5.632156470101174e-06,-6.358284548045217e-05,3.0345221206426737e-05,4.761528255887909e-05,-4.103199942712376e-06,6.012411996361549e-07,8.523467413967267e-06,2.122759051787274e-06,0.0001882770385393903,5.6820471396927455e-05,-4.906855429288817e-05,-2.3380702215389162e-06,-5.613208711134366e-07,1.0092142977739124e-05,0.0977158176344988,-5.761963446759373e-05,-1.38481958870847e-05,5.0218064732352067e-05,1.600158392779126e-05,7.2973663062253355e-06,2.323510199581634e-06,1.4199049431232238e-06,2.340901052366505e-05,-4.7926419375065634e-05,-7.2295905986640495e-06,7.853015325514853e-06,-1.9017753420964523e-05,-9.259902313337231e-06,-2.9157869569947087e-06
28,-0.0005959795006439042,0.00012396548834903064,0.0007931103290737613,0.00036451231859732565,-2.2817097862406304e-05,-3.6459313168807135e-05,0.00018790081108902248,0.0031911553139319336,-0.0006394345717669856,0.00044018721209726947,0.00011923377926636306,-0.0008062289527080856,-0.0001167777065280929,-0.00010090147250937271,-0.0035637703710241974,-0.0012386785140942958,-0.00023486073898159975,0.00032971398043358944,0.0003498299922429497,0.000120293498602785,-4.31664605688335e-06,0.001796259793060531,0.001892888469077795,7.788572333957905e-05,0.0005784525417672394,0.0003795287505064875,0.0001669272564976781,-5.761963446759373e-05,62.236164031727526,-0.0018269722259877338,0.00020799203693743458,0.00025848847171460094,-0.0002665262659009084,-0.0002311707344703,0.00010159327713597316,-0.0010057148343696424,0.0012108121330296833,0.0012266253771152018,0.0001912247042815146,0.00023401127309696502,8.62014836658138e-05,8.676019103130577e-05
29,-0.003234396954377528,-0.00040828026544337953,0.00032744157052166174,0.0002295313704739528,0.00025461193341793476,3.57919204669301e-05,-1.7740865529775607e-05,0.0001206243047515426,0.0005003288256567863,6.424871631762942e-05,0.00018247396023249925,7.99324291364795e-05,-2.5022450240091204e-05,7.257604884823122e-06,0.0008040273236787795,0.0008826510848763772,0.0003278137721800393,-0.0003026058563344731,0.00010263543207100499,-0.00011045646075752967,2.1363326282000454e-05,0.00020927560207099094,-0.00014557113241779647,0.00014627130453652952,-0.0005418824645832171,-0.0001501917349388249,6.705640378534625e-05,-1.38481958870847e-05,-0.0018269722259877338,23.713233501772034,0.0006599126046249794,6.030560463531607e-05,2.408004219013353e-06,0.00010426523682726485,9.946727314204966e-06,-0.0008861938981744792,0.0003489335916437118,-0.0007470706734057307,0.00022111768104522825,0.00010630101357452334,7.285832631737152e-05,-1.757578778842674e-05
30,0.0002887427315175134,-6.079161634575518e-05,0.0002468700346038616,-0.00022146806715435524,1.2229661236901115e-05,4.223658865501612e-05,-4.918749448223415e-06,-0.0012999848854213453,0.0005243412387530735,0.000726225116578336,-0.00018769041183390605,0.00012608492637117762,-2.7155499575953393e-05,5.130039935451464e-08,-3.9277456620494396e-05,0.0005853856704273149,-0.00044202300346392527,0.00016217803942778676,-9.064198809802034e-05,-1.2668643911565259e-05,3.7486414657002826e-05,0.00036556408687541834,-0.00042737868213014356,0.0001822528039636612,0.0003465678539913117,2.0187841670394044e-05,3.974856200567301e-07,5.0218064732352067e-05,0.00020799203693743458,0.0006599126046249794,8.96652323308196,0.00021779010267225984,5.046779188891902e-05,5.8810496980983975e-05,5.699044851816688e-05,-0.0012973948002984528,-0.0007415978890412776,-0.000169303951490793,-4.1613935224323395e-05,8.845757250300291e-05,-9.354033289565032e-05,4.6562901606711415e-05
31,-0.0004225765932926627,3.391919511205466e-05,-7.285575337534055e-05,-9.184822990504389e-05,7.413252785593054e-05,2.3466646932590094e-05,2.8684739336851884e-05,-0.0001616383036268205,-0.000553077295661742,0.00014767486368953835,-5.098768585781409e-05,-2.765413852011596e-05,5.504864798748896e-05,-5.0502798954514205e-06,-0.0005516970366098913,-0.00010645837648889415,1.6655678887885103e-05,1.3758749526663289e-05,-3.7833791461650736e-05,-1.705674449673222e-05,-2.1743462908985434e-05,0.0008746569471025832,-0.0004001269936651831,-0.00013324973754115388,3.702391936421214e-05,5.5884619272520215e-05,-2.0984771446792102e-05,1.600158392779126e-05,0.00025848847171460094,6.030560463531607e-05,0.00021779010267225984,3.118741042908426,2.2116323832447233e-05,5.0944332877598145e-05,-4.2627168901557503e-07,-0.00011309209799821415,-2.7454929898547712e-05,-0.00010732825607979367,-0.000131268048320548,0.00010791050018574259,-1.612835224132941e-05,2.7598248357092676e-05
32,-0.00018118451985258262,-6.213669940011493e-06,3.47111972224819e-05,-4.113301258850191e-05,2.632858249601899e-06,-1.969767909571712e-05,1.4284523111548488e-05,-4.970052770091487e-05,-0.0001272288880137858,9.161014167156989e-05,-7.275174495010323e-05,3.783282419038814e-05,5.434540808010358e-06,-2.370440336008265e-05,-0.00014041532282718294,0.000247123009850971,0.0001483860958414444,-2.584941386228193e-05,5.828132121731058e-06,8.905290968459239e-06,-1.930615258106041e-05,0.00019230639627230064,-0.0003082097572476895,0.00033406402306307263,-0.00015754790707214956,3.0368616393718877e-05,1.5072703460660505e-05,7.2973663062253355e-06,-0.0002665262659009084,2.408004219013353e-06,5.046779188891902e-05,2.2116323832447233e-05,1.079338169014517,4.151787994892827e-05,1.1319540859050711e-06,0.00026603302937708664,5.148321612325965e-05,-0.00012103055194522084,-4.387969789721987e-05,4.24853087527682e-05,1.4069157143137456e-05,-1.5236239067649648e-06
33,0.0003256300186428325,3.504064383675161e-07,-2.8558057838705965e-05,-5.448001802412719e-05,1.0075437842217255e-05,-5.238450855703995e-06,-1.408991114210413e-06,0.00016853003650950596,4.5657260956018025e-05,4.336605727393442e-05,1.7173063627669326e-05,3.49450383565271e-05,-8.534977827539274e-06,-3.448534973233979e-06,-0.00010852088362105741,5.0580767201280316e-05,7.609505715105828e-05,-2.8413358047128378e-05,-1.4538391946318048e-05,-3.4920554602831904e-06,-2.4421580376729624e-06,0.00026343383274105773,0.0001820626212143286,-4.479589505093234e-05,-2.7799276240553204e-05,1.1575213609716238e-05,2.4541799421419085e-05,2.323510199581634e-06,-0.0002311707344703,0.00010426523682726485,5.8810496980983975e-05,5.0944332877598145e-05,4.151787994892827e-05,0.2867276001596911,8.628244691817418e-06,7.143509623652854e-05,0.0001491709150372167,-1.2230139049809688e-05,5.629100747006224e-05,7.969861957780613e-06,-7.876254896872614e-06,1.088017999524542e-06
34,-1.8368760913967635e-05,-2.560468805358854e-06,1.9615743354373015e-05,1.2664228700677751e-05,3.3275573203507202e-06,4.783927174480548e-06,-2.5897390980667425e-06,-7.42666859481718e-05,5.1117592815003465e-06,-4.122999237436402e-05,2.8318970865986857e-05,5.9670751924196e-06,-1.3087306235140084e-05,-2.6080177300260026e-07,-7.024529320767719e-05,2.9685623082688643e-05,5.044402212768938e-06,-3.0181288458538464e-06,-1.4569173267210876e-05,1.5450281244287357e-06,9.086914002343734e-07,4.961186063735886e-05,-5.4826266948513214e-05,-1.4848151238159746e-05,1.230749977228105e-05,5.8305128434293996e-06,4.670730117101431e-06,1.4199049431232238e-06,0.00010159327713597316,9.946727314204966e-06,5.699044851816688e-05,-4.2627168901557503e-07,1.1319540859050711e-06,8.628244691817418e-06,0.06482635573398494,2.2105665190889136e-05,-5.1693196734131123e-05,-3.7260226348613984e-05,-1.6025792623695302e-05,-9.195703379329784e-06,-1.2871136873164235e-06,1.0884086066798247e-06
35,0.002045611266006936,0.0012766797644718035,-0.0009957361327395157,0.0002976748579247047,0.00020656269069071727,-0.0001648882289808943,-7.856270436406103e-05,0.0006779414130530633,0.0014349871914784583,-2.813857260060866e-06,-0.0011083265066643916,0.00023065344751742252,1.9613580913106013e-05,-0.00013454288661279447,0.0027875271599095332,-3.906763241750225e-05,-0.0004294720430089689,6.643125246229635e-06,-0.00017742128741725502,6.519591007613898e-05,-3.380504158938187e-05,0.00026082772898510393,-0.0005972489255736624,-0.0013556268474286452,-7.915234668914074e-05,0.0001139828158372702,0.00025001276757386355,2.340901052366505e-05,-0.0010057148343696424,-0.0008861938981744792,-0.0012973948002984528,-0.00011309209799821415,0.00026603302937708664,7.143509623652854e-05,2.2105665190889136e-05,68.34586492393154,-5.1280293642342765e-05,2.7823988712495513e-05,-0.0008556328824352708,0.0003973159725987249,-4.1512972258358165e-05,-9.185527939234974e-05
36,4.72144817714348e-05,-7.51806678797202e-05,0.0007015524690461136,-0.0002649401142560943,0.00016595035677989572,5.972165919965013e-06,-1.1513119045592728e-05,-0.0019370653271916754,0.0009537261409975972,-0.00034334638752450794,-0.001049448544220102,-2.5673783233027696e-05,-4.72094676987302e-05,3.349996513909244e-05,0.0007920998057952899,0.00027330787039538975,-0.0006041296839870611,0.0005031376089542146,-5.600853567360077e-06,0.00019878224193356403,5.2370106858617185e-05,0.000185217844680677,0.0004619557901924815,-0.0009675855053823821,9.413538743616211e-05,-0.00014206524878730638,-0.00012958611471663054,-4.7926419375065634e-05,0.0012108121330296833,0.0003489335916437118,-0.0007415978890412776,-2.7454929898547712e-05,5.148321612325965e-05,0.0001491709150372167,-5.1693196734131123e-05,-5.1280293642342765e-05,26.210057288969924,-0.0007206416960138896,0.00014314500635699258,-0.0001452823148164532,3.8299861381240906e-05,-1.4006170080184285e-05
37,-0.0008081723156995544,-1.5302176296569215e-05,-4.9703788498897606e-05,0.00015944486098367779,-0.00012127262319111918,2.0503738322044683e-05,1.8921085918473115e-05,-0.00029353953315803,-0.0011666000230320525,0.0003671292814467504,-5.08576548893127e-05,2.916669438420434e-05,7.206013251042461e-05,2.4048521396393905e-05,-0.0006791293449725433,-0.00013312708031488487,-0.000740901237555914,-5.456547126899326e-05,7.392935910582757e-05,-8.570786871501449e-05,-2.3753079107737634e-06,0.0012345255159089059,0.0005713450640654223,0.00021818873630582785,-0.00014379742131016818,-4.119613339452438e-05,5.00522052589029e-05,-7.2295905986640495e-06,0.0012266253771152018,-0.0007470706734057307,-0.000169303951490793,-0.00010732825607979367,-0.00012103055194522084,-1.2230139049809688e-05,-3.7260226348613984e-05,2.7823988712495513e-05,-0.0007206416960138896,9.351883431553645,6.900342033773336e-05,9.334190979408408e-05,5.7784399900231765e-05,1.0113103497508725e-07
38,0.0003312476055468295,-0.00031802305777813705,-0.0004450795315910795,5.835208443119306e-05,9.10806419784066e-05,3.0175443389338525e-05,-2.4441372439068635e-05,-0.0007565037553070405,0.00022710305316035376,8.34997255017028e-06,-0.00015661224308794716,2.281806592025084e-05,-6.016591889276396e-05,3.115591421816584e-05,-0.0005506708686239089,0.00011077298765398352,-4.7045170049597316e-05,-0.0001475130454962595,3.0782891453772004e-05,-2.438357134335285e-05,-1.3846242044570306e-06,0.0002238268626898569,0.00011440224879839265,-1.6107556220139036e-05,-0.00011213890795855474,2.8303516073122282e-05,2.773549374976738e-05,7.853015325514853e-06,0.0001912247042815146,0.00022111768104522825,-4.1613935224323395e-05,-0.000131268048320548,-4.387969789721987e-05,5.629100747006224e-05,-1.6025792623695302e-05,-0.0008556328824352708,0.00014314500635699258,6.900342033773336e-05,3.4422659602466132,-6.875418558611943e-06,-6.324385496722057e-05,-4.125221523590169e-06
39,-4.5684747175353244e-05,8.872089602626376e-05,-3.485062925475323e-05,5.573853475050202e-05,1.8561584613850098e-05,2.7224357337339772e-06,1.977039450236546e-05,0.000399028107428436,0.00023231038117926814,6.84360018584384e-05,-2.7106154569819964e-05,-4.604083295854825e-05,-5.01907445525015e-05,-1.2637569586557715e-05,-0.00013745229567845553,9.953186558576098e-05,5.454307386529936e-06,-2.8977982849251608e-05,-2.29009004011784e-05,1.1164483441663687e-05,1.0326611047259524e-05,-0.00040440175469771375,-3.217231193235938e-05,-8.81442891921675e-05,0.0001902573623406928,5.852063928269296e-05,2.270383300372854e-05,-1.9017753420964523e-05,0.00023401127309696502,0.00010630101357452334,8.845757250300291e-05,0.00010791050018574259,4.24853087527682e-05,7.969861957780613e-06,-9.195703379329784e-06,0.0003973159725987249,-0.0001452823148164532,9.334190979408408e-05,-6.875418558611943e-06,1.1670444783226235,-3.3514905973411754e-05,2.4119572838405868e-05
40,-1.8714136379769837e-05,4.5704053555733146e-05,7.951105458254811e-05,-4.075709993248947e-05,3.060592774793322e-05,-1.4787450134358652e-06,-6.708025521452423e-06,0.00015512021407310087,-7.198504005838643e-05,-8.477111222426564e-05,-3.659415457952233e-05,7.258984635021503e-06,-8.66143932004031e-06,-3.830670330226555e-06,-0.00017054226248135805,-5.178966066525056e-05,2.0709704950260704e-05,-1.3262938623358661e-05,1.0807865604682328e-05,-1.1615167084305848e-05,-2.3169346295582328e-06,-0.00012693110414902677,9.552383878338591e-05,-2.6625543907210995e-05,-6.353377098616267e-05,1.2012202790113602e-08,-1.3300899524323844e-05,-9.259902313337231e-06,8.62014836658138e-05,7.285832631737152e-05,-9.354033289565032e-05,-1.612835224132941e-05,1.4069157143137456e-05,-7.876254896872614e-06,-1.2871136873164235e-06,-4.1512972258358165e-05,3.8299861381240906e-05,5.7784399900231765e-05,-6.324385496722057e-05,-3.3514905973411754e-05,0.3455555498141682,-1.9264814237595604e-06
