,3,4,5,6,7,8,9
3,405642.72424639174,-4.11028646634979,1.130843228633126,-0.9309967339999159,-0.1456089507549909,0.07186351239883033,0.045860032616376986
4,-4.11028646634979,136518.38128705666,-1.2973038812552449,-0.22684541546760814,0.2255711122648723,0.024122074801673415,-0.00935118231379541
5,1.130843228633126,-1.2973038812552449,30480.31461876238,-0.5320415974941407,0.09195353188744113,0.08662798471638627,0.0018680975115713638
6,-0.9309967339999159,-0.22684541546760814,-0.5320415974941407,13985.601692609987,0.036316958878871194,-0.027125513565526862,0.0038946769213106906
7,-0.1456089507549909,0.2255711122648723,0.09195353188744113,0.036316958878871194,1169.9823808678102,0.0009855282045267847,0.002535048298811299
8,0.07186351239883033,0.024122074801673415,0.08662798471638627,-0.027125513565526862,0.0009855282045267847,50.37944216756636,-0.00021556895508089409
9,0.045860032616376986,-0.00935118231379541,0.0018680975115713638,0.0038946769213106906,0.002535048298811299,-0.00021556895508089409,2.1541245016479698
