,3,4,5,6,7,8,9
3,2839499.069724814,-24.66171879809781,5.654216143165573,-3.7239869359997613,-0.43682685226501133,0.1437270247976616,0.045860032616376986
4,-24.66171879809781,819110.2877223111,-6.486519406275768,-0.907381661870403,0.6767133367945873,0.04824414960334707,-0.00935118231379541
5,5.654216143165573,-6.486519406275768,152401.57309381934,-2.1281663899765406,0.27586059566231635,0.17325596943277116,0.0018680975115713638
6,-3.7239869359997613,-0.907381661870403,-2.1281663899765406,55942.406770440015,0.10895087663661876,-0.05425102713105478,0.0038946769213106906
7,-0.43682685226501133,0.6767133367945873,0.27586059566231635,0.10895087663661876,3509.9471426032287,0.0019710564090532675,0.002535048298811299
8,0.1437270247976616,0.04824414960334707,0.17325596943277116,-0.05425102713105478,0.0019710564090532675,100.75888433513197,-0.00021556895508089409
9,0.045860032616376986,-0.00935118231379541,0.0018680975115713638,0.0038946769213106906,0.002535048298811299,-0.00021556895508089409,2.1541245016479698
