,2,3,4,5,6,7,8,9,10,11,12,13,14,15,16,17,18,19,20,21,22,23,24,25,26,27,28,29,30,31,32,33
2,324.3041144967889,-0.018562035591468788,0.004037355533942688,-0.006053383740701843,-0.004356960237769102,0.005782094708019222,0.004724016289974664,-0.004695000330713192,0.002880647488556397,-0.0004404033785305945,-0.002662681242690976,-0.0034550023253411563,-0.002998404468588404,-0.0018571900559242423,6.592567404208257e-05,-0.0001697672458860914,0.0003219642671555894,-8.567582841170697e-05,0.00015859935328784648,0.0007738488692011115,0.00020806256422202388,0.000136800503977593,0.00039758099098207057,0.00020766669163722,0.00020763968892774436,-0.000212587574940869,-3.0682264813013162e-06,-8.024418457715405e-06,5.9688659247531675e-05,1.8328904736284905e-05,1.5882711152796354e-05,-1.1937696166348165e-06
3,-0.018562035591468788,242.6463964434706,0.00040296585725121617,0.004187701174276394,0.005308345959277141,0.007816100938422894,-0.002488625239930802,-0.003669894265789472,0.0035740642601948787,-0.0003861336187395702,-0.00010125549119479775,-0.0006788087620205863,-0.0002982503258906877,-0.003354834225497234,0.00015236615095916568,0.000124569163348085,-0.001529156971969798,0.0001350292008095252,0.00036626179077595166,0.00021277013696929212,-0.0003210451941737447,-0.00042389063257281727,-0.0002684129221995511,-0.0002505821900174438,-0.00017794138125048817,-6.941549344920192e-05,-4.24888449662359e-05,3.142570924021115e-07,5.426371916069669e-06,1.3174468296827084e-05,-3.5406153903845993e-06,-3.970627265653889e-06
4,0.004037355533942688,0.00040296585725121617,203.17009404630437,0.011602506027184762,-0.0041334053621104785,-0.0012381560334526773,0.0023297459228831282,-0.0008204766676790426,0.0014392425034907683,3.0267909691782396e-05,-0.002319307079874334,0.0011222851004054554,-0.00015760833726865555,-0.0012470131230621683,-0.001772461148701816,-0.002062947568929833,-5.055896703186786e-05,0.0007574637505984447,0.0007333660323267968,-5.810266971834785e-06,1.8363714028192634e-05,-0.0003695855188478372,6.058649314391621e-05,-4.342342154966919e-05,-6.704403481823764e-05,-0.00010825854427805243,7.291285126011326e-05,-4.501987519211968e-05,-2.3846033388035815e-06,1.9852767212889673e-05,2.2700045007225904e-06,3.030684752968511e-06
5,-0.006053383740701843,0.004187701174276394,0.011602506027184762,157.31613941916902,0.005339407102990698,-0.0022193995467162495,0.0022142463223053443,0.004961161229255222,0.000557684853021042,0.00017390083908165734,-0.00017348250629792416,0.0007186043137164752,0.0014225771090295841,0.0007326974319992379,-0.0014910428172281976,0.0002447343046098642,0.0002024096410821895,-0.0005047876591787885,0.0007439771857957174,0.0002035684216552872,-0.00024058061484092256,8.956752529918832e-05,0.00017224620315942952,0.0001711590441545232,-3.984067550439195e-05,-0.00010238389408829775,-7.354337517344609e-05,4.9020402637978956e-05,-2.9942218474138817e-06,1.4589548010889003e-05,-2.435468355913079e-06,5.693130415509767e-07
6,-0.004356960237769102,0.005308345959277141,-0.0041334053621104785,0.005339407102990698,125.51626231168376,0.00023441991349511173,0.0026523501250000914,-0.001072384517861435,-0.0016144176095955248,-0.00013670557949166926,-0.0008213890659267725,0.0008004896397126418,4.418006505929439e-05,0.0010681878559970289,-1.1687735067527822e-05,0.0006797368319192761,-0.001595916346548753,0.0002167587969651489,-0.00010583635095603602,-0.00017451564963724206,-0.0002834517396454269,-0.0002088313203106803,-2.384868494218303e-06,5.916505228832401e-05,-8.842592453573923e-06,-6.634274061533909e-05,3.047379844924028e-05,-1.1756868109614058e-05,-7.673428063772091e-07,6.6753874960431005e-06,2.393248495418538e-06,3.2649726059390883e-07
7,0.005782094708019222,0.007816100938422894,-0.0012381560334526773,-0.0022193995467162495,0.00023441991349511173,96.6813787445821,0.0017826051751587823,-0.00023992079096306327,0.0005255651904182886,0.00023209045474482533,-0.0017332506373620837,0.00022223801110897874,-0.0008205134504722269,0.00035515628663284986,0.0018156712102967794,-0.0019510044641501494,0.0005958859215567212,-0.0001225988638495906,-6.278600309977218e-05,0.0004198058468409583,0.00020814959013219615,0.00013060485619924563,-0.00033324843835225615,-2.8090773020143048e-05,-3.6733920850742164e-06,-2.59429638907083e-05,6.177061519474661e-05,2.5805024037196937e-05,-4.259391544212716e-05,-1.6485016183694547e-05,-3.9672812717638175e-06,3.6716202888995503e-06
8,0.004724016289974664,-0.002488625239930802,0.0023297459228831282,0.0022142463223053443,0.0026523501250000914,0.0017826051751587823,77.3485899435322,0.004714811390798419,0.002296047969318873,1.5913508218878302e-06,0.00024319191369823187,-0.002713810570415615,-0.0006275751105851433,-0.0015247415846890515,-0.0006307632027600661,-0.0004323481789761946,-0.0001369260283284419,-6.620108822141386e-05,-0.0002005691755186453,-0.0004061556084439258,0.00047309846121792104,-0.00031769639116752395,-0.0002659469207397786,5.765549353592934e-06,5.811575618253379e-05,5.527324448887852e-06,-0.00011336041966600682,-1.6668383202712248e-05,-1.646040039480165e-06,3.039296904502485e-06,-5.535525370948633e-06,-1.4745986809987602e-06
9,-0.004695000330713192,-0.003669894265789472,-0.0008204766676790426,0.004961161229255222,-0.001072384517861435,-0.00023992079096306327,0.004714811390798419,62.02611734197258,-0.004023713248594313,0.0006750139868677557,0.001342976054450068,0.001011887287966761,-8.498477197100319e-06,0.00038486574019240636,0.00021032529115195671,0.00036442926532680864,-0.00033841270927017857,0.0005555277349440198,0.0003439437001994838,0.0001247697984508228,7.763729709493327e-05,-7.6117351103231736e-06,3.687743647915113e-05,-0.0002769522872442893,-1.6325764602065913e-05,-2.211782565368568e-05,-6.578737724208743e-05,-2.4001848614360277e-05,-4.213064177612565e-06,1.7869705339567717e-06,3.439627877644994e-06,-1.447464603296713e-07
10,0.002880647488556397,0.0035740642601948787,0.0014392425034907683,0.000557684853021042,-0.0016144176095955248,0.0005255651904182886,0.002296047969318873,-0.004023713248594313,49.08007478415115,0.0022856500489292692,-0.0003717337778022096,-0.0006877243450086076,-0.00024622058293237886,-0.0004179286373889099,-0.000191836820083171,-0.0006881755828775646,-0.0006851502240452993,-0.00010906100744948087,0.00015585551179284063,-0.00011021632516618135,0.00018400261448963312,-0.00030263301636032126,2.2989861629209404e-05,-1.949894776489752e-05,2.3109129837045993e-05,-0.00011024113269835217,2.8099110582478497e-05,-8.671029153177709e-06,7.500562935835886e-06,-1.6542725922163776e-06,5.121009055362063e-07,4.853804160697618e-07
11,-0.0004404033785305945,-0.0003861336187395702,3.0267909691782396e-05,0.00017390083908165734,-0.00013670557949166926,0.00023209045474482533,1.5913508218878302e-06,0.0006750139868677557,0.0022856500489292692,38.98967770198571,-0.0006391104269975904,-0.0020031596726542366,0.0008417842971158518,-0.0004049959462297359,-0.00015661499806999955,0.0004928367344319427,-8.187158388567144e-06,-0.0001141814908375621,2.5621980130167424e-05,5.527237287194066e-05,-7.223811886761585e-05,-0.0003131663658138175,6.870368293437693e-05,-0.00010281709807909187,3.323405336653447e-05,-2.32782878516798e-05,-3.8830873428666794e-05,1.5208042332790242e-05,-1.8956172707127102e-05,2.8677553556690267e-06,-2.689167703244487e-06,-5.143997501990007e-07
12,-0.002662681242690976,-0.00010125549119479775,-0.002319307079874334,-0.00017348250629792416,-0.0008213890659267725,-0.0017332506373620837,0.00024319191369823187,0.001342976054450068,-0.0003717337778022096,-0.0006391104269975904,30.537019160559094,0.0012689376855740523,3.8917447843467186e-05,-0.00021478689973894487,-6.4614409730973e-05,-9.355248856205036e-05,0.0002545309176439392,-4.464701524086834e-05,0.00034369179967849646,0.0003587754033220142,8.799175054136544e-06,0.00020009451891162631,7.491479763409455e-05,-4.162066476022957e-05,6.615417959688816e-05,2.1676578180991427e-05,-4.470187846301222e-06,-6.0968240287465225e-06,-1.1590170209761598e-05,4.605057616383087e-06,3.1933323102105047e-06,8.826158146133806e-07
13,-0.0034550023253411563,-0.0006788087620205863,0.0011222851004054554,0.0007186043137164752,0.0008004896397126418,0.00022223801110897874,-0.002713810570415615,0.001011887287966761,-0.0006877243450086076,-0.0020031596726542366,0.0012689376855740523,25.09065801380428,0.001374040130449862,-0.0005911388281303112,0.0004150034460122811,-0.0005707198757236862,0.00040178205347160653,-9.04319287661061e-05,0.00041679760734418964,4.124069918489539e-06,-0.00020061915373806487,-0.00011141130585495973,-8.388281469953285e-05,1.4969334382486108e-05,1.2526303756939034e-05,3.456554748194265e-05,-4.6297563622493045e-05,1.8842717399568635e-05,-2.7467983823195237e-07,6.4424729230395665e-06,2.7838171208973617e-06,1.4101136310207413e-07
14,-0.002998404468588404,-0.0002982503258906877,-0.00015760833726865555,0.0014225771090295841,4.418006505929439e-05,-0.0008205134504722269,-0.0006275751105851433,-8.498477197100319e-06,-0.00024622058293237886,0.0008417842971158518,3.8917447843467186e-05,0.001374040130449862,18.523533353666732,0.001398613277711213,0.00034398993504078883,0.0005117002340246902,0.0003406376421288335,-0.00035762947296153966,-0.00011376001050619945,-0.00016932178132530488,8.427315447144346e-05,0.00018589745413851092,-8.669542758667091e-05,-8.217989298277471e-05,-1.9138451016457182e-05,-3.414541969693044e-05,-1.630084132924031e-05,-2.001671654332145e-07,-6.969222071158847e-06,-7.421178352144767e-06,4.4796719781549225e-07,1.0479109362995784e-06
15,-0.0018571900559242423,-0.003354834225497234,-0.0012470131230621683,0.0007326974319992379,0.0010681878559970289,0.00035515628663284986,-0.0015247415846890515,0.00038486574019240636,-0.0004179286373889099,-0.0004049959462297359,-0.00021478689973894487,-0.0005911388281303112,0.001398613277711213,14.947079972117088,-0.00032774467714473827,0.0005214953097172083,0.00045215324432004294,3.4726663021616e-05,0.0003562880395886487,0.00011604289989630842,4.658468701131586e-05,-2.1296650835314645e-05,3.096174332956462e-05,-9.930451288101311e-05,0.00010013556314283427,7.442074776719579e-06,1.8360277591798652e-05,-2.6458091356130083e-06,-1.536446153838718e-06,-4.300924545235425e-06,4.317674134690104e-06,-6.82281599103566e-07
16,6.592567404208257e-05,0.00015236615095916568,-0.001772461148701816,-0.0014910428172281976,-1.1687735067527822e-05,0.0018156712102967794,-0.0006307632027600661,0.00021032529115195671,-0.000191836820083171,-0.00015661499806999955,-6.4614409730973e-05,0.0004150034460122811,0.00034398993504078883,-0.00032774467714473827,11.514436119461315,0.0002647559793621995,0.00036136559613749467,0.0004899206161814354,-6.342408243382582e-05,-0.00010222634956571347,-0.0001279593374684698,9.808214057495704e-05,-9.622475906581811e-05,2.462276366126759e-05,4.662715526856099e-05,2.0077083193039115e-05,-3.933316249623102e-06,1.096608249391907e-05,-5.741789090439575e-06,3.4488013776783655e-07,-1.6855835501014583e-06,-6.323742695953825e-07
17,-0.0001697672458860914,0.000124569163348085,-0.002062947568929833,0.0002447343046098642,0.0006797368319192761,-0.0019510044641501494,-0.0004323481789761946,0.00036442926532680864,-0.0006881755828775646,0.0004928367344319427,-9.355248856205036e-05,-0.0005707198757236862,0.0005117002340246902,0.0005214953097172083,0.0002647559793621995,8.809427600916106,0.0003475400796784077,-4.309530330421771e-05,0.0001569396611956845,7.931397828506537e-05,-9.311666134403786e-05,2.738213544001478e-05,-5.451094389073692e-05,6.484683902075884e-05,-3.169643799485823e-05,-4.474658291757043e-06,2.6312441358800537e-06,-3.292597911181201e-05,-3.4905093632645467e-06,-3.08298173447553e-06,4.424600469162674e-06,3.673989630218224e-07
18,0.0003219642671555894,-0.001529156971969798,-5.055896703186786e-05,0.0002024096410821895,-0.001595916346548753,0.0005958859215567212,-0.0001369260283284419,-0.00033841270927017857,-0.0006851502240452993,-8.187158388567144e-06,0.0002545309176439392,0.00040178205347160653,0.0003406376421288335,0.00045215324432004294,0.00036136559613749467,0.0003475400796784077,6.636723492048092,-5.731841705299466e-05,-5.450286350637996e-05,3.654034095303892e-05,-2.6371199484333565e-07,-4.702821821197554e-05,-4.334576949914058e-05,-2.0662829544331647e-05,-2.1360606796725822e-06,-2.596849315683435e-05,-2.997854772087476e-05,-5.752317873280032e-07,-4.179129266976416e-06,-3.011687877833188e-06,-1.2016303687624273e-07,1.1521572809998373e-07
19,-8.567582841170697e-05,0.0001350292008095252,0.0007574637505984447,-0.0005047876591787885,0.0002167587969651489,-0.0001225988638495906,-6.620108822141386e-05,0.0005555277349440198,-0.00010906100744948087,-0.0001141814908375621,-4.464701524086834e-05,-9.04319287661061e-05,-0.00035762947296153966,3.4726663021616e-05,0.0004899206161814354,-4.309530330421771e-05,-5.731841705299466e-05,4.9642863950696645,-0.0001647298910261409,4.496794922149782e-06,7.781643350642405e-05,7.102502095549519e-06,-2.701777659222781e-05,-8.610027195844674e-06,7.394228046384826e-05,-3.453128466750177e-05,2.119053645154256e-05,1.288347417201882e-05,5.5368897981745345e-06,9.793127198496748e-07,-1.8747760708250938e-06,3.206149485050978e-07
20,0.00015859935328784648,0.00036626179077595166,0.0007333660323267968,0.0007439771857957174,-0.00010583635095603602,-6.278600309977218e-05,-0.0002005691755186453,0.0003439437001994838,0.00015585551179284063,2.5621980130167424e-05,0.00034369179967849646,0.00041679760734418964,-0.00011376001050619945,0.0003562880395886487,-6.342408243382582e-05,0.0001569396611956845,-5.450286350637996e-05,-0.0001647298910261409,3.6484465096250855,-4.9142491850297746e-05,5.929598821430936e-05,-3.169118525944035e-05,1.3253481522715569e-05,2.4870829360427388e-05,3.585060715653012e-05,-1.481240089760677e-05,-1.7917122045258615e-05,-4.841405021371462e-06,-2.6524911677876473e-06,1.1360525851319375e-06,3.269544532492652e-07,1.6729460797532325e-07
21,0.0007738488692011115,0.00021277013696929212,-5.810266971834785e-06,0.0002035684216552872,-0.00017451564963724206,0.0004198058468409583,-0.0004061556084439258,0.0001247697984508228,-0.00011021632516618135,5.527237287194066e-05,0.0003587754033220142,4.124069918489539e-06,-0.00016932178132530488,0.00011604289989630842,-0.00010222634956571347,7.931397828506537e-05,3.654034095303892e-05,4.496794922149782e-06,-4.9142491850297746e-05,2.729421114547812,0.00011524443420133789,4.390166694714551e-05,2.0705668639821217e-05,-2.4312497053319375e-05,-7.090356601065286e-06,-5.249386607384471e-07,1.5056562042595991e-05,5.075537427312836e-06,-1.238926014184299e-06,1.4671448930459691e-06,-1.9395081239742384e-06,1.5210838936010738e-07
22,0.00020806256422202388,-0.0003210451941737447,1.8363714028192634e-05,-0.00024058061484092256,-0.0002834517396454269,0.00020814959013219615,0.00047309846121792104,7.763729709493327e-05,0.00018400261448963312,-7.223811886761585e-05,8.799175054136544e-06,-0.00020061915373806487,8.427315447144346e-05,4.658468701131586e-05,-0.0001279593374684698,-9.311666134403786e-05,-2.6371199484333565e-07,7.781643350642405e-05,5.929598821430936e-05,0.00011524443420133789,1.9287455657550552,3.519247353328108e-05,1.0912060415282077e-06,1.9936090585588157e-05,-6.1165383684478814e-06,-2.675430573586085e-06,-2.3156987534758887e-06,-1.3912042413933722e-06,5.799493634322632e-06,-1.8898656593713292e-06,-1.7763227396941317e-06,-2.821328331291622e-07
23,0.000136800503977593,-0.00042389063257281727,-0.0003695855188478372,8.956752529918832e-05,-0.0002088313203106803,0.00013060485619924563,-0.00031769639116752395,-7.6117351103231736e-06,-0.00030263301636032126,-0.0003131663658138175,0.00020009451891162631,-0.00011141130585495973,0.00018589745413851092,-2.1296650835314645e-05,9.808214057495704e-05,2.738213544001478e-05,-4.702821821197554e-05,7.102502095549519e-06,-3.169118525944035e-05,4.390166694714551e-05,3.519247353328108e-05,1.3438130012295486,2.4230662413694823e-05,-4.03094488391508e-05,1.894025118139094e-05,-2.1335018569521675e-05,1.3592994700409814e-06,-1.1216367860898793e-05,-2.2920388075925983e-06,2.0061415220790815e-07,1.1957665265125322e-06,-1.6883858407769316e-07
24,0.00039758099098207057,-0.0002684129221995511,6.058649314391621e-05,0.00017224620315942952,-2.384868494218303e-06,-0.00033324843835225615,-0.0002659469207397786,3.687743647915113e-05,2.2989861629209404e-05,6.870368293437693e-05,7.491479763409455e-05,-8.388281469953285e-05,-8.669542758667091e-05,3.096174332956462e-05,-9.622475906581811e-05,-5.451094389073692e-05,-4.334576949914058e-05,-2.701777659222781e-05,1.3253481522715569e-05,2.0705668639821217e-05,1.0912060415282077e-06,2.4230662413694823e-05,0.9179605421724059,2.9581104749351036e-05,5.993017145378168e-06,2.269936773377034e-06,3.7853149679204844e-06,-7.004428154440944e-06,1.6896084573769743e-06,2.914662065937959e-07,3.9096849435748136e-07,-2.334611754552506e-07
25,0.00020766669163722,-0.0002505821900174438,-4.342342154966919e-05,0.0001711590441545232,5.916505228832401e-05,-2.8090773020143048e-05,5.765549353592934e-06,-0.0002769522872442893,-1.949894776489752e-05,-0.00010281709807909187,-4.162066476022957e-05,1.4969334382486108e-05,-8.217989298277471e-05,-9.930451288101311e-05,2.462276366126759e-05,6.484683902075884e-05,-2.0662829544331647e-05,-8.610027195844674e-06,2.4870829360427388e-05,-2.4312497053319375e-05,1.9936090585588157e-05,-4.03094488391508e-05,2.9581104749351036e-05,0.6215444384685559,-4.593828500580658e-06,6.920358588698792e-06,-1.0936067820705505e-05,1.003223401986081e-06,-1.745192957405184e-06,1.3427391351940532e-06,-7.451194751648446e-07,-5.4604107277124777e-08
26,0.00020763968892774436,-0.00017794138125048817,-6.704403481823764e-05,-3.984067550439195e-05,-8.842592453573923e-06,-3.6733920850742164e-06,5.811575618253379e-05,-1.6325764602065913e-05,2.3109129837045993e-05,3.323405336653447e-05,6.615417959688816e-05,1.2526303756939034e-05,-1.9138451016457182e-05,0.00010013556314283427,4.662715526856099e-05,-3.169643799485823e-05,-2.1360606796725822e-06,7.394228046384826e-05,3.585060715653012e-05,-7.090356601065286e-06,-6.1165383684478814e-06,1.894025118139094e-05,5.993017145378168e-06,-4.593828500580658e-06,0.3934209232335842,6.134488973073768e-06,5.169836495747836e-06,-8.255139216066543e-07,-4.094379749116655e-06,7.531131976270902e-07,5.945627231917755e-07,1.1454632253661224e-07
27,-0.000212587574940869,-6.941549344920192e-05,-0.00010825854427805243,-0.00010238389408829775,-6.634274061533909e-05,-2.59429638907083e-05,5.527324448887852e-06,-2.211782565368568e-05,-0.00011024113269835217,-2.32782878516798e-05,2.1676578180991427e-05,3.456554748194265e-05,-3.414541969693044e-05,7.442074776719579e-06,2.0077083193039115e-05,-4.474658291757043e-06,-2.596849315683435e-05,-3.453128466750177e-05,-1.481240089760677e-05,-5.249386607384471e-07,-2.675430573586085e-06,-2.1335018569521675e-05,2.269936773377034e-06,6.920358588698792e-06,6.134488973073768e-06,0.23823107151273648,7.804610631895146e-06,-3.8074749246472107e-06,3.23881153134835e-06,-8.994071375952343e-07,3.021477815128582e-07,-1.8143544482579384e-07
28,-3.0682264813013162e-06,-4.24888449662359e-05,7.291285126011326e-05,-7.354337517344609e-05,3.047379844924028e-05,6.177061519474661e-05,-0.00011336041966600682,-6.578737724208743e-05,2.8099110582478497e-05,-3.8830873428666794e-05,-4.470187846301222e-06,-4.6297563622493045e-05,-1.630084132924031e-05,1.8360277591798652e-05,-3.933316249623102e-06,2.6312441358800537e-06,-2.997854772087476e-05,2.119053645154256e-05,-1.7917122045258615e-05,1.5056562042595991e-05,-2.3156987534758887e-06,1.3592994700409814e-06,3.7853149679204844e-06,-1.0936067820705505e-05,5.169836495747836e-06,7.804610631895146e-06,0.1395319917730218,3.4024980486804537e-07,-1.059428095598966e-06,7.354959016160015e-07,3.2890531220424515e-07,-4.4145196573056936e-08
29,-8.024418457715405e-06,3.142570924021115e-07,-4.501987519211968e-05,4.9020402637978956e-05,-1.1756868109614058e-05,2.5805024037196937e-05,-1.6668383202712248e-05,-2.4001848614360277e-05,-8.671029153177709e-06,1.5208042332790242e-05,-6.0968240287465225e-06,1.8842717399568635e-05,-2.001671654332145e-07,-2.6458091356130083e-06,1.096608249391907e-05,-3.292597911181201e-05,-5.752317873280032e-07,1.288347417201882e-05,-4.841405021371462e-06,5.075537427312836e-06,-1.3912042413933722e-06,-1.1216367860898793e-05,-7.004428154440944e-06,1.003223401986081e-06,-8.255139216066543e-07,-3.8074749246472107e-06,3.4024980486804537e-07,0.0777588577596795,-6.651822502658741e-07,7.563258433786496e-07,1.1910614025227884e-07,-2.151440911529914e-07
30,5.9688659247531675e-05,5.426371916069669e-06,-2.3846033388035815e-06,-2.9942218474138817e-06,-7.673428063772091e-07,-4.259391544212716e-05,-1.646040039480165e-06,-4.213064177612565e-06,7.500562935835886e-06,-1.8956172707127102e-05,-1.1590170209761598e-05,-2.7467983823195237e-07,-6.969222071158847e-06,-1.536446153838718e-06,-5.741789090439575e-06,-3.4905093632645467e-06,-4.179129266976416e-06,5.5368897981745345e-06,-2.6524911677876473e-06,-1.238926014184299e-06,5.799493634322632e-06,-2.2920388075925983e-06,1.6896084573769743e-06,-1.745192957405184e-06,-4.094379749116655e-06,3.23881153134835e-06,-1.059428095598966e-06,-6.651822502658741e-07,0.02461855366339065,-7.344156554452077e-07,-2.7689311641684346e-07,-3.424069737960854e-08
31,1.8328904736284905e-05,1.3174468296827084e-05,1.9852767212889673e-05,1.4589548010889003e-05,6.6753874960431005e-06,-1.6485016183694547e-05,3.039296904502485e-06,1.7869705339567717e-06,-1.6542725922163776e-06,2.8677553556690267e-06,4.605057616383087e-06,6.4424729230395665e-06,-7.421178352144767e-06,-4.300924545235425e-06,3.4488013776783655e-07,-3.08298173447553e-06,-3.011687877833188e-06,9.793127198496748e-07,1.1360525851319375e-06,1.4671448930459691e-06,-1.8898656593713292e-06,2.0061415220790815e-07,2.914662065937959e-07,1.3427391351940532e-06,7.531131976270902e-07,-8.994071375952343e-07,7.354959016160015e-07,7.563258433786496e-07,-7.344156554452077e-07,0.009132919878641206,1.2685722126961424e-08,-6.905465517782815e-08
32,1.5882711152796354e-05,-3.5406153903845993e-06,2.2700045007225904e-06,-2.435468355913079e-06,2.393248495418538e-06,-3.9672812717638175e-06,-5.535525370948633e-06,3.439627877644994e-06,5.121009055362063e-07,-2.689167703244487e-06,3.1933323102105047e-06,2.7838171208973617e-06,4.4796719781549225e-07,4.317674134690104e-06,-1.6855835501014583e-06,4.424600469162674e-06,-1.2016303687624273e-07,-1.8747760708250938e-06,3.269544532492652e-07,-1.9395081239742384e-06,-1.7763227396941317e-06,1.1957665265125322e-06,3.9096849435748136e-07,-7.451194751648446e-07,5.945627231917755e-07,3.021477815128582e-07,3.2890531220424515e-07,1.1910614025227884e-07,-2.7689311641684346e-07,1.2685722126961424e-08,0.002673768473538188,-7.151202264653255e-09
33,-1.1937696166348165e-06,-3.970627265653889e-06,3.030684752968511e-06,5.693130415509767e-07,3.2649726059390883e-07,3.6716202888995503e-06,-1.4745986809987602e-06,-1.447464603296713e-07,4.853804160697618e-07,-5.143997501990007e-07,8.826158146133806e-07,1.4101136310207413e-07,1.0479109362995784e-06,-6.82281599103566e-07,-6.323742695953825e-07,3.673989630218224e-07,1.1521572809998373e-07,3.206149485050978e-07,1.6729460797532325e-07,1.5210838936010738e-07,-2.821328331291622e-07,-1.6883858407769316e-07,-2.334611754552506e-07,-5.4604107277124777e-08,1.1454632253661224e-07,-1.8143544482579384e-07,-4.4145196573056936e-08,-2.151440911529914e-07,-3.424069737960854e-08,-6.905465517782815e-08,-7.151202264653255e-09,0.0006124498616547017
