,3,4,5,6,7,8,9
3,15362724.220789976,-44.49194131866958,35.42240846865569,-7.528271208534727,-3.470946407430778,0.8270602125081208,0.5379853032520655
4,-44.49194131866958,1070042.5876849538,-11.917531669738535,-2.6054693077226045,0.6313059663810383,0.18118122865235448,-0.010544422535637497
5,35.42240846865569,-11.917531669738535,486106.74806025106,-5.285508746305944,1.019322087015865,1.2127744639326306,0.035627989295276004
6,-7.528271208534727,-2.6054693077226045,-5.285508746305944,133279.44235569006,0.3719403097444858,-0.3669456484482414,0.027843132033939528
7,-3.470946407430778,0.6313059663810383,1.019322087015865,0.3719403097444858,21389.240931733588,-0.011159009238671788,0.015573782641466328
8,0.8270602125081208,0.18118122865235448,1.2127744639326306,-0.3669456484482414,-0.011159009238671788,1439.4153345314915,0.002477070058718084
9,0.5379853032520655,-0.010544422535637497,0.035627989295276004,0.027843132033939528,0.015573782641466328,0.002477070058718084,62.98982687795495
