index,0,1,2,3,4,5,6,7,8,9,10,11,12,13,14,15,16,17,18,19,20,21,22,23,24,25,26,27,28,29,30,31,32,33,34,35,36,37,38,39,40,41
0,49235.481327715206,1.4007610012971166,-0.2110396997462047,0.4370426946870187,0.1202703883487588,-0.1662160517422084,-0.0865775686387338,-2.541508967499931,0.8193953240580972,-0.4661170537083538,-0.70666026903894,-0.2972756254482968,0.10045454909693423,0.02680982312983173,-0.44928293509474315,0.4965889312505808,0.18192195073547732,0.34444629050825976,-0.16347263059941622,0.007465345936799049,-0.06539749017469532,-1.8625483136711511,0.8564173200718758,0.13645404835826613,0.3004162160933414,0.09661195025925384,0.33160586607337333,-0.046020178336334594,-0.603601243785875,-2.2849682236777076,0.24151158172721512,-0.42692260203603716,-0.23261933973509036,0.3696300568284654,-0.0031557771976796875,0.8216248279086151,-0.1400715742600909,-0.3933550830756028,0.15257653856407472,0.10379795946078973,0.05360017643270617,0.053654172261542316
1,1.4007610012971166,17540.133977391575,0.6691657939502568,-0.4032262161227384,-0.11186954182065989,-0.10487914382869061,-0.009719550001713486,1.5345504714556113,-0.22116328152679873,-0.3873668114972589,0.06368224175182155,-0.07520346985266109,0.020364410948820667,-0.07282249925878272,-0.6310836174622432,0.22883379241729698,0.14365911489708846,0.1925508375473683,-0.01532270054632236,0.11216681521688439,0.08673961792716295,0.36163003246818376,-0.9435180269002983,-0.6127819953439467,0.1840653996393507,0.2931611254153811,-0.03912793920874839,0.10797084421079926,0.30589753763736516,-0.21218927012326927,-0.14380805835058166,0.0681787250877477,-0.0065429375685390765,-0.0004136901705765964,0.026726812473887095,0.9968696842620203,-0.30755571484746747,-0.15431886261224187,-0.2695306598097363,0.041977825033042676,0.04301136077210501,0.06643632254500398
2,-0.2110396997462047,0.6691657939502568,6263.8478010457675,-0.06912165988779646,0.0009115599046512113,0.07780892161884606,0.04014751830080184,0.13396106691601642,0.4630242859269059,-0.20862745273757644,0.06917405812340459,-0.10707106758172442,0.07678116105439663,0.036247192966530166,-0.4164988952709491,-0.5065082664494341,0.3678034632084959,-0.13395225793290713,-0.09928775910399115,0.059045047068872564,0.010779390222738824,-0.40514267978624935,0.11159012004852586,0.22064689210861918,-0.2480152770779329,0.05205323774799712,-0.020989207428101172,0.02589511644846996,0.4995331615882717,0.1160691383862309,0.10147950879316993,-0.016956097649339093,0.04733052768936511,-0.038705157648718354,0.028571715195058058,-0.6283721280350256,0.5456342590716033,0.002659565427371698,-0.2446736337386189,-0.0009051836448301335,0.0766273500044305,-0.013874791186465393
3,0.4370426946870187,-0.4032262161227384,-0.06912165988779646,2366.9806105436255,-0.052441579862445624,0.016550967873641936,-0.009127605100798462,-0.6065981240128586,-0.22013462562114786,0.019510709792959265,-0.11982284471418474,0.11940455532225351,0.001406955397909885,-0.015943525422189957,0.3068900701556303,0.022856215697185076,0.06673694356840004,0.03386227268915649,-0.0051176887833820585,0.021449373832379666,0.012808552510086361,-0.5507802636607777,0.1512548297206448,-0.06902158736716194,0.004615360056717867,0.029952980027262464,-0.02814597232134392,-0.05313381018253952,0.31994671090443133,0.00822716028320823,-0.16064503741205916,-0.0440494848510436,-0.036209645485183635,-0.03519855986778918,0.014043905468863256,0.376021054154431,0.08758473204719382,0.10502226167546386,0.055791984410478695,0.01693876619688007,-0.025009351312221133,-0.008067592660208782
4,0.1202703883487588,-0.11186954182065989,0.0009115599046512113,-0.052441579862445624,947.3176506568105,-0.009672986279772616,0.0023861587585199103,0.03042151356774275,0.00432340114480006,0.2080402616843542,-0.021613429667953134,0.013523758142391549,-0.00964296038208199,-0.019212765137679017,0.1292665886750298,-0.12622965926657342,0.02210437757911701,0.10729233684203607,0.015828565548216173,-0.024180700782844042,-0.006869710814492446,-0.16766089259955907,-0.3507494825130119,0.01641240579656122,-0.015904968339095934,-0.009163821817162063,-0.009979941066071897,-0.01017867278630103,-0.035504469698352505,0.11826542352440635,0.0019541363584781534,0.05790870998470076,-0.00192355217103748,0.007632509854993048,0.0034757553893393013,-0.016153898719381474,0.1141933790765352,-0.062289076198259484,0.0644114764063249,0.011358552913244493,0.02290607601398504,-0.015572226633035707
5,-0.1662160517422084,-0.10487914382869061,0.07780892161884606,0.016550967873641936,-0.009672986279772616,332.0725120754862,-0.0013466315377616334,-0.26181822930398213,0.06883927968755459,-0.021043749080302435,0.013747276774070978,0.018597158803660835,0.002181959949858905,0.0009594209769355561,0.14801304053231473,0.16484984686508983,-0.035112979473622574,-0.04356116987111171,0.011721389015072213,-0.010518590828550722,-0.00761559735560185,0.12835905812759651,0.01060740833775305,0.03268439848577558,-0.0046162584643787115,-0.0020597749470621534,-0.0016427839378866066,0.004226269477008844,-0.033436588725828525,0.015375176307001425,0.014882578340902985,0.027769380599276132,-0.012258005608975393,-0.012047371166182552,0.004339272937653093,-0.10671668502140645,0.016588552985269543,-0.008126288470930028,0.04045969438742033,-0.002665539655909387,0.0052182685763567825,0.0006197173285492221
6,-0.0865775686387338,-0.009719550001713486,0.04014751830080184,-0.009127605100798462,0.0023861587585199103,-0.0013466315377616334,206.06777228260003,0.08257573013047269,-0.002938588671051013,0.07230732801293421,0.015094970641764991,-0.014674444592355717,-0.002029974140308818,-0.009031929545109925,-0.04626326119718498,0.0108222838783779,0.014086591735504094,0.01981931991466513,0.00715911171116853,0.006869469339694318,0.003762258187888352,-0.13218859654300508,0.0015190909027354275,0.04452738297524708,0.029772278695819464,-0.006422934442079185,-0.002266413726276544,0.0019348973859830128,0.17814451064129336,-0.04104080033527581,0.0011736663411535946,0.02616173302145944,0.01706327756076955,-0.003777856318948782,-0.0061752601161580364,-0.05034447450997602,0.0009876662979627071,0.024587084751494584,-0.021966665234261253,0.023105589722113854,-0.01090221856841618,0.0017157826037086119
7,-2.541508967499931,1.5345504714556113,0.13396106691601642,-0.6065981240128586,0.03042151356774275,-0.26181822930398213,0.08257573013047269,69679.31955241079,-0.14041748255870548,0.5669866679759796,0.011250709126717693,-0.09510589214426535,0.3090662915704626,-0.10759937420697785,-1.1507579350579202,0.33093884568003246,-0.46493082367367883,-0.5966072387014052,-0.20890941832554175,-0.1211177517676601,-0.05833605772302727,3.987328488287973,1.3247124781323842,-0.013174725937671338,-0.21718779729077253,0.09660203187491691,-0.1505037498911391,0.2935010025914813,2.0472912247073736,0.23292593094990413,-0.8957801763629222,-0.04499709363877492,-0.004204726747642539,0.1142024954008092,-0.12441227515134279,0.5663671160980304,-1.625916314790668,-0.5339959878306184,-0.5353459019830353,0.27849555708570634,0.20773986190126398,-0.14723463547333815
8,0.8193953240580972,-0.22116328152679873,0.4630242859269059,-0.22013462562114786,0.00432340114480006,0.06883927968755459,-0.002938588671051013,-0.14041748255870548,24894.646340293675,0.3022643947813567,0.10874573933870844,0.004497337939311984,0.16927733493723587,-0.1615265153192704,-1.419353093849422,-0.07168164942925967,0.5284795656226208,-0.26240016892967094,-0.15263866238685894,-0.03911468805659444,0.04633133949547123,-0.38998892804276614,-0.5376605686346279,0.07921579430469149,0.06844975467468074,-0.05869706960500995,-0.07403010389961381,-0.06181719467386549,-0.10671428268870248,0.15394158903299363,0.4156727390624269,-0.37554921552641696,-0.09720192871170806,0.04205379971509988,0.010517637470130863,0.5775664911297798,0.9792331928321902,-0.6705069024782437,0.17686452315169304,0.12803106381800283,-0.008386348010385786,-0.03166526822541774
9,-0.4661170537083538,-0.3873668114972589,-0.20862745273757644,0.019510709792959265,0.2080402616843542,-0.021043749080302435,0.07230732801293421,0.5669866679759796,0.3022643947813567,9170.75930935599,-0.33898500060139036,0.03428711773181671,0.06272976356607245,0.06416086480361496,0.1773620356155035,0.01635636939759296,-0.2926284865133414,-0.06406281922305265,-0.044428719408191576,0.0449919530086708,0.023738158921719345,0.06450270751046303,-0.022773136400434185,0.4384769592584576,0.0035683589622873915,-0.08618803992527688,-0.0013885119803956853,-0.015013865038172399,0.40753832868407075,0.14189785988833672,0.4329529577618931,0.07872538107944635,0.02898555736407738,0.02803065569917773,-0.04282545572346389,0.24085482519620757,-0.3106159148164243,0.20938920104108194,0.0178344177932219,-0.00027297911463031123,-0.09271009825076364,0.021598423942699365
10,-0.70666026903894,0.06368224175182155,0.06917405812340459,-0.11982284471418474,-0.021613429667953134,0.013747276774070978,0.015094970641764991,0.011250709126717693,0.10874573933870844,-0.33898500060139036,3412.0051857002236,-0.04365225759108473,0.027938543861074524,-0.0143779836309411,0.469472276957322,-0.028995618442900915,0.02602492876355946,0.02483515313670217,-0.10997216321791566,-0.008763159613236673,-0.004544012538451534,-0.23529510500101936,0.3357316264315578,0.0293681912075851,0.05304747425297591,-0.038731684066421,-0.0070210523257624455,-0.00552860128880096,-0.02290014403594675,0.04932807191900673,-0.07198285420864466,-0.0025112786207874727,-0.038645656771837615,0.018266254848162824,0.035735426932095936,-0.6481880577902163,-0.8007448540689228,0.009871767647764297,-0.04913154184842009,-0.036593390685757315,-0.03746687548909061,0.01098035379619225
11,-0.2972756254482968,-0.07520346985266109,-0.10707106758172442,0.11940455532225351,0.013523758142391549,0.018597158803660835,-0.014674444592355717,-0.09510589214426535,0.004497337939311984,0.03428711773181671,-0.04365225759108473,1237.5819951651267,0.01478269004614344,-0.009699335648110619,0.19133286919813483,-0.13899882355979054,0.11871071778559136,-0.032920023698709826,0.013696224754091607,-0.017608415936441933,0.02551441363836977,-0.026752344946471628,-0.11182275174710168,-0.17752094111509417,0.05077766858098334,-0.019136416787062648,0.01829570703711361,0.009138156879050547,-0.5332786702461932,0.04180317117975905,0.0558621857248084,-0.010739181412982744,0.029442207081166422,0.03864466335224438,0.010994809536530032,0.0569462303299852,-0.056387797964385936,0.039926684086477524,0.023377154389516475,-0.043127374591732534,0.009549175046367988,-0.0012640337586452477
12,0.10045454909693423,0.020364410948820667,0.07678116105439663,0.001406955397909885,-0.00964296038208199,0.002181959949858905,-0.002029974140308818,0.3090662915704626,0.16927733493723587,0.06272976356607245,0.027938543861074524,0.01478269004614344,476.64195539157294,-0.00348380315704957,-0.07907393176235565,-0.11078114868830242,-0.006081114459681391,-0.018217238406651307,0.015388230546799136,0.0033929938581029892,-0.0036968425679802077,0.17185799855462097,0.09525188312527362,-0.009938964380779992,0.0044370659868119555,-0.0197354598716067,0.033349491218245625,0.007217363485233734,-0.10135272011052247,-0.02875936881402222,-0.024718428072829025,0.05814203017967456,-0.009056996509658828,-0.007299639388360222,-0.019733498822081946,0.09892446087827746,-0.010448571129012778,0.08147892112982717,-0.050286708752615435,-0.05887378263398904,-0.007910273841978736,0.012185955860520533
13,0.02680982312983173,-0.07282249925878272,0.036247192966530166,-0.015943525422189957,-0.019212765137679017,0.0009594209769355561,-0.009031929545109925,-0.10759937420697785,-0.1615265153192704,0.06416086480361496,-0.0143779836309411,-0.009699335648110619,-0.00348380315704957,219.57023783052716,0.006524266284346366,0.027085686033389716,-0.04775341915508555,0.029274405919202967,0.00414219808213911,0.005914582875065367,0.001345291475231983,-0.06301806278529104,0.004773334251728985,0.03726146469566429,0.032515624028374594,-0.008220165164234749,-0.0035187509615722673,0.009183761862148357,-0.07092083805418914,0.022238194937908257,-0.00102948443504887,-0.01570464850856888,-0.024781758802558507,-0.00414780505254528,-0.002664955632972712,-0.12445361005285192,-0.026433638268478707,0.02395425632955755,0.0253202809234541,-0.019185946003302208,-0.0042015238623207005,-0.003948073302842165
14,-0.44928293509474315,-0.6310836174622432,-0.4164988952709491,0.3068900701556303,0.1292665886750298,0.14801304053231473,-0.04626326119718498,-1.1507579350579202,-1.419353093849422,0.1773620356155035,0.469472276957322,0.19133286919813483,-0.07907393176235565,0.006524266284346366,46268.735955151235,0.735654578525959,0.24004199121698436,0.23223547888001136,-0.23777109427255366,0.002084498809134146,-0.11915914544520406,-0.9788899273271857,2.0562747511963573,0.19377150952058975,0.15473039465915933,-0.04925408924986607,0.027540581546522145,-0.058375380042712983,-2.306042568600447,0.8112436834070252,-0.10230517184452306,-0.4428760038224939,0.07094363492226237,-0.01410937629871481,-0.11063110172033122,1.6375084796197026,0.034058355545932145,-0.6097881893258436,-0.19196438801214274,-0.23724775171323498,-0.1432100976214817,-0.08180081628995892
15,0.4965889312505808,0.22883379241729698,-0.5065082664494341,0.022856215697185076,-0.12622965926657342,0.16484984686508983,0.0108222838783779,0.33093884568003246,-0.07168164942925967,0.01635636939759296,-0.028995618442900915,-0.13899882355979054,-0.11078114868830242,0.027085686033389716,0.735654578525959,16278.326740542558,-0.249974217415171,-0.10522952674376539,0.0030084420094277134,-0.2924234664471998,0.0616882265278182,0.19587092661598413,-0.261647220839875,-0.3809791399003441,0.06491358883080557,0.032497131355445616,0.10333530560708037,0.025191059194251735,-0.910572603478736,0.3165361272899303,0.33596689538871266,-0.1372687957068721,0.16347965622836177,0.044365472360410683,0.04510490596848501,0.16089132606541579,0.07676452519903428,0.01651231090889604,0.072006717099191,0.07905766690412222,-0.07948504308710541,-0.009843784979171365
16,0.18192195073547732,0.14365911489708846,0.3678034632084959,0.06673694356840004,0.02210437757911701,-0.035112979473622574,0.014086591735504094,-0.46493082367367883,0.5284795656226208,-0.2926284865133414,0.02602492876355946,0.11871071778559136,-0.006081114459681391,-0.04775341915508555,0.24004199121698436,-0.249974217415171,5788.951943082207,-0.21488961630406095,-0.03602094255829624,0.0005103743189596398,-0.0016670896685916801,0.27243995961801426,-0.13842031450953984,0.31462214799191607,-0.19596250889338496,-0.019505859188976474,-0.11377041590326493,0.05371414410365569,-0.13266369164471756,0.1168143953542919,-0.33668002019433957,0.027137085356599613,0.100170982224953,0.04141316845821835,-0.0039719176315693066,-0.25447197130556143,-0.1623952354417216,-0.560041385721497,-0.09151358104101781,0.024632249700516244,0.010688372493637684,0.0571113020598412
17,0.34444629050825976,0.1925508375473683,-0.13395225793290713,0.03386227268915649,0.10729233684203607,-0.04356116987111171,0.01981931991466513,-0.5966072387014052,-0.26240016892967094,-0.06406281922305265,0.02483515313670217,-0.032920023698709826,-0.018217238406651307,0.029274405919202967,0.23223547888001136,-0.10522952674376539,-0.21488961630406095,2220.0804433427797,-0.0031032019364054396,-0.017960131292568626,0.03208931468956745,0.3290464572361861,0.14687681470551317,-0.08896552787254684,-0.10214226031827006,0.019162667086267314,0.0010214046454494405,-0.010604989328508894,0.19461622785459604,-0.22053970647550977,0.08791801791704972,0.04444200289237146,-0.02776838295990697,-0.008411823438977322,-0.010434921324404852,-0.09559721851953423,0.38427359264442496,-0.09589404988223585,-0.08356675172216263,-0.0017503982619310398,-0.009235811320722438,0.015032965868136414
18,-0.16347263059941622,-0.01532270054632236,-0.09928775910399115,-0.0051176887833820585,0.015828565548216173,0.011721389015072213,0.00715911171116853,-0.20890941832554175,-0.15263866238685894,-0.044428719408191576,-0.10997216321791566,0.013696224754091607,0.015388230546799136,0.00414219808213911,-0.23777109427255366,0.0030084420094277134,-0.03602094255829624,-0.0031032019364054396,881.6850127164337,-0.019952622680576924,-0.026178807895513138,-0.17480187597247804,-0.17335701709297932,-0.07400215438078708,0.02312536562683795,0.006764560524834085,0.001872484450215225,0.007880301826679948,0.16936888737396213,0.03131840324841094,-0.07974145621975288,-0.016457100197502406,0.018699396231830746,-0.01687457356712547,-0.019129518557818484,-0.18506147163469555,-0.04630048619361771,0.08327898454268406,0.012215736204511723,-0.017576146846586156,0.015621445728052631,0.006425866993573139
19,0.007465345936799049,0.11216681521688439,0.059045047068872564,0.021449373832379666,-0.024180700782844042,-0.010518590828550722,0.006869469339694318,-0.1211177517676601,-0.03911468805659444,0.0449919530086708,-0.008763159613236673,-0.017608415936441933,0.0033929938581029892,0.005914582875065367,0.002084498809134146,-0.2924234664471998,0.0005103743189596398,-0.017960131292568626,-0.019952622680576924,324.867372382113,-0.0008174652041062902,-0.2186420072343191,0.005769621565101167,0.06038178543787577,-0.012984677440706196,-0.00360815718181096,-0.005673601283860134,0.011317796826097324,0.07778984727382403,-0.048857599466610314,-0.028935582612989643,-0.009798013447921144,0.018827859851192164,-0.005581872055772427,0.0008376965483267699,0.06040926124581542,0.1571923633770881,-0.059642056453315,-0.01804212379090753,0.006007348313258156,-0.008085364806593857,-0.011452385186428807
20,-0.06539749017469532,0.08673961792716295,0.010779390222738824,0.012808552510086361,-0.006869710814492446,-0.00761559735560185,0.003762258187888352,-0.05833605772302727,0.04633133949547123,0.023738158921719345,-0.004544012538451534,0.02551441363836977,-0.0036968425679802077,0.001345291475231983,-0.11915914544520406,0.0616882265278182,-0.0016670896685916801,0.03208931468956745,-0.026178807895513138,-0.0008174652041062902,165.34315091724088,-0.07801613142104387,0.09514938149685316,0.024327611520761648,-0.04047359759551865,0.0212040062552515,-0.003990094287417963,0.0007824031573246653,-0.031610777509447914,0.04125046713345886,0.013647799503551546,-0.026591528573812348,-0.02210996246696326,-0.002771328605363334,0.003217846976488782,-0.04207256363701303,0.04022849982515139,0.001399602680566806,-0.005532220639500308,0.010041242520675765,-0.0008556238711138899,-0.0013682397947675689
21,-1.8625483136711511,0.36163003246818376,-0.40514267978624935,-0.5507802636607777,-0.16766089259955907,0.12835905812759651,-0.13218859654300508,3.987328488287973,-0.38998892804276614,0.06450270751046303,-0.23529510500101936,-0.026752344946471628,0.17185799855462097,-0.06301806278529104,-0.9788899273271857,0.19587092661598413,0.27243995961801426,0.3290464572361861,-0.17480187597247804,-0.2186420072343191,-0.07801613142104387,55042.559053276374,-1.4065206174816867,0.01087397630297707,0.9505422854520541,-0.07767985110449291,-0.025210812460321322,0.22309236852860242,1.7490694055343536,0.24176572175693475,0.4970505222030368,0.8082560911244666,0.16842280565493875,0.25138481233220145,0.053734020268188125,-0.11218393862974745,0.3656118592708658,0.78972191771355,0.10284629075641583,-0.4418343457127754,-0.09601293243026317,0.12133477276180085
22,0.8564173200718758,-0.9435180269002983,0.11159012004852586,0.1512548297206448,-0.3507494825130119,0.01060740833775305,0.0015190909027354275,1.3247124781323842,-0.5376605686346279,-0.022773136400434185,0.3357316264315578,-0.11182275174710168,0.09525188312527362,0.004773334251728985,2.0562747511963573,-0.261647220839875,-0.13842031450953984,0.14687681470551317,-0.17335701709297932,0.005769621565101167,0.09514938149685316,-1.4065206174816867,19405.98427991776,0.14358009688044127,0.20869714954487895,-0.20633357783465803,-0.05848533848562558,0.08762434095491904,1.0701510419396945,-0.08917392270955876,-0.25609107089024025,-0.21454707946468246,-0.23201047849388898,0.23418388859624892,-0.05659892263059613,-1.3995808973297412,0.21522312307083044,0.3329509181961761,0.01815695484566414,0.04372815824577747,0.05835220531174658,-0.06300833554423564
23,0.13645404835826613,-0.6127819953439467,0.22064689210861918,-0.06902158736716194,0.01641240579656122,0.03268439848577558,0.04452738297524708,-0.013174725937671338,0.07921579430469149,0.4384769592584576,0.0293681912075851,-0.17752094111509417,-0.009938964380779992,0.03726146469566429,0.19377150952058975,-0.3809791399003441,0.31462214799191607,-0.08896552787254684,-0.07400215438078708,0.06038178543787577,0.024327611520761648,0.01087397630297707,0.14358009688044127,7224.023659632384,0.04184672495848325,0.05632339093607973,-0.06729717047381736,-0.049453466673934625,0.17653018916691035,0.0632158836780896,0.047905395300334,-0.10068393423725265,0.2320651172275958,-0.03302021525668184,-0.012850814201662463,-0.9290428075766747,-0.9003145377284691,0.09062870366062235,-0.043669226349050114,-0.03190353502371747,-0.041413342783983696,0.05035148049645808
24,0.3004162160933414,0.1840653996393507,-0.2480152770779329,0.004615360056717867,-0.015904968339095934,-0.0046162584643787115,0.029772278695819464,-0.21718779729077253,0.06844975467468074,0.0035683589622873915,0.05304747425297591,0.05077766858098334,0.0044370659868119555,0.032515624028374594,0.15473039465915933,0.06491358883080557,-0.19596250889338496,-0.10214226031827006,0.02312536562683795,-0.012984677440706196,-0.04047359759551865,0.9505422854520541,0.20869714954487895,0.04184672495848325,2550.1258147529074,-0.05056072492644228,0.035308865473270924,0.003900746642167305,0.2372228329532179,-0.2542190745637884,0.19607045796152384,0.009114626798382918,-0.1188319784848177,-0.0046214030179377195,0.003744331634435208,-0.08637856082421043,0.11709573298471722,-0.07280738141685353,-0.07102273580126774,0.12098813559888215,-0.03460305290618262,-0.0018831959994543835
25,0.09661195025925384,0.2931611254153811,0.05205323774799712,0.029952980027262464,-0.009163821817162063,-0.0020597749470621534,-0.006422934442079185,0.09660203187491691,-0.05869706960500995,-0.08618803992527688,-0.038731684066421,-0.019136416787062648,-0.0197354598716067,-0.008220165164234749,-0.04925408924986607,0.032497131355445616,-0.019505859188976474,0.019162667086267314,0.006764560524834085,-0.00360815718181096,0.0212040062552515,-0.07767985110449291,-0.20633357783465803,0.05632339093607973,-0.05056072492644228,993.3678570501654,-0.0022455055401072025,0.000255288778254599,0.18592916650594746,-0.0357939997431568,0.03379546747840066,0.03373295955302283,0.02109389693098202,0.004369987943635664,0.00896966192244818,0.004002334136668788,-0.15157883946289127,-0.0625866649260894,0.03816150765169597,0.03872420681856513,-0.013281213816390202,0.005991475799901647
26,0.33160586607337333,-0.03912793920874839,-0.020989207428101172,-0.02814597232134392,-0.009979941066071897,-0.0016427839378866066,-0.002266413726276544,-0.1505037498911391,-0.07403010389961381,-0.0013885119803956853,-0.0070210523257624455,0.01829570703711361,0.033349491218245625,-0.0035187509615722673,0.027540581546522145,0.10333530560708037,-0.11377041590326493,0.0010214046454494405,0.001872484450215225,-0.005673601283860134,-0.003990094287417963,-0.025210812460321322,-0.05848533848562558,-0.06729717047381736,0.035308865473270924,-0.0022455055401072025,377.9518649329435,0.008190380666875535,0.07087555519224807,0.05555768773754231,0.022988805195251816,-0.02012791952882982,0.008262277284516445,0.020283733226615648,0.00965699784360427,0.1427047559365984,-0.056877006257568224,0.03532438617881014,0.017901803655223317,0.005234301165853517,-0.010108303518118528,0.022348033529407403
27,-0.046020178336334594,0.10797084421079926,0.02589511644846996,-0.05313381018253952,-0.01017867278630103,0.004226269477008844,0.0019348973859830128,0.2935010025914813,-0.06181719467386549,-0.015013865038172399,-0.00552860128880096,0.009138156879050547,0.007217363485233734,0.009183761862148357,-0.058375380042712983,0.025191059194251735,0.05371414410365569,-0.010604989328508894,0.007880301826679948,0.011317796826097324,0.0007824031573246653,0.22309236852860242,0.08762434095491904,-0.049453466673934625,0.003900746642167305,0.000255288778254599,0.008190380666875535,170.61677483989388,-0.07110532815271854,-0.005825372653033785,0.05191824040119026,0.01900973414846723,0.012139042907009935,0.006077075568076231,0.000930955677224466,0.02446349877742366,-0.035795946645349165,-0.009678327795533917,0.027528665680559877,-0.02106980615320711,-0.01025229637300283,-0.004134594833632106
28,-0.603601243785875,0.30589753763736516,0.4995331615882717,0.31994671090443133,-0.035504469698352505,-0.033436588725828525,0.17814451064129336,2.0472912247073736,-0.10671428268870248,0.40753832868407075,-0.02290014403594675,-0.5332786702461932,-0.10135272011052247,-0.07092083805418914,-2.306042568600447,-0.910572603478736,-0.13266369164471756,0.19461622785459604,0.16936888737396213,0.07778984727382403,-0.031610777509447914,1.7490694055343536,1.0701510419396945,0.17653018916691035,0.2372228329532179,0.18592916650594746,0.07087555519224807,-0.07110532815271854,44369.280673545014,-1.3087305853409898,0.028681531076273768,0.14956419828954373,-0.22086556659352907,-0.1811021063885722,0.10288305263586926,-0.3572174419534604,0.8731104198917301,0.9085365412548819,0.045726204137619506,0.15225176611780536,0.0873030041117413,0.09475027437192017
29,-2.2849682236777076,-0.21218927012326927,0.1160691383862309,0.00822716028320823,0.11826542352440635,0.015375176307001425,-0.04104080033527581,0.23292593094990413,0.15394158903299363,0.14189785988833672,0.04932807191900673,0.04180317117975905,-0.02875936881402222,0.022238194937908257,0.8112436834070252,0.3165361272899303,0.1168143953542919,-0.22053970647550977,0.03131840324841094,-0.048857599466610314,0.04125046713345886,0.24176572175693475,-0.08917392270955876,0.0632158836780896,-0.2542190745637884,-0.0357939997431568,0.05555768773754231,-0.005825372653033785,-1.3087305853409898,15727.27920691345,0.328754275177574,0.05204174723153228,0.029271409871495045,0.11206005414769164,0.022248105433877383,-0.7786037652342065,0.29460659587215604,-0.4490455046046621,0.14716915968294011,0.07253360857542919,0.06362627078027061,-0.0017974311091647716
30,0.24151158172721512,-0.14380805835058166,0.10147950879316993,-0.16064503741205916,0.0019541363584781534,0.014882578340902985,0.0011736663411535946,-0.8957801763629222,0.4156727390624269,0.4329529577618931,-0.07198285420864466,0.0558621857248084,-0.024718428072829025,-0.00102948443504887,-0.10230517184452306,0.33596689538871266,-0.33668002019433957,0.08791801791704972,-0.07974145621975288,-0.028935582612989643,0.013647799503551546,0.4970505222030368,-0.25609107089024025,0.047905395300334,0.19607045796152384,0.03379546747840066,0.022988805195251816,0.05191824040119026,0.028681531076273768,0.328754275177574,5533.401869806154,0.11113955730625792,0.028770508515471006,0.06096785940049159,0.06594499267763661,-0.5486466228792157,-0.5576895820946038,-0.15666657888521013,-0.013431452120217848,0.06262061613264289,-0.09207423745026737,0.05261510312002554
31,-0.42692260203603716,0.0681787250877477,-0.016956097649339093,-0.0440494848510436,0.05790870998470076,0.027769380599276132,0.02616173302145944,-0.04499709363877492,-0.37554921552641696,0.07872538107944635,-0.0025112786207874727,-0.010739181412982744,0.05814203017967456,-0.01570464850856888,-0.4428760038224939,-0.1372687957068721,0.027137085356599613,0.04444200289237146,-0.016457100197502406,-0.009798013447921144,-0.026591528573812348,0.8082560911244666,-0.21454707946468246,-0.10068393423725265,0.009114626798382918,0.03373295955302283,-0.02012791952882982,0.01900973414846723,0.14956419828954373,0.05204174723153228,0.11113955730625792,2144.428494332395,0.0032572801203875133,0.055229537880088476,-0.007280873517160177,-0.22300591510631923,0.05591056123843808,-0.1090280352499659,-0.08997333024224312,0.047164611502979806,0.009610474330136173,0.032993449228067066
32,-0.23261933973509036,-0.0065429375685390765,0.04733052768936511,-0.036209645485183635,-0.00192355217103748,-0.012258005608975393,0.01706327756076955,-0.004204726747642539,-0.09720192871170806,0.02898555736407738,-0.038645656771837615,0.029442207081166422,-0.009056996509658828,-0.024781758802558507,0.07094363492226237,0.16347965622836177,0.100170982224953,-0.02776838295990697,0.018699396231830746,0.018827859851192164,-0.02210996246696326,0.16842280565493875,-0.23201047849388898,0.2320651172275958,-0.1188319784848177,0.02109389693098202,0.008262277284516445,0.012139042907009935,-0.22086556659352907,0.029271409871495045,0.028770508515471006,0.0032572801203875133,836.7867856581146,0.0401455976795086,0.004229849303866057,0.16509442402791735,0.005557517504794403,-0.03808642492913763,6.587187163077329e-05,0.046212838337010356,0.002157381538872475,-0.006008200192403943
33,0.3696300568284654,-0.0004136901705765964,-0.038705157648718354,-0.03519855986778918,0.007632509854993048,-0.012047371166182552,-0.003777856318948782,0.1142024954008092,0.04205379971509988,0.02803065569917773,0.018266254848162824,0.03864466335224438,-0.007299639388360222,-0.00414780505254528,-0.01410937629871481,0.044365472360410683,0.04141316845821835,-0.008411823438977322,-0.01687457356712547,-0.005581872055772427,-0.002771328605363334,0.25138481233220145,0.23418388859624892,-0.03302021525668184,-0.0046214030179377195,0.004369987943635664,0.020283733226615648,0.006077075568076231,-0.1811021063885722,0.11206005414769164,0.06096785940049159,0.055229537880088476,0.0401455976795086,344.7329525442958,0.017445916181401146,0.10298507987293047,0.11863585148653716,-0.019115341141950577,0.046572701525927566,0.015195472847671022,-0.009388194611067805,-0.002672105851305488
34,-0.0031557771976796875,0.026726812473887095,0.028571715195058058,0.014043905468863256,0.0034757553893393013,0.004339272937653093,-0.0061752601161580364,-0.12441227515134279,0.010517637470130863,-0.04282545572346389,0.035735426932095936,0.010994809536530032,-0.019733498822081946,-0.002664955632972712,-0.11063110172033122,0.04510490596848501,-0.0039719176315693066,-0.010434921324404852,-0.019129518557818484,0.0008376965483267699,0.003217846976488782,0.053734020268188125,-0.05659892263059613,-0.012850814201662463,0.003744331634435208,0.00896966192244818,0.00965699784360427,0.000930955677224466,0.10288305263586926,0.022248105433877383,0.06594499267763661,-0.007280873517160177,0.004229849303866057,0.017445916181401146,138.97439585748938,0.022290019052621915,-0.06182718666539665,-0.028159265072565613,-0.01649935254969782,-0.009738843089570584,-0.002528945763390189,0.0030395252286001062
35,0.8216248279086151,0.9968696842620203,-0.6283721280350256,0.376021054154431,-0.016153898719381474,-0.10671668502140645,-0.05034447450997602,0.5663671160980304,0.5775664911297798,0.24085482519620757,-0.6481880577902163,0.0569462303299852,0.09892446087827746,-0.12445361005285192,1.6375084796197026,0.16089132606541579,-0.25447197130556143,-0.09559721851953423,-0.18506147163469555,0.06040926124581542,-0.04207256363701303,-0.11218393862974745,-1.3995808973297412,-0.9290428075766747,-0.08637856082421043,0.004002334136668788,0.1427047559365984,0.02446349877742366,-0.3572174419534604,-0.7786037652342065,-0.5486466228792157,-0.22300591510631923,0.16509442402791735,0.10298507987293047,0.022290019052621915,49229.66920097757,-0.09536368551380328,0.12189208857098346,-0.6374977359234599,0.28693438522105275,-0.051218730115417846,-0.13986545841278178
36,-0.1400715742600909,-0.30755571484746747,0.5456342590716033,0.08758473204719382,0.1141933790765352,0.016588552985269543,0.0009876662979627071,-1.625916314790668,0.9792331928321902,-0.3106159148164243,-0.8007448540689228,-0.056387797964385936,-0.010448571129012778,-0.026433638268478707,0.034058355545932145,0.07676452519903428,-0.1623952354417216,0.38427359264442496,-0.04630048619361771,0.1571923633770881,0.04022849982515139,0.3656118592708658,0.21522312307083044,-0.9003145377284691,0.11709573298471722,-0.15157883946289127,-0.056877006257568224,-0.035795946645349165,0.8731104198917301,0.29460659587215604,-0.5576895820946038,0.05591056123843808,0.005557517504794403,0.11863585148653716,-0.06182718666539665,-0.09536368551380328,18246.125632490184,-0.471462873553764,0.05735684790602267,-0.07947554833257145,0.027832144911542046,0.00172714036777795
37,-0.3933550830756028,-0.15431886261224187,0.002659565427371698,0.10502226167546386,-0.062289076198259484,-0.008126288470930028,0.024587084751494584,-0.5339959878306184,-0.6705069024782437,0.20938920104108194,0.009871767647764297,0.039926684086477524,0.08147892112982717,0.02395425632955755,-0.6097881893258436,0.01651231090889604,-0.560041385721497,-0.09589404988223585,0.08327898454268406,-0.059642056453315,0.001399602680566806,0.78972191771355,0.3329509181961761,0.09062870366062235,-0.07280738141685353,-0.0625866649260894,0.03532438617881014,-0.009678327795533917,0.9085365412548819,-0.4490455046046621,-0.15666657888521013,-0.1090280352499659,-0.03808642492913763,-0.019115341141950577,-0.028159265072565613,0.12189208857098346,-0.471462873553764,6476.173919420865,-0.00033826615969147526,0.06712530014000949,0.048663390841932386,-0.0011292128670962267
38,0.15257653856407472,-0.2695306598097363,-0.2446736337386189,0.055791984410478695,0.0644114764063249,0.04045969438742033,-0.021966665234261253,-0.5353459019830353,0.17686452315169304,0.0178344177932219,-0.04913154184842009,0.023377154389516475,-0.050286708752615435,0.0253202809234541,-0.19196438801214274,0.072006717099191,-0.09151358104101781,-0.08356675172216263,0.012215736204511723,-0.01804212379090753,-0.005532220639500308,0.10284629075641583,0.01815695484566414,-0.043669226349050114,-0.07102273580126774,0.03816150765169597,0.017901803655223317,0.027528665680559877,0.045726204137619506,0.14716915968294011,-0.013431452120217848,-0.08997333024224312,6.587187163077329e-05,0.046572701525927566,-0.01649935254969782,-0.6374977359234599,0.05735684790602267,-0.00033826615969147526,2418.234057068762,-0.025805349871406057,-0.031203481179196753,0.0012948836968246897
39,0.10379795946078973,0.041977825033042676,-0.0009051836448301335,0.01693876619688007,0.011358552913244493,-0.002665539655909387,0.023105589722113854,0.27849555708570634,0.12803106381800283,-0.00027297911463031123,-0.036593390685757315,-0.043127374591732534,-0.05887378263398904,-0.019185946003302208,-0.23724775171323498,0.07905766690412222,0.024632249700516244,-0.0017503982619310398,-0.017576146846586156,0.006007348313258156,0.010041242520675765,-0.4418343457127754,0.04372815824577747,-0.03190353502371747,0.12098813559888215,0.03872420681856513,0.005234301165853517,-0.02106980615320711,0.15225176611780536,0.07253360857542919,0.06262061613264289,0.047164611502979806,0.046212838337010356,0.015195472847671022,-0.009738843089570584,0.28693438522105275,-0.07947554833257145,0.06712530014000949,-0.025805349871406057,964.5470712587774,-0.024866149421557317,0.030325108887215152
40,0.05360017643270617,0.04301136077210501,0.0766273500044305,-0.025009351312221133,0.02290607601398504,0.0052182685763567825,-0.01090221856841618,0.20773986190126398,-0.008386348010385786,-0.09271009825076364,-0.03746687548909061,0.009549175046367988,-0.007910273841978736,-0.0042015238623207005,-0.1432100976214817,-0.07948504308710541,0.010688372493637684,-0.009235811320722438,0.015621445728052631,-0.008085364806593857,-0.0008556238711138899,-0.09601293243026317,0.05835220531174658,-0.041413342783983696,-0.03460305290618262,-0.013281213816390202,-0.010108303518118528,-0.01025229637300283,0.0873030041117413,0.06362627078027061,-0.09207423745026737,0.009610474330136173,0.002157381538872475,-0.009388194611067805,-0.002528945763390189,-0.051218730115417846,0.027832144911542046,0.048663390841932386,-0.031203481179196753,-0.024866149421557317,374.27273463476126,-0.00024556391874349976
41,0.053654172261542316,0.06643632254500398,-0.013874791186465393,-0.008067592660208782,-0.015572226633035707,0.0006197173285492221,0.0017157826037086119,-0.14723463547333815,-0.03166526822541774,0.021598423942699365,0.01098035379619225,-0.0012640337586452477,0.012185955860520533,-0.003948073302842165,-0.08180081628995892,-0.009843784979171365,0.0571113020598412,0.015032965868136414,0.006425866993573139,-0.011452385186428807,-0.0013682397947675689,0.12133477276180085,-0.06300833554423564,0.05035148049645808,-0.0018831959994543835,0.005991475799901647,0.022348033529407403,-0.004134594833632106,0.09475027437192017,-0.0017974311091647716,0.05261510312002554,0.032993449228067066,-0.006008200192403943,-0.002672105851305488,0.0030395252286001062,-0.13986545841278178,0.00172714036777795,-0.0011292128670962267,0.0012948836968246897,0.030325108887215152,-0.00024556391874349976,161.2152619477441
