,2,3,4,5,6,7,8,9
2,36451.07995413294,0.6877629397216205,0.19196817242298325,0.12144478271597806,0.005024106553092719,6.078152165851175e-05,-2.2206493321617576e-05,-0.00030367891571839194
3,0.6877629397216205,8126.963938172336,-0.08462452311928695,0.046781808815016646,-0.001862865160088151,0.0027836291736094616,-0.0018318116296359654,0.0007866334080518378
4,0.19196817242298325,-0.08462452311928695,1515.0361595490438,0.010618501556038839,0.0023469078126087425,-0.003854741971639792,0.0012144554800836076,-0.00025298808859429206
5,0.12144478271597806,0.046781808815016646,0.010618501556038839,252.5154615764261,0.001523201795782901,0.0005795958435923374,0.00015514893343629503,-6.425361813940275e-05
6,0.005024106553092719,-0.001862865160088151,0.0023469078126087425,0.001523201795782901,36.30311142094969,0.0002391436964738501,9.532798966365909e-05,2.9194306402541938e-05
7,6.078152165851175e-05,0.0027836291736094616,-0.003854741971639792,0.0005795958435923374,0.0002391436964738501,4.811916908454513,-5.847774237070673e-05,4.006189746270501e-06
8,-2.2206493321617576e-05,-0.0018318116296359654,0.0012144554800836076,0.00015514893343629503,9.532798966365909e-05,-5.847774237070673e-05,0.6219939490362857,4.192903113648748e-06
9,-0.00030367891571839194,0.0007866334080518378,-0.00025298808859429206,-6.425361813940275e-05,2.9194306402541938e-05,4.006189746270501e-06,4.192903113648748e-06,0.06928904198238947
