,2,3,4,5,6,7,8,9
2,4556.384994266503,0.09825184853166358,0.031994695403832187,0.024288956543195152,0.001256026638273306,2.026050721952644e-05,-1.1103246660807331e-05,-0.00030367891571839194
3,0.09825184853166358,1160.9948483104895,-0.014104087186547553,0.009356361763004523,-0.0004657162900221167,0.0009278763912031529,-0.0009159058148179796,0.0007866334080518378
4,0.031994695403832187,-0.014104087186547553,252.50602659150906,0.0021237003112083703,0.0005867269531521989,-0.0012849139905466282,0.0006072277400417698,-0.00025298808859429206
5,0.024288956543195152,0.009356361763004523,0.0021237003112083703,50.503092315285315,0.00038080044894577724,0.0001931986145307657,7.757446671814765e-05,-6.425361813940275e-05
6,0.001256026638273306,-0.0004657162900221167,0.0005867269531521989,0.00038080044894577724,9.07577785523704,7.971456549127981e-05,4.7663994831830535e-05,2.9194306402541938e-05
7,2.026050721952644e-05,0.0009278763912031529,-0.0012849139905466282,0.0001931986145307657,7.971456549127981e-05,1.603972302818163,-2.9238871185353275e-05,4.006189746270501e-06
8,-1.1103246660807331e-05,-0.0009159058148179796,0.0006072277400417698,7.757446671814765e-05,4.7663994831830535e-05,-2.9238871185353275e-05,0.3109969745181403,4.192903113648748e-06
9,-0.00030367891571839194,0.0007866334080518378,-0.00025298808859429206,-6.425361813940275e-05,2.9194306402541938e-05,4.006189746270501e-06,4.192903113648748e-06,0.06928904198238947
