index,0,1,2,3,4,5,6,7,8,9,10,11,12,13,14,15,16,17,18,19,20,21,22,23,24,25,26,27,28,29,30,31,32,33,34,35,36,37,38,39,40,41
0,17817.42267720843,0.5462868834905079,-0.09485040676337567,0.2030838089800572,0.03456457492390187,-0.040461266393107355,-0.025333592491715393,-0.810857915797292,0.2744471360388432,-0.22667719935317432,-0.3537432458619662,-0.1325281820096261,0.02910298556903174,0.010805268769450722,-0.23429459619167378,0.23627650598214048,0.15521912645384903,0.15302706964062837,-0.046120186315725335,0.008974699574536869,-0.011500704099536654,-0.8625180296067825,0.36910805525329926,0.07217229235995472,0.1148935865279017,0.04624489707488824,0.0834523479522756,-0.014028249527059668,-0.19091307762280835,-0.8733236774615464,0.10474062134206553,-0.16537182839029113,-0.052713371663585556,0.03475648823451928,-0.003604577145309652,0.49749734028441794,-0.006536802119126605,-0.2101508630884444,0.05755609953567981,0.023593001074944372,0.0027091854987888325,0.01180300103368218
1,0.5462868834905079,9615.430412008129,0.4264283574674888,-0.23097171844924555,-0.03128236360554284,-0.03959730960919981,-0.008535777734594291,0.6333565632366105,-0.0951904915423513,-0.23849546608147634,0.04878692237546984,-0.051765044249704406,0.007705834032469393,-0.022256333993734164,-0.20884838348564114,0.11128017505329137,0.06890458172709212,0.08943283815285438,-0.005291061980982161,0.029915211553357163,0.01895997337496056,0.22248075640335951,-0.4970443564936062,-0.2844306412697948,0.14234421335780956,0.11982235823608149,-0.003510729138994479,0.03001796825603123,0.05553520474307746,-0.12235816311395258,-0.03848713476134007,0.03145660975198759,-0.004372934729878311,-0.00045837054234372585,0.0014838251355832445,0.3846605188538537,-0.10819462422747114,-0.03735028530375138,-0.10630450395182486,0.020043851850716287,0.01199288988861566,0.017149185796470335
2,-0.09485040676337567,0.4264283574674888,5046.443726937535,-0.026558399470811764,0.015132990089814646,0.02567433628909565,0.015304071129711015,0.06717068460009198,0.30091587577760126,-0.1381445546286125,0.05442376207916032,-0.07036006521964346,0.031068877225774817,0.017943019669994804,-0.18531062236926982,-0.246208874138812,0.2261260661765932,-0.06019484305984312,-0.03745787945331806,0.01709636932404741,-0.0006954232223093729,-0.20084143007980979,0.07484336079576658,0.1689913599445817,-0.14811456159439335,0.02521224660132792,-0.003930555531074113,0.009330273383602298,0.20812368444163848,0.1252211681303858,0.07078323886356962,-0.0024852671934592575,0.02144989823599125,-0.012506372549236117,0.01053994701379747,-0.4278259516784069,0.25638090391111445,-0.00852507176034772,-0.13037551285061807,-0.001418665615224748,0.021345404128166164,-0.0022210378568446438
3,0.2030838089800572,-0.23097171844924555,-0.026558399470811764,1729.883638094497,-0.018973566389179672,0.00980907007934417,-0.004623110443617102,-0.28481703263475544,-0.12150658466490093,0.0015760961088914865,-0.08740443648175797,0.06985695099395381,0.005867953123088531,-0.004669641428113732,0.15766169063757904,0.01468455248739365,0.04469255833857328,0.014317055771965268,-0.0033010310723959792,0.006456629940138078,0.0033863083259990747,-0.2930728845793659,0.07734695328306575,-0.03223966369867547,0.0003813329451168059,0.0168755736992318,-0.00624136804366289,-0.016749319744334412,0.16765238277386166,0.017088454131501986,-0.09218949167883869,-0.023490573188231136,-0.01109633890618983,-0.005624106868413528,0.0032785808265852093,0.2054303709321019,-0.03282042941983285,0.05620635459664912,0.02554140956460852,0.006643894006588363,-0.0050432209929701195,-0.0017377618507556905
4,0.03456457492390187,-0.03128236360554284,0.015132990089814646,-0.018973566389179672,404.04260319470166,-0.0033161672920811883,0.0010675936337280459,0.018320471870488336,-0.013597356547974896,0.09383012739295256,-0.0009291005586249654,0.005592274302628207,-0.0024751901535899445,-0.005252838873952216,0.05371373736708502,-0.05450666708931311,0.010807135253286762,0.051820249551525276,0.005028732763984851,-0.004043988031175565,-0.0011126261650642195,-0.057207180832287825,-0.13285958742936899,0.0122766161727352,-0.014858295948236662,-0.003869543296614166,-0.0036872499912721985,-0.0026368092544460206,-0.007777742636094272,0.06099733061714332,0.0013193951748710206,0.023404513200976144,-0.00011592559486692331,0.003809704424954396,0.0004501379709872949,0.04419669453507364,0.04726159240922127,-0.03344991538607294,0.02670265834517561,0.005161047963283542,0.004284027508896543,-0.0034402127260714484
5,-0.040461266393107355,-0.03959730960919981,0.02567433628909565,0.00980907007934417,-0.0033161672920811883,69.99873008025729,0.000181432115715551,-0.07002844318624121,0.02734702887500798,-0.012094710188035547,0.0095779229688007,0.0069310328306119665,-0.00047110037843212625,0.0002609228786189471,0.04616676598687853,0.051344534700677597,-0.01078829849251967,-0.017232138011346595,0.0015811678320101189,-0.0008370510457274323,-0.0009862463619483685,0.030610891537849606,-0.00856152468369347,0.003962925002003924,-0.0012439420033704706,0.0010352964537709958,-0.00018505630061856583,0.0003783274774751858,-0.011332193960845177,0.006439898263247762,0.009359224365536652,0.005721752751219777,-0.0016700370309093416,-0.0012892799943927903,0.001335830449643588,-0.03678709558693235,0.0005344666304484598,0.0019826183936753694,0.008996835487004615,0.0007318314250535967,0.001214531681940387,-0.0001663120278447823
6,-0.025333592491715393,-0.008535777734594291,0.015304071129711015,-0.004623110443617102,0.0010675936337280459,0.000181432115715551,33.08135225859602,0.01528095961754383,0.0016658492808784159,0.021128940955214184,0.004070534247856345,-0.003722373610487999,-0.0008773341504201021,-0.0013525258962867517,-0.018213937948234112,0.004522813258152731,0.0050672079404862885,0.0047538929186145456,0.0015474186808038808,0.0007601016018885971,0.0005593106618442393,-0.03146110372209787,0.0004286550148395406,0.012472526714195001,0.008477836300020117,-0.0009336090341808849,0.0003409263184923996,0.00040974142382584484,0.04167629392717471,-0.00659112434102133,0.00035730065343668384,0.008623221326259575,0.0028076900048829715,-0.00019709623078603878,-0.0006466864496776572,-0.018788117971556648,-0.0014312041034026846,0.004852771960826655,-0.0035279200304127027,0.0028525968456090157,-0.0004932742626645649,0.00030177041147383654
7,-0.810857915797292,0.6333565632366105,0.06717068460009198,-0.28481703263475544,0.018320471870488336,-0.07002844318624121,0.01528095961754383,22268.662734556106,0.007508651958235767,0.3443467969073139,0.0004281727899847072,-0.0401101885062178,0.08880297659924412,-0.028938443647761714,-0.4313752914590459,0.10904386592123338,-0.11685508281571354,-0.25987399154041146,-0.07520709056292259,-0.032816032447240684,-0.01824011932066792,1.2340235675582367,0.4719636657703081,-0.03593231115954134,-0.08926475419394732,0.006525187834022829,-0.013598302311372072,0.05201377186493591,0.757170150335802,0.05913122871942064,-0.3111088981832157,-0.053847165386476534,-0.00294835309589425,0.0035057640126522193,-0.02413286307154799,0.21892649750551557,-0.5138886331850062,-0.09412491585315592,-0.18735530063759095,0.07127268466483819,0.013915137460534304,-0.023556863565545687
8,0.2744471360388432,-0.0951904915423513,0.30091587577760126,-0.12150658466490093,-0.013597356547974896,0.02734702887500798,0.0016658492808784159,0.007508651958235767,10992.43730243617,0.19819184053883407,0.0576206342786363,0.0025023569735761267,0.05360542008433684,-0.040683837079894154,-0.5074793415567816,-0.025100594289950283,0.2524516979060449,-0.11890859912965572,-0.05988395870310402,-0.011566050941085936,0.015004688788964313,-0.19505225778252974,-0.19295765746468257,0.10265529601446273,0.04675505483571746,-0.01896969662045921,-0.028255234631627938,-0.013140347036743058,-0.09993850613213828,0.09229182762161652,0.17205807273506304,-0.14924020617471365,-0.031803213261642004,0.0057059007161740965,0.0004896706752591043,0.3313922997837444,0.302296399475763,-0.3139136526062106,0.07678217040815175,0.045211423320889926,-0.00606706138802,-0.006165063135661291
9,-0.22667719935317432,-0.23849546608147634,-0.1381445546286125,0.0015760961088914865,0.09383012739295256,-0.012094710188035547,0.021128940955214184,0.3443467969073139,0.19819184053883407,6058.410172616777,-0.19809700972523334,0.029954676721685215,0.03385085535680472,0.015094773846215949,0.07369953122418321,0.05231394267954023,-0.1792712111951034,-0.0635032762046831,-0.006354321276960015,0.008315109863612263,0.004297106827503074,0.020214741036019165,-0.016329111584870368,0.22015939497974518,0.03413476214170132,-0.038625773981193184,0.000788954656994997,-0.0010723453609104883,0.1859041511491899,0.01982423137878656,0.24584120469343285,0.04066068426139992,0.018433569383957526,0.0025357070235457616,-0.00873337601323112,0.08020415374904835,-0.1091954101701023,0.0974643883905459,-0.006994166912319882,0.006946533756786891,-0.011920120703191229,0.004265551384232296
10,-0.3537432458619662,0.04878692237546984,0.05442376207916032,-0.08740443648175797,-0.0009291005586249654,0.0095779229688007,0.004070534247856345,0.0004281727899847072,0.0576206342786363,-0.19809700972523334,2588.6702718578526,-0.033572416204464446,0.011010454261421599,-0.0035845266054051472,0.234774170662081,-0.03260382611962782,0.01618913548730366,0.017374124967095048,-0.0488499194048619,-0.004006700095451557,-0.001777426587009932,-0.1392782466112928,0.16189123246000353,-0.00211437613799463,0.036778577343594424,-0.024232247294529878,0.00023176073590268343,-0.0017703978265757533,0.010928572623117827,0.03735320260922644,-0.06133066139940155,-0.01142796546061266,-0.012078097013262805,0.0012467552240000772,0.010979831810289909,-0.4720189493429777,-0.40426417108939616,0.004838351990399416,-0.032941938931955864,-0.013539211131209436,-0.01332976053281852,0.002359541842391906
11,-0.1325281820096261,-0.051765044249704406,-0.07036006521964346,0.06985695099395381,0.005592274302628207,0.0069310328306119665,-0.003722373610487999,-0.0401101885062178,0.0025023569735761267,0.029954676721685215,-0.033572416204464446,701.1390667820092,0.005855206707327077,-0.005277232736145196,0.07457217715849496,-0.04443166300594762,0.07211787129374644,-0.015063293415975173,0.0072659133627181885,-0.004913325351300275,0.005029396883055037,0.006114830266553529,-0.05221036925295702,-0.08710574043752806,0.02806857050101649,-0.004672105290206887,0.004316206308132613,0.0016039268954609219,-0.2365915931339759,0.02402876318715896,0.031853205928231466,-0.004334783415311189,0.011100920915505942,0.0072083575965479485,0.0029394145077912917,0.0661627268332058,-0.025381664144282553,0.01802222254872779,0.007154512302322204,-0.011795095042296404,0.001087200255060521,-7.736376509993527e-06
12,0.02910298556903174,0.007705834032469393,0.031068877225774817,0.005867953123088531,-0.0024751901535899445,-0.00047110037843212625,-0.0008773341504201021,0.08880297659924412,0.05360542008433684,0.03385085535680472,0.011010454261421599,0.005855206707327077,143.14833094716187,-0.0002480162299757652,-0.015560225799682146,-0.0410653686683908,-0.0027902235783927405,-0.012409022801926078,0.003230915800230813,0.001699861823137848,-0.0008292532000152903,0.06134283557015947,0.025730990956549783,-0.003783965551812638,0.00742091976524785,-0.003184172915668301,0.006096732277811568,0.0011427191726636474,-0.029400015615863903,-0.005850214229450157,-0.007593237653799567,0.01696558075188065,-0.0006578194898487682,8.62138119942004e-05,-0.0033783071302107733,0.012947679630350303,-0.012362511463238041,0.02214371083786336,-0.015398709822151623,-0.012516533942609194,7.423307090052298e-05,0.0018114772021553351
13,0.010805268769450722,-0.022256333993734164,0.017943019669994804,-0.004669641428113732,-0.005252838873952216,0.0002609228786189471,-0.0013525258962867517,-0.028938443647761714,-0.040683837079894154,0.015094773846215949,-0.0035845266054051472,-0.005277232736145196,-0.0002480162299757652,37.365419032017975,0.0043451508116032515,0.009921224955459483,-0.014233568593333912,0.00931254685658942,-1.8498262018792905e-05,0.0008293518814166357,0.0004106712545820546,-0.006762801170566494,0.00047665428834552017,0.010208482170358874,0.009667145690777854,-0.002311845947147814,-0.00015060893577899194,0.001087690575139047,-0.019919953508172404,0.0047677428580744615,0.0005118461966979402,-0.002448446674926171,-0.004587681360558133,-0.0007752547263946348,-0.00014172967619080802,-0.0329273989416115,0.0006155694708560172,0.008326179209007486,0.006403428449727252,-0.003290027518034499,-0.0008285347330164338,-0.0002570636876118498
14,-0.23429459619167378,-0.20884838348564114,-0.18531062236926982,0.15766169063757904,0.05371373736708502,0.04616676598687853,-0.018213937948234112,-0.4313752914590459,-0.5074793415567816,0.07369953122418321,0.234774170662081,0.07457217715849496,-0.015560225799682146,0.0043451508116032515,16052.747699386176,0.311981705657615,0.14274096220164986,0.10199611084415697,-0.08131512867552412,0.01643503131624562,-0.017487104288908883,-0.4291232423117139,0.7762435711129595,0.049683829964839075,0.05433582163401956,-0.006752928656803506,0.003978617654642697,-0.014421274124569741,-0.8362443794278137,0.23082308595667853,-0.030330775803533494,-0.14327683101956729,0.00305946412969263,-0.009171958607749034,-0.018877949528700116,0.7230026637050233,0.12370409778497143,-0.1784592717898441,-0.1172184772389235,-0.03832842287929217,-0.014724617055536671,-0.015113761260158589
15,0.23627650598214048,0.11128017505329137,-0.246208874138812,0.01468455248739365,-0.05450666708931311,0.051344534700677597,0.004522813258152731,0.10904386592123338,-0.025100594289950283,0.05231394267954023,-0.03260382611962782,-0.04443166300594762,-0.0410653686683908,0.009921224955459483,0.311981705657615,6786.211969368812,-0.08628145137432712,-0.0639191143906343,-0.012943815482611299,-0.054050068293220274,0.015317489433216817,0.10907254117856885,-0.09613598476332902,-0.1710177215523285,0.025168553992720753,0.004796463844395357,0.016156098171472316,0.006917240676761688,-0.3332239680585042,0.1885304534361292,0.14593790132087442,-0.05396658249037131,0.0508214070923681,0.013859888439177844,0.008367029117802028,0.03328259135351018,0.051898090390439765,-0.026250468675658434,0.021693206759639594,0.013983165701547059,-0.008280432444699028,-0.0038460421692590534
16,0.15521912645384903,0.06890458172709212,0.2261260661765932,0.04469255833857328,0.010807135253286762,-0.01078829849251967,0.0050672079404862885,-0.11685508281571354,0.2524516979060449,-0.1792712111951034,0.01618913548730366,0.07211787129374644,-0.0027902235783927405,-0.014233568593333912,0.14274096220164986,-0.08628145137432712,3359.145307424169,-0.11640161393425473,-0.014287465511821319,-0.0018192780569076079,0.00019809179997913048,0.038735747507255856,-0.05571217467154737,0.1676977393322255,-0.10159816825748137,-0.01545467596762889,-0.02825748707970074,0.013001475033331005,-0.02853380332759185,0.033393000874123384,-0.13439818884161983,-0.005248965791309383,0.028687496822142083,0.010979413750842035,-0.002320827745665324,-0.1368035431336176,-0.11795992570153228,-0.2485324040700785,-0.024410538417312302,0.002530688899451203,-0.001028776528859441,0.011236310604306209
17,0.15302706964062837,0.08943283815285438,-0.06019484305984312,0.014317055771965268,0.051820249551525276,-0.017232138011346595,0.0047538929186145456,-0.25987399154041146,-0.11890859912965572,-0.0635032762046831,0.017374124967095048,-0.015063293415975173,-0.012409022801926078,0.00931254685658942,0.10199611084415697,-0.0639191143906343,-0.11640161393425473,1231.139772425304,-0.0032023732240215185,-0.0019448563229390163,0.005210722511585332,0.16562939905197727,0.07241550160050893,-0.04706738658151141,-0.05754174927961976,0.00933035658209749,-0.0025583118784831007,-0.0029152973034773213,0.1143963539031664,-0.10141335182298798,0.033881743258020264,0.015788687329966734,-0.012515140201348886,-0.007539688250733947,-0.002792479405777699,-0.01215101478094349,0.18075510819742793,-0.038379262854466016,-0.04276421315579138,-0.0033598523922838634,0.001284921211062247,0.004309258656316136
18,-0.046120186315725335,-0.005291061980982161,-0.03745787945331806,-0.0033010310723959792,0.005028732763984851,0.0015811678320101189,0.0015474186808038808,-0.07520709056292259,-0.05988395870310402,-0.006354321276960015,-0.0488499194048619,0.0072659133627181885,0.003230915800230813,-1.8498262018792905e-05,-0.08131512867552412,-0.012943815482611299,-0.014287465511821319,-0.0032023732240215185,237.7551745348774,-0.0027735585084920906,-0.003962292522967739,-0.043394659349776696,-0.05450001040021906,-0.019165958364616844,0.004812683150342084,0.001891621336749611,0.0006996888215631378,0.001021195176155724,0.06548010939151148,0.011116549156955135,-0.02732603437463997,-0.005683988853638816,0.004363072513875827,-0.0014983523040164848,-0.0030586375799491724,-0.06759285478097836,-0.010536225886798143,0.020500680417825833,0.005579774372030576,-0.00452603511825822,0.0020830796560292342,0.0012577099086712384
19,0.008974699574536869,0.029915211553357163,0.01709636932404741,0.006456629940138078,-0.004043988031175565,-0.0008370510457274323,0.0007601016018885971,-0.032816032447240684,-0.011566050941085936,0.008315109863612263,-0.004006700095451557,-0.004913325351300275,0.001699861823137848,0.0008293518814166357,0.01643503131624562,-0.054050068293220274,-0.0018192780569076079,-0.0019448563229390163,-0.0027735585084920906,37.04858808363963,-0.00018894463325348705,-0.03541039763567164,-0.00882913329629386,0.011818970740304894,-0.001701723142028275,-0.0019625710506142556,-0.0004151988822113106,0.0013777112141488664,0.01792642002644745,-0.011533138180422777,-0.003363324066515448,-0.0021704890924596266,0.0019169674536375948,-2.3803515822367105e-05,0.00036750897633564537,0.010040773637285103,0.036404112224736475,-0.01378299917539703,-0.003488148340566902,0.0014036271458475176,-0.001008860367228809,-0.000977507155649428
20,-0.011500704099536654,0.01895997337496056,-0.0006954232223093729,0.0033863083259990747,-0.0011126261650642195,-0.0009862463619483685,0.0005593106618442393,-0.01824011932066792,0.015004688788964313,0.004297106827503074,-0.001777426587009932,0.005029396883055037,-0.0008292532000152903,0.0004106712545820546,-0.017487104288908883,0.015317489433216817,0.00019809179997913048,0.005210722511585332,-0.003962292522967739,-0.00018894463325348705,16.52781506169953,-0.012876914224566343,0.016889245289530962,0.004986963430077325,-0.007979271219958154,0.0034677705425674226,-0.0009723314389541845,0.00029026690132503627,0.0002215935214243187,0.0043482311531863535,0.0058889062118699246,-0.004559543534555107,-0.0032759274940266972,-0.00025756247678223384,8.522274764073868e-05,-0.010852004337491547,0.012170976277577244,-0.0005866517350943065,-0.0003862017704577437,0.00150280503196994,0.00014757703335440214,-0.00017453991557000192
21,-0.8625180296067825,0.22248075640335951,-0.20084143007980979,-0.2930728845793659,-0.057207180832287825,0.030610891537849606,-0.03146110372209787,1.2340235675582367,-0.19505225778252974,0.020214741036019165,-0.1392782466112928,0.006114830266553529,0.06134283557015947,-0.006762801170566494,-0.4291232423117139,0.10907254117856885,0.038735747507255856,0.16562939905197727,-0.043394659349776696,-0.03541039763567164,-0.012876914224566343,19463.778894782216,-0.432088272661682,0.022284043215462967,0.41639800302810603,-0.013444434878072934,0.008546565589676106,0.03815684058821058,0.5137785469914679,0.04659282669144666,0.12921699311438045,0.2487293273562525,0.035889275079458806,0.045697054936012234,0.012269937549016953,0.09023946389464399,0.06502296855150005,0.3324981682898496,0.035504918066863414,-0.0974689268992293,-0.011626992060609671,0.02524416978245049
22,0.36910805525329926,-0.4970443564936062,0.07484336079576658,0.07734695328306575,-0.13285958742936899,-0.00856152468369347,0.0004286550148395406,0.4719636657703081,-0.19295765746468257,-0.016329111584870368,0.16189123246000353,-0.05221036925295702,0.025730990956549783,0.00047665428834552017,0.7762435711129595,-0.09613598476332902,-0.05571217467154737,0.07241550160050893,-0.05450001040021906,-0.00882913329629386,0.016889245289530962,-0.432088272661682,7502.9951809268405,0.01677416291573256,0.09540249780654092,-0.063215166997841,-0.009697906864640556,0.017395103341903043,0.43357589792345286,-0.022368921169611613,-0.11653253641774455,-0.1096717938012446,-0.05981317129474163,0.03124064534159253,-0.013954664351174317,-0.2735467819783685,0.10296712791262766,0.14469802186610534,0.022643804455725527,0.0008409626736552235,0.010442189799255664,-0.012960844725194447
23,0.07217229235995472,-0.2844306412697948,0.1689913599445817,-0.03223966369867547,0.0122766161727352,0.003962925002003924,0.012472526714195001,-0.03593231115954134,0.10265529601446273,0.22015939497974518,-0.00211437613799463,-0.08710574043752806,-0.003783965551812638,0.010208482170358874,0.049683829964839075,-0.1710177215523285,0.1676977393322255,-0.04706738658151141,-0.019165958364616844,0.011818970740304894,0.004986963430077325,0.022284043215462967,0.01677416291573256,3292.467454308454,0.03110541724885128,0.014565253874942327,-0.018221784295389527,-0.011197463423082418,0.03792961188467589,0.02670757717649078,0.03277449013452352,-0.051673401214272774,0.0653638492887765,-0.005305847869359738,-0.0028864265961460064,-0.4230399002092182,-0.309648725620948,0.04228392623232098,-0.0028087872925208882,-0.01377851103769671,-0.0056298877169558,0.010999393467060838
24,0.1148935865279017,0.14234421335780956,-0.14811456159439335,0.0003813329451168059,-0.014858295948236662,-0.0012439420033704706,0.008477836300020117,-0.08926475419394732,0.04675505483571746,0.03413476214170132,0.036778577343594424,0.02806857050101649,0.00742091976524785,0.009667145690777854,0.05433582163401956,0.025168553992720753,-0.10159816825748137,-0.05754174927961976,0.004812683150342084,-0.001701723142028275,-0.007979271219958154,0.41639800302810603,0.09540249780654092,0.03110541724885128,1365.6670958648149,-0.028932621210089927,0.009122749465221701,0.001111096002918683,0.1431249912028565,-0.12706757624350032,0.0785237697858393,0.011890114127613862,-0.036232038908266026,0.0003570482405134671,0.0027451575024926966,-0.04426199307944682,0.02410870681025166,-0.05013708032021596,-0.035882780091513654,0.033976505067270076,-0.00860256070146646,-0.00039247257337005797
25,0.04624489707488824,0.11982235823608149,0.02521224660132792,0.0168755736992318,-0.003869543296614166,0.0010352964537709958,-0.0009336090341808849,0.006525187834022829,-0.01896969662045921,-0.038625773981193184,-0.024232247294529878,-0.004672105290206887,-0.003184172915668301,-0.002311845947147814,-0.006752928656803506,0.004796463844395357,-0.01545467596762889,0.00933035658209749,0.001891621336749611,-0.0019625710506142556,0.0034677705425674226,-0.013444434878072934,-0.063215166997841,0.014565253874942327,-0.028932621210089927,319.87495844622,-0.0009478042301157708,0.0006054228306437967,0.08246360892708968,-0.023396444239127782,0.014216970188287926,0.015580881966664737,0.003692625270250943,0.0016803566943077355,0.0014554152456707845,0.016136211856744697,-0.04077830449771038,-0.014490820175020465,0.007739052101363807,0.010646673855289496,-0.0017224087553015317,0.0009420500286466438
26,0.0834523479522756,-0.003510729138994479,-0.003930555531074113,-0.00624136804366289,-0.0036872499912721985,-0.00018505630061856583,0.0003409263184923996,-0.013598302311372072,-0.028255234631627938,0.000788954656994997,0.00023176073590268343,0.004316206308132613,0.006096732277811568,-0.00015060893577899194,0.003978617654642697,0.016156098171472316,-0.02825748707970074,-0.0025583118784831007,0.0006996888215631378,-0.0004151988822113106,-0.0009723314389541845,0.008546565589676106,-0.009697906864640556,-0.018221784295389527,0.009122749465221701,-0.0009478042301157708,53.20685834943405,0.0013087802135412223,0.021278200841330922,0.00667376323287455,0.002765740217357999,-0.004235508219486173,0.0010784208997336874,0.0017088939273911686,0.0011345861460072529,0.04396883607765977,-0.01729798751947129,0.009162307192581045,0.00416082589396137,0.0024915486915840133,-0.0005112964071114088,0.0027216017776274678
27,-0.014028249527059668,0.03001796825603123,0.009330273383602298,-0.016749319744334412,-0.0026368092544460206,0.0003783274774751858,0.00040974142382584484,0.05201377186493591,-0.013140347036743058,-0.0010723453609104883,-0.0017703978265757533,0.0016039268954609219,0.0011427191726636474,0.001087690575139047,-0.014421274124569741,0.006917240676761688,0.013001475033331005,-0.0029152973034773213,0.001021195176155724,0.0013777112141488664,0.00029026690132503627,0.03815684058821058,0.017395103341903043,-0.011197463423082418,0.001111096002918683,0.0006054228306437967,0.0013087802135412223,17.513653063623728,-0.013862163004575783,-0.003168977251400598,0.011760432422415876,0.004433933309844175,0.0016103192865861466,0.0003942371459086616,0.00024394862027573699,0.005822547153401934,-0.0076430751975487795,-0.0014700206411395007,0.004029597157668142,-0.0032290508896260428,-0.0009755753135051973,-0.000290735443636185
28,-0.19091307762280835,0.05553520474307746,0.20812368444163848,0.16765238277386166,-0.007777742636094272,-0.011332193960845177,0.04167629392717471,0.757170150335802,-0.09993850613213828,0.1859041511491899,0.010928572623117827,-0.2365915931339759,-0.029400015615863903,-0.019919953508172404,-0.8362443794278137,-0.3332239680585042,-0.02853380332759185,0.1143963539031664,0.06548010939151148,0.01792642002644745,0.0002215935214243187,0.5137785469914679,0.43357589792345286,0.03792961188467589,0.1431249912028565,0.08246360892708968,0.021278200841330922,-0.013862163004575783,15959.86800027401,-0.4846448677274327,0.037498877584696354,0.07065331478038077,-0.0628535890977834,-0.027838750157063115,0.023538964214826836,-0.23805498068392272,0.31480538705466016,0.32616202967908203,0.02177270093589094,0.03565205099142817,0.0017067211437412015,0.019317977448112332
29,-0.8733236774615464,-0.12235816311395258,0.1252211681303858,0.017088454131501986,0.06099733061714332,0.006439898263247762,-0.00659112434102133,0.05913122871942064,0.09229182762161652,0.01982423137878656,0.03735320260922644,0.02402876318715896,-0.005850214229450157,0.0047677428580744615,0.23082308595667853,0.1885304534361292,0.033393000874123384,-0.10141335182298798,0.011116549156955135,-0.011533138180422777,0.0043482311531863535,0.04659282669144666,-0.022368921169611613,0.02670757717649078,-0.12706757624350032,-0.023396444239127782,0.00667376323287455,-0.003168977251400598,-0.4846448677274327,6084.342849212076,0.15570817153239694,0.033104921942872685,0.005509109496833555,0.017538858673087965,0.0023754451199259137,-0.2516299007456313,0.0899372095335453,-0.18341776941352375,0.05039113647004605,0.021433020193132306,0.0082447396843009,-0.0022171153789470204
30,0.10474062134206553,-0.03848713476134007,0.07078323886356962,-0.09218949167883869,0.0013193951748710206,0.009359224365536652,0.00035730065343668384,-0.3111088981832157,0.17205807273506304,0.24584120469343285,-0.06133066139940155,0.031853205928231466,-0.007593237653799567,0.0005118461966979402,-0.030330775803533494,0.14593790132087442,-0.13439818884161983,0.033881743258020264,-0.02732603437463997,-0.003363324066515448,0.0058889062118699246,0.12921699311438045,-0.11653253641774455,0.03277449013452352,0.0785237697858393,0.014216970188287926,0.002765740217357999,0.011760432422415876,0.037498877584696354,0.15570817153239694,2342.984696685818,0.04663423384190589,0.009636792253731735,0.006293151638084324,0.015477601058900198,-0.31779952184435134,-0.20050915199789243,-0.05212275734926384,-0.002920351019062822,0.016213671992405726,-0.0119138754961752,0.009936815268779016
31,-0.16537182839029113,0.03145660975198759,-0.0024852671934592575,-0.023490573188231136,0.023404513200976144,0.005721752751219777,0.008623221326259575,-0.053847165386476534,-0.14924020617471365,0.04066068426139992,-0.01142796546061266,-0.004334783415311189,0.01696558075188065,-0.002448446674926171,-0.14327683101956729,-0.05396658249037131,-0.005248965791309383,0.015788687329966734,-0.005683988853638816,-0.0021704890924596266,-0.004559543534555107,0.2487293273562525,-0.1096717938012446,-0.051673401214272774,0.011890114127613862,0.015580881966664737,-0.004235508219486173,0.004433933309844175,0.07065331478038077,0.033104921942872685,0.04663423384190589,817.1410257970155,0.0013471418271873779,0.005563104562804029,-0.0007846103809119883,-0.04953299348908827,0.024998282198582033,-0.033421102780212014,-0.02960460738724581,0.01270319118333312,0.002275892980390561,0.0060675339897356345
32,-0.052713371663585556,-0.004372934729878311,0.02144989823599125,-0.01109633890618983,-0.00011592559486692331,-0.0016700370309093416,0.0028076900048829715,-0.00294835309589425,-0.031803213261642004,0.018433569383957526,-0.012078097013262805,0.011100920915505942,-0.0006578194898487682,-0.004587681360558133,0.00305946412969263,0.0508214070923681,0.028687496822142083,-0.012515140201348886,0.004363072513875827,0.0019169674536375948,-0.0032759274940266972,0.035889275079458806,-0.05981317129474163,0.0653638492887765,-0.036232038908266026,0.003692625270250943,0.0010784208997336874,0.0016103192865861466,-0.0628535890977834,0.005509109496833555,0.009636792253731735,0.0013471418271873779,154.54451313304025,0.003831276118072644,0.00067871894368335,0.04651130798323509,-0.001100423215041892,-0.016200629224519265,-0.0031752540264111825,0.007918438592512917,0.0005768342334733672,-0.0005692980704127918
33,0.03475648823451928,-0.00045837054234372585,-0.012506372549236117,-0.005624106868413528,0.003809704424954396,-0.0012892799943927903,-0.00019709623078603878,0.0035057640126522193,0.0057059007161740965,0.0025357070235457616,0.0012467552240000772,0.0072083575965479485,8.62138119942004e-05,-0.0007752547263946348,-0.009171958607749034,0.013859888439177844,0.010979413750842035,-0.007539688250733947,-0.0014983523040164848,-2.3803515822367105e-05,-0.00025756247678223384,0.045697054936012234,0.03124064534159253,-0.005305847869359738,0.0003570482405134671,0.0016803566943077355,0.0017088939273911686,0.0003942371459086616,-0.027838750157063115,0.017538858673087965,0.006293151638084324,0.005563104562804029,0.003831276118072644,20.966395779670293,0.0011525459112085722,0.010451210648537998,0.009669985898518071,-0.0022738408921340915,0.00782186704386415,0.0018862075380206948,-0.00024848555121440155,-0.0001809504263743375
34,-0.003604577145309652,0.0014838251355832445,0.01053994701379747,0.0032785808265852093,0.0004501379709872949,0.001335830449643588,-0.0006466864496776572,-0.02413286307154799,0.0004896706752591043,-0.00873337601323112,0.010979831810289909,0.0029394145077912917,-0.0033783071302107733,-0.00014172967619080802,-0.018877949528700116,0.008367029117802028,-0.002320827745665324,-0.002792479405777699,-0.0030586375799491724,0.00036750897633564537,8.522274764073868e-05,0.012269937549016953,-0.013954664351174317,-0.0028864265961460064,0.0027451575024926966,0.0014554152456707845,0.0011345861460072529,0.00024394862027573699,0.023538964214826836,0.0023754451199259137,0.015477601058900198,-0.0007846103809119883,0.00067871894368335,0.0011525459112085722,15.950585062946718,0.0027389195148675334,-0.014213438754845709,-0.009198880484961298,-0.0032391821678350078,-0.0015084502190601133,-8.801051453128962e-05,0.0003717517245643062
35,0.49749734028441794,0.3846605188538537,-0.4278259516784069,0.2054303709321019,0.04419669453507364,-0.03678709558693235,-0.018788117971556648,0.21892649750551557,0.3313922997837444,0.08020415374904835,-0.4720189493429777,0.0661627268332058,0.012947679630350303,-0.0329273989416115,0.7230026637050233,0.03328259135351018,-0.1368035431336176,-0.01215101478094349,-0.06759285478097836,0.010040773637285103,-0.010852004337491547,0.09023946389464399,-0.2735467819783685,-0.4230399002092182,-0.04426199307944682,0.016136211856744697,0.04396883607765977,0.005822547153401934,-0.23805498068392272,-0.2516299007456313,-0.31779952184435134,-0.04953299348908827,0.04651130798323509,0.010451210648537998,0.0027389195148675334,19070.550247929903,0.006998990492791427,0.015206190206746137,-0.2163022125195559,0.07490867727319936,-0.006469023299826094,-0.02441688446350719
36,-0.006536802119126605,-0.10819462422747114,0.25638090391111445,-0.03282042941983285,0.04726159240922127,0.0005344666304484598,-0.0014312041034026846,-0.5138886331850062,0.302296399475763,-0.1091954101701023,-0.40426417108939616,-0.025381664144282553,-0.012362511463238041,0.0006155694708560172,0.12370409778497143,0.051898090390439765,-0.11795992570153228,0.18075510819742793,-0.010536225886798143,0.036404112224736475,0.012170976277577244,0.06502296855150005,0.10296712791262766,-0.309648725620948,0.02410870681025166,-0.04077830449771038,-0.01729798751947129,-0.0076430751975487795,0.31480538705466016,0.0899372095335453,-0.20050915199789243,0.024998282198582033,-0.001100423215041892,0.009669985898518071,-0.014213438754845709,0.006998990492791427,6605.421412680359,-0.18685545606480908,0.02665747584020582,-0.027580770937218908,0.0005549774332243655,-0.00025035112155118535
37,-0.2101508630884444,-0.03735028530375138,-0.00852507176034772,0.05620635459664912,-0.03344991538607294,0.0019826183936753694,0.004852771960826655,-0.09412491585315592,-0.3139136526062106,0.0974643883905459,0.004838351990399416,0.01802222254872779,0.02214371083786336,0.008326179209007486,-0.1784592717898441,-0.026250468675658434,-0.2485324040700785,-0.038379262854466016,0.020500680417825833,-0.01378299917539703,-0.0005866517350943065,0.3324981682898496,0.14469802186610534,0.04228392623232098,-0.05013708032021596,-0.014490820175020465,0.009162307192581045,-0.0014700206411395007,0.32616202967908203,-0.18341776941352375,-0.05212275734926384,-0.033421102780212014,-0.016200629224519265,-0.0022738408921340915,-0.009198880484961298,0.015206190206746137,-0.18685545606480908,2430.060464248031,0.009310137522923988,0.019639324921725168,0.007946616785588622,-0.0001057352083678553
38,0.05755609953567981,-0.10630450395182486,-0.13037551285061807,0.02554140956460852,0.02670265834517561,0.008996835487004615,-0.0035279200304127027,-0.18735530063759095,0.07678217040815175,-0.006994166912319882,-0.032941938931955864,0.007154512302322204,-0.015398709822151623,0.006403428449727252,-0.1172184772389235,0.021693206759639594,-0.024410538417312302,-0.04276421315579138,0.005579774372030576,-0.003488148340566902,-0.0003862017704577437,0.035504918066863414,0.022643804455725527,-0.0028087872925208882,-0.035882780091513654,0.007739052101363807,0.00416082589396137,0.004029597157668142,0.02177270093589094,0.05039113647004605,-0.002920351019062822,-0.02960460738724581,-0.0031752540264111825,0.00782186704386415,-0.0032391821678350078,-0.2163022125195559,0.02665747584020582,0.009310137522923988,818.5231704477075,-0.005471362307410948,-0.0037302379813689652,0.0003100127887815079
39,0.023593001074944372,0.020043851850716287,-0.001418665615224748,0.006643894006588363,0.005161047963283542,0.0007318314250535967,0.0028525968456090157,0.07127268466483819,0.045211423320889926,0.006946533756786891,-0.013539211131209436,-0.011795095042296404,-0.012516533942609194,-0.003290027518034499,-0.03832842287929217,0.013983165701547059,0.002530688899451203,-0.0033598523922838634,-0.00452603511825822,0.0014036271458475176,0.00150280503196994,-0.0974689268992293,0.0008409626736552235,-0.01377851103769671,0.033976505067270076,0.010646673855289496,0.0024915486915840133,-0.0032290508896260428,0.03565205099142817,0.021433020193132306,0.016213671992405726,0.01270319118333312,0.007918438592512917,0.0018862075380206948,-0.0015084502190601133,0.07490867727319936,-0.027580770937218908,0.019639324921725168,-0.005471362307410948,177.1962407745014,-0.003096124445634754,0.004154991396754475
40,0.0027091854987888325,0.01199288988861566,0.021345404128166164,-0.0050432209929701195,0.004284027508896543,0.001214531681940387,-0.0004932742626645649,0.013915137460534304,-0.00606706138802,-0.011920120703191229,-0.01332976053281852,0.001087200255060521,7.423307090052298e-05,-0.0008285347330164338,-0.014724617055536671,-0.008280432444699028,-0.001028776528859441,0.001284921211062247,0.0020830796560292342,-0.001008860367228809,0.00014757703335440214,-0.011626992060609671,0.010442189799255664,-0.0056298877169558,-0.00860256070146646,-0.0017224087553015317,-0.0005112964071114088,-0.0009755753135051973,0.0017067211437412015,0.0082447396843009,-0.0119138754961752,0.002275892980390561,0.0005768342334733672,-0.00024848555121440155,-8.801051453128962e-05,-0.006469023299826094,0.0005549774332243655,0.007946616785588622,-0.0037302379813689652,-0.003096124445634754,25.23714583033138,0.0001406567758006908
41,0.01180300103368218,0.017149185796470335,-0.0022210378568446438,-0.0017377618507556905,-0.0034402127260714484,-0.0001663120278447823,0.00030177041147383654,-0.023556863565545687,-0.006165063135661291,0.004265551384232296,0.002359541842391906,-7.736376509993527e-06,0.0018114772021553351,-0.0002570636876118498,-0.015113761260158589,-0.0038460421692590534,0.011236310604306209,0.004309258656316136,0.0012577099086712384,-0.000977507155649428,-0.00017453991557000192,0.02524416978245049,-0.012960844725194447,0.010999393467060838,-0.00039247257337005797,0.0009420500286466438,0.0027216017776274678,-0.000290735443636185,0.019317977448112332,-0.0022171153789470204,0.009936815268779016,0.0060675339897356345,-0.0005692980704127918,-0.0001809504263743375,0.0003717517245643062,-0.02441688446350719,-0.00025035112155118535,-0.0001057352083678553,0.0003100127887815079,0.004154991396754475,0.0001406567758006908,15.464159119768482
