,2,3,4,5,6,7,8,9,10,11,12,13,14,15,16,17,18,19,20,21,22,23,24,25,26,27,28,29,30,31,32,33
2,321.53044224574114,-0.018462347983212418,0.0041143365710024655,-0.00607345609400462,-0.004390129064087399,0.005768789989556733,0.0047608961454885185,-0.004735267604059779,0.0028704536443658686,-0.0004612113784872254,-0.0027009157192847692,-0.00350652217244516,-0.003050632084417849,-0.0018636416486745462,6.207763651798525e-05,-0.00017942725992499045,0.00032754652151422206,-8.363475368236564e-05,0.0001641915716961445,0.0007932463171041277,0.00022360487250427114,0.00014652397822724462,0.00041375212067738614,0.0002167417736046913,0.00022113273998536386,-0.00022572215620554883,-9.220266996286651e-07,-5.365923169420671e-06,7.038896756847192e-05,2.259469217689007e-05,2.0273447881211946e-05,-1.5851147609737131e-06
3,-0.018462347983212418,241.28333617971498,0.00038776758864112203,0.004134670048172071,0.005254126758156286,0.007779920182725385,-0.002588408939821704,-0.003717696504702987,0.003582987938650318,-0.0003816466256461756,-6.948830747311554e-05,-0.0006912924887113314,-0.0002899701792892656,-0.003417164113674955,0.00016949182275804116,0.00014959223070738447,-0.0015596995735828287,0.00011467322765848087,0.0003792717292030619,0.00022269175200119183,-0.0003237829591446214,-0.00043918668857214526,-0.0002786668458445694,-0.00025698410263205415,-0.00018525615127700589,-7.802855394836784e-05,-5.049939288257859e-05,-8.104064277836763e-07,6.354497523015263e-06,1.6319144106631075e-05,-4.280640636589674e-06,-5.244570116152563e-06
4,0.0041143365710024655,0.00038776758864112203,203.16861264358428,0.011661660547056339,-0.004117396477177657,-0.0012737132090813199,0.002314275424351859,-0.000839519129457685,0.0014420365061790293,4.179174329282418e-05,-0.0023316373892128344,0.0011523608895848707,-0.00016497734643344892,-0.0012701361639625476,-0.0018202408393077484,-0.0021026779461705415,-5.49623938868487e-05,0.0007760665407417918,0.0007569262409112126,-6.905523185357326e-06,2.145921988809899e-05,-0.000384552840276879,6.16606540224854e-05,-4.854270063043452e-05,-7.065215498803642e-05,-0.00011478643895984523,7.928578759342252e-05,-4.699371135137486e-05,-2.858001909073624e-06,2.4409909921938357e-05,2.965152046129899e-06,4.0745609208462685e-06
5,-0.00607345609400462,0.004134670048172071,0.011661660547056339,157.72721533331952,0.005375000053209806,-0.002289712663026436,0.002258382429459978,0.004972277293846321,0.0005539706756411013,0.0001708662443086484,-0.00018360736441799008,0.0007069382491064522,0.0014467618158762485,0.0007411320759956409,-0.0015290263065165322,0.0002449869795955033,0.000209799801534044,-0.0005281599910952116,0.0007600832042394034,0.00021430050644388884,-0.00025039155701170985,9.038149096033264e-05,0.00017972851232288118,0.00017851679170063274,-4.485454704360823e-05,-0.00011037426591117623,-8.325614085625864e-05,5.70243078891575e-05,-3.976922167096445e-06,1.7720306269970092e-05,-3.2695736208205894e-06,6.689932378336816e-07
6,-0.004390129064087399,0.005254126758156286,-0.004117396477177657,0.005375000053209806,126.28673122528245,0.0001876857850317303,0.0027380795026229862,-0.0010869855649934194,-0.0016375285200613018,-0.00012027483890040382,-0.0008296910925218342,0.0008159037691536795,4.042918640086937e-05,0.0010895679792917317,-3.0030166319634347e-05,0.0007008852169527649,-0.0016535040446537983,0.00022443248544123893,-0.00010742661780142384,-0.00018330867566494224,-0.0002996916648930502,-0.00021749365433884095,-4.24756432840202e-06,5.8565575841263676e-05,-1.3359277955089169e-05,-7.353637330617098e-05,3.285201247772179e-05,-9.919142890141086e-06,-1.3588938463113995e-06,8.226661858133382e-06,3.008777583384329e-06,4.2109596558716997e-07
7,0.005768789989556733,0.007779920182725385,-0.0012737132090813199,-0.002289712663026436,0.0001876857850317303,97.85971316159511,0.0018506145096307898,-0.0002448086813809088,0.0005088911908862609,0.0002276742760883622,-0.0017504138573922472,0.000249013021109467,-0.0008452433147864599,0.00035473334482683184,0.0018810181786906323,-0.0019999047830706437,0.0006136219796162762,-0.00012045186008229251,-6.186502620429064e-05,0.0004337924168450815,0.00021749091214835745,0.0001377333807523092,-0.00034729066590126955,-2.9698565264671424e-05,-4.92149560316317e-07,-2.5096405835183413e-05,6.71001391222772e-05,2.9905998757334387e-05,-5.091253575049297e-05,-2.0490492876341207e-05,-5.2724862626924895e-06,4.943297800803364e-06
8,0.0047608961454885185,-0.002588408939821704,0.002314275424351859,0.002258382429459978,0.0027380795026229862,0.0018506145096307898,78.49140460615564,0.0047885188645522166,0.0023568272393087683,-4.082679329664423e-06,0.0002489411545123787,-0.002765122788636051,-0.0006533287199881637,-0.001564094337569326,-0.0006528999043311108,-0.0004430716074661811,-0.00014661057088953043,-6.39529338287274e-05,-0.00021509804391070715,-0.0004225631231050938,0.0004960237958837342,-0.00033060927876282044,-0.0002821345912212775,7.401041784659803e-06,6.408022447529276e-05,7.464273345467311e-06,-0.00012697197521133012,-1.844333982949031e-05,-1.6967917878785038e-06,3.923407894424279e-06,-7.15498284770754e-06,-1.983834280588505e-06
9,-0.004735267604059779,-0.003717696504702987,-0.000839519129457685,0.004972277293846321,-0.0010869855649934194,-0.0002448086813809088,0.0047885188645522166,63.09083384798717,-0.004118451406469835,0.0006935385277933794,0.0013762303461989204,0.001031340394245546,-2.6317946338192195e-05,0.0003888936603770901,0.00022186229944722,0.0003752369737335285,-0.0003477496494193754,0.0005806958988054752,0.0003580131724683603,0.00013227531021665356,7.877480337723938e-05,-8.952888869429112e-06,3.98489513605925e-05,-0.00029415100168566683,-1.79068774968442e-05,-2.394911051639562e-05,-6.969389696146928e-05,-2.552798486029422e-05,-5.146610905789125e-06,2.1785310698445727e-06,4.526488936680327e-06,-2.3215718165828775e-07
10,0.0028704536443658686,0.003582987938650318,0.0014420365061790293,0.0005539706756411013,-0.0016375285200613018,0.0005088911908862609,0.0023568272393087683,-0.004118451406469835,50.174231488980695,0.0023672182171498917,-0.0003550776985590983,-0.0007135221704329662,-0.0002535829711339599,-0.0004322658689971152,-0.00019614559343122224,-0.0007023468739148563,-0.0007207230336431455,-0.00011168066764828033,0.00016222603018350575,-0.0001160427045767494,0.00019115615896027612,-0.0003173546953211469,2.3412533557585916e-05,-2.131359749442738e-05,2.355545709975569e-05,-0.00011708838666463767,3.4107339238085225e-05,-9.762784169596274e-06,9.454747799912636e-06,-1.964224515889671e-06,6.812278969036244e-07,6.583931468802721e-07
11,-0.0004612113784872254,-0.0003816466256461756,4.179174329282418e-05,0.0001708662443086484,-0.00012027483890040382,0.0002276742760883622,-4.082679329664423e-06,0.0006935385277933794,0.0023672182171498917,40.03571316721513,-0.0006729726316746708,-0.0020751732161494816,0.0008600409079116713,-0.0004122625643234787,-0.000166651772461527,0.000508571234772024,-4.546201312003793e-06,-0.00012048305771468299,2.6504122462478254e-05,5.7448116085587773e-05,-7.35583420391726e-05,-0.00033142306054526673,7.026427400777397e-05,-0.00010970174822793553,3.593301671497132e-05,-2.4261913493604138e-05,-4.435119530983862e-05,1.587162958988447e-05,-2.2921634926880084e-05,3.6281308502626077e-06,-3.4418921725215055e-06,-6.966730713567624e-07
12,-0.0027009157192847692,-6.948830747311554e-05,-0.0023316373892128344,-0.00018360736441799008,-0.0008296910925218342,-0.0017504138573922472,0.0002489411545123787,0.0013762303461989204,-0.0003550776985590983,-0.0006729726316746708,31.49808480755741,0.0013147243790528006,4.445173428499086e-05,-0.00021313589377291566,-6.794146088482446e-05,-9.814863141905198e-05,0.00026548898071816404,-5.0193541572147614e-05,0.00036316522758735216,0.00037843903910189306,8.757061720506689e-06,0.0002116522138091718,7.941811059917898e-05,-4.210841228107371e-05,7.036209727037404e-05,2.4528466631220266e-05,-5.324759883509201e-06,-7.02663546705365e-06,-1.4064736904042042e-05,5.813417635537896e-06,4.172396265154222e-06,1.214153502268354e-06
13,-0.00350652217244516,-0.0006912924887113314,0.0011523608895848707,0.0007069382491064522,0.0008159037691536795,0.000249013021109467,-0.002765122788636051,0.001031340394245546,-0.0007135221704329662,-0.0020751732161494816,0.0013147243790528006,25.951615893268777,0.0014272844205426459,-0.0006125991138880574,0.00043173274797897134,-0.0005974696746009212,0.00041948672790329054,-9.372299463647821e-05,0.0004389707732515755,5.754502591484452e-06,-0.00021189129438084508,-0.00011777599954805353,-8.873831262154415e-05,1.5053263465738661e-05,1.3769780440867725e-05,3.6916623251311925e-05,-5.0963729610265745e-05,2.0252262320513935e-05,-4.240934835602697e-07,8.068819177806005e-06,3.6485397432301792e-06,2.0574902012503743e-07
14,-0.003050632084417849,-0.0002899701792892656,-0.00016497734643344892,0.0014467618158762485,4.042918640086937e-05,-0.0008452433147864599,-0.0006533287199881637,-2.6317946338192195e-05,-0.0002535829711339599,0.0008600409079116713,4.445173428499086e-05,0.0014272844205426459,19.297862851594946,0.001460119556395831,0.00035864237458797907,0.0005395243181950974,0.0003592592090130062,-0.0003761939684478612,-0.00011845353810575723,-0.00017764405746531896,8.756732617113665e-05,0.00019847504940004638,-8.988167100115746e-05,-8.838609275485407e-05,-2.0805753160263548e-05,-3.8586546948699174e-05,-1.895969422957379e-05,-1.0044933676895128e-06,-8.569945566029862e-06,-9.282151808504807e-06,6.059713309221164e-07,1.4063107950122683e-06
15,-0.0018636416486745462,-0.003417164113674955,-0.0012701361639625476,0.0007411320759956409,0.0010895679792917317,0.00035473334482683184,-0.001564094337569326,0.0003888936603770901,-0.0004322658689971152,-0.0004122625643234787,-0.00021313589377291566,-0.0006125991138880574,0.001460119556395831,15.590153428787685,-0.0003426994672085628,0.0005468025283083751,0.00047654881398390586,3.421556488907286e-05,0.0003750065477639891,0.0001233853599495677,4.9533135054980235e-05,-2.104770871031738e-05,3.337563859917633e-05,-0.00010532820643246332,0.00010914566959795198,7.343605701480886e-06,2.050011368948297e-05,-3.239656684650576e-06,-1.8904786450017014e-06,-5.430040384286068e-06,5.66100521566264e-06,-9.29436422637633e-07
16,6.207763651798525e-05,0.00016949182275804116,-0.0018202408393077484,-0.0015290263065165322,-3.0030166319634347e-05,0.0018810181786906323,-0.0006528999043311108,0.00022186229944722,-0.00019614559343122224,-0.000166651772461527,-6.794146088482446e-05,0.00043173274797897134,0.00035864237458797907,-0.0003426994672085628,12.071421767605097,0.00028225056167550564,0.00037892518565687595,0.0005147555947188281,-6.677358111629176e-05,-0.00010791732236658893,-0.0001372978105602681,0.00010382888046686387,-0.00010250669013916817,2.680597733160803e-05,5.0771270896296666e-05,2.1601337902889614e-05,-5.199457435769255e-06,1.2449654652580298e-05,-7.034952876553156e-06,3.470968801410896e-07,-2.2378194560892593e-06,-8.533722010076823e-07
17,-0.00017942725992499045,0.00014959223070738447,-0.0021026779461705415,0.0002449869795955033,0.0007008852169527649,-0.0019999047830706437,-0.0004430716074661811,0.0003752369737335285,-0.0007023468739148563,0.000508571234772024,-9.814863141905198e-05,-0.0005974696746009212,0.0005395243181950974,0.0005468025283083751,0.00028225056167550564,9.264117179481849,0.0003660513943678252,-4.331105213021142e-05,0.00016736850572429386,8.358029891351868e-05,-9.846582896031155e-05,2.739973770713772e-05,-5.8661481170530984e-05,6.990232236312118e-05,-3.528347907941581e-05,-2.968759157940893e-06,3.458149091651183e-06,-3.812566208415063e-05,-4.211873238614977e-06,-3.912456398134948e-06,5.802578361380195e-06,4.919825763261165e-07
18,0.00032754652151422206,-0.0015596995735828287,-5.49623938868487e-05,0.000209799801534044,-0.0016535040446537983,0.0006136219796162762,-0.00014661057088953043,-0.0003477496494193754,-0.0007207230336431455,-4.546201312003793e-06,0.00026548898071816404,0.00041948672790329054,0.0003592592090130062,0.00047654881398390586,0.00037892518565687595,0.0003660513943678252,7.00101806924309,-6.0054255852797056e-05,-5.614686525563178e-05,3.895034896389546e-05,1.078880227232991e-06,-4.991083950192689e-05,-4.5999727419912064e-05,-2.291792606592963e-05,-2.980443422905208e-06,-2.877977661961556e-05,-3.4326363245287876e-05,-3.94476453493148e-08,-5.2495095275825594e-06,-3.835887730961477e-06,-1.7025834209881268e-07,1.3872779914506576e-07
19,-8.363475368236564e-05,0.00011467322765848087,0.0007760665407417918,-0.0005281599910952116,0.00022443248544123893,-0.00012045186008229251,-6.39529338287274e-05,0.0005806958988054752,-0.00011168066764828033,-0.00012048305771468299,-5.0193541572147614e-05,-9.372299463647821e-05,-0.0003761939684478612,3.421556488907286e-05,0.0005147555947188281,-4.331105213021142e-05,-6.0054255852797056e-05,5.262046425322434,-0.00017493920070391753,3.380290991913822e-06,8.15945775602593e-05,7.50674682457302e-06,-2.89419999198683e-05,-8.874641908844909e-06,8.05952396723445e-05,-3.805769070951989e-05,2.3291339032258357e-05,1.5460963253090875e-05,6.775757890837661e-06,1.2238637823107795e-06,-2.430285818157692e-06,4.287437391761833e-07
20,0.0001641915716961445,0.0003792717292030619,0.0007569262409112126,0.0007600832042394034,-0.00010742661780142384,-6.186502620429064e-05,-0.00021509804391070715,0.0003580131724683603,0.00016222603018350575,2.6504122462478254e-05,0.00036316522758735216,0.0004389707732515755,-0.00011845353810575723,0.0003750065477639891,-6.677358111629176e-05,0.00016736850572429386,-5.614686525563178e-05,-0.00017493920070391753,3.8853751506493275,-5.247383487022856e-05,6.386427071214024e-05,-3.39773565592872e-05,1.422208609402368e-05,2.60672188351363e-05,3.9336103768541e-05,-1.6870185852023986e-05,-1.9350001262521296e-05,-5.3895335557544375e-06,-3.2759449454407906e-06,1.4449972984016879e-06,4.443066462317999e-07,2.3202069507515304e-07
21,0.0007932463171041277,0.00022269175200119183,-6.905523185357326e-06,0.00021430050644388884,-0.00018330867566494224,0.0004337924168450815,-0.0004225631231050938,0.00013227531021665356,-0.0001160427045767494,5.7448116085587773e-05,0.00037843903910189306,5.754502591484452e-06,-0.00017764405746531896,0.0001233853599495677,-0.00010791732236658893,8.358029891351868e-05,3.895034896389546e-05,3.380290991913822e-06,-5.247383487022856e-05,2.9089887051516237,0.00012265927087171192,4.650941450557199e-05,2.2235417669152278e-05,-2.539053446241563e-05,-7.631588276356307e-06,-7.072735419226632e-07,1.662088478688471e-05,5.5855186888994645e-06,-1.5567144006038686e-06,1.876819028847483e-06,-2.5836831536666883e-06,2.1826935188611768e-07
22,0.00022360487250427114,-0.0003237829591446214,2.145921988809899e-05,-0.00025039155701170985,-0.0002996916648930502,0.00021749091214835745,0.0004960237958837342,7.877480337723938e-05,0.00019115615896027612,-7.35583420391726e-05,8.757061720506689e-06,-0.00021189129438084508,8.756732617113665e-05,4.9533135054980235e-05,-0.0001372978105602681,-9.846582896031155e-05,1.078880227232991e-06,8.15945775602593e-05,6.386427071214024e-05,0.00012265927087171192,2.0708725792840204,3.6950454461953174e-05,1.6374309841283642e-06,2.099321765595528e-05,-6.433743833634431e-06,-3.353807923676426e-06,-3.5369123360156284e-06,-1.590207171340334e-06,7.109943559954488e-06,-2.508864735047727e-06,-2.348640458951234e-06,-3.936889809437593e-07
23,0.00014652397822724462,-0.00043918668857214526,-0.000384552840276879,9.038149096033264e-05,-0.00021749365433884095,0.0001377333807523092,-0.00033060927876282044,-8.952888869429112e-06,-0.0003173546953211469,-0.00033142306054526673,0.0002116522138091718,-0.00011777599954805353,0.00019847504940004638,-2.104770871031738e-05,0.00010382888046686387,2.739973770713772e-05,-4.991083950192689e-05,7.50674682457302e-06,-3.39773565592872e-05,4.650941450557199e-05,3.6950454461953174e-05,1.4505852601551288,2.6245810257002945e-05,-4.374766406850971e-05,2.090186779072054e-05,-2.4610692875557455e-05,1.5946709114696457e-06,-1.3339832734572252e-05,-2.9300663368633904e-06,2.446058526447304e-07,1.5954913210134758e-06,-2.3734984237878633e-07
24,0.00041375212067738614,-0.0002786668458445694,6.16606540224854e-05,0.00017972851232288118,-4.24756432840202e-06,-0.00034729066590126955,-0.0002821345912212775,3.98489513605925e-05,2.3412533557585916e-05,7.026427400777397e-05,7.941811059917898e-05,-8.873831262154415e-05,-8.988167100115746e-05,3.337563859917633e-05,-0.00010250669013916817,-5.8661481170530984e-05,-4.5999727419912064e-05,-2.89419999198683e-05,1.422208609402368e-05,2.2235417669152278e-05,1.6374309841283642e-06,2.6245810257002945e-05,0.9986443414688422,3.3003329752357834e-05,6.379313995593879e-06,2.8468671109271975e-06,4.124561741165887e-06,-8.324032882597609e-06,2.1440069082347994e-06,3.9072821831796315e-07,5.316717963343808e-07,-3.2458071947123336e-07
25,0.0002167417736046913,-0.00025698410263205415,-4.854270063043452e-05,0.00017851679170063274,5.8565575841263676e-05,-2.9698565264671424e-05,7.401041784659803e-06,-0.00029415100168566683,-2.131359749442738e-05,-0.00010970174822793553,-4.210841228107371e-05,1.5053263465738661e-05,-8.838609275485407e-05,-0.00010532820643246332,2.680597733160803e-05,6.990232236312118e-05,-2.291792606592963e-05,-8.874641908844909e-06,2.60672188351363e-05,-2.539053446241563e-05,2.099321765595528e-05,-4.374766406850971e-05,3.3003329752357834e-05,0.6829782474183287,-5.458746916551066e-06,7.479518402181426e-06,-1.2366139311918389e-05,1.4573094601382688e-06,-2.204983972323804e-06,1.7310313980983238e-06,-1.0052067268658334e-06,-6.725792547935075e-08
26,0.00022113273998536386,-0.00018525615127700589,-7.065215498803642e-05,-4.485454704360823e-05,-1.3359277955089169e-05,-4.92149560316317e-07,6.408022447529276e-05,-1.79068774968442e-05,2.355545709975569e-05,3.593301671497132e-05,7.036209727037404e-05,1.3769780440867725e-05,-2.0805753160263548e-05,0.00010914566959795198,5.0771270896296666e-05,-3.528347907941581e-05,-2.980443422905208e-06,8.05952396723445e-05,3.9336103768541e-05,-7.631588276356307e-06,-6.433743833634431e-06,2.090186779072054e-05,6.379313995593879e-06,-5.458746916551066e-06,0.43979907539335944,7.208018924135849e-06,5.978758630548773e-06,-1.0793497039652014e-06,-5.1707229763690055e-06,1.0056008697689662e-06,8.188040875016544e-07,1.661603486944494e-07
27,-0.00022572215620554883,-7.802855394836784e-05,-0.00011478643895984523,-0.00011037426591117623,-7.353637330617098e-05,-2.5096405835183413e-05,7.464273345467311e-06,-2.394911051639562e-05,-0.00011708838666463767,-2.4261913493604138e-05,2.4528466631220266e-05,3.6916623251311925e-05,-3.8586546948699174e-05,7.343605701480886e-06,2.1601337902889614e-05,-2.968759157940893e-06,-2.877977661961556e-05,-3.805769070951989e-05,-1.6870185852023986e-05,-7.072735419226632e-07,-3.353807923676426e-06,-2.4610692875557455e-05,2.8468671109271975e-06,7.479518402181426e-06,7.208018924135849e-06,0.27356973220578107,9.140994487065168e-06,-4.5078753483590145e-06,4.191193339109106e-06,-1.1730278672722978e-06,4.4773177378960266e-07,-2.5885335727412376e-07
28,-9.220266996286651e-07,-5.049939288257859e-05,7.928578759342252e-05,-8.325614085625864e-05,3.285201247772179e-05,6.71001391222772e-05,-0.00012697197521133012,-6.969389696146928e-05,3.4107339238085225e-05,-4.435119530983862e-05,-5.324759883509201e-06,-5.0963729610265745e-05,-1.895969422957379e-05,2.050011368948297e-05,-5.199457435769255e-06,3.458149091651183e-06,-3.4326363245287876e-05,2.3291339032258357e-05,-1.9350001262521296e-05,1.662088478688471e-05,-3.5369123360156284e-06,1.5946709114696457e-06,4.124561741165887e-06,-1.2366139311918389e-05,5.978758630548773e-06,9.140994487065168e-06,0.1661241674480114,2.269215778460055e-07,-1.3340494217462634e-06,9.658406861639518e-07,4.783027358934232e-07,-6.548348574720662e-08
29,-5.365923169420671e-06,-8.104064277836763e-07,-4.699371135137486e-05,5.70243078891575e-05,-9.919142890141086e-06,2.9905998757334387e-05,-1.844333982949031e-05,-2.552798486029422e-05,-9.762784169596274e-06,1.587162958988447e-05,-7.02663546705365e-06,2.0252262320513935e-05,-1.0044933676895128e-06,-3.239656684650576e-06,1.2449654652580298e-05,-3.812566208415063e-05,-3.94476453493148e-08,1.5460963253090875e-05,-5.3895335557544375e-06,5.5855186888994645e-06,-1.590207171340334e-06,-1.3339832734572252e-05,-8.324032882597609e-06,1.4573094601382688e-06,-1.0793497039652014e-06,-4.5078753483590145e-06,2.269215778460055e-07,0.0967126515278156,-9.110610540289499e-07,1.068233917285012e-06,1.7464642295401904e-07,-3.172894782354696e-07
30,7.038896756847192e-05,6.354497523015263e-06,-2.858001909073624e-06,-3.976922167096445e-06,-1.3588938463113995e-06,-5.091253575049297e-05,-1.6967917878785038e-06,-5.146610905789125e-06,9.454747799912636e-06,-2.2921634926880084e-05,-1.4064736904042042e-05,-4.240934835602697e-07,-8.569945566029862e-06,-1.8904786450017014e-06,-7.034952876553156e-06,-4.211873238614977e-06,-5.2495095275825594e-06,6.775757890837661e-06,-3.2759449454407906e-06,-1.5567144006038686e-06,7.109943559954488e-06,-2.9300663368633904e-06,2.1440069082347994e-06,-2.204983972323804e-06,-5.1707229763690055e-06,4.191193339109106e-06,-1.3340494217462634e-06,-9.110610540289499e-07,0.03489901909226826,-1.0783586637631525e-06,-4.2650147501420254e-07,-5.600498832161694e-08
31,2.259469217689007e-05,1.6319144106631075e-05,2.4409909921938357e-05,1.7720306269970092e-05,8.226661858133382e-06,-2.0490492876341207e-05,3.923407894424279e-06,2.1785310698445727e-06,-1.964224515889671e-06,3.6281308502626077e-06,5.813417635537896e-06,8.068819177806005e-06,-9.282151808504807e-06,-5.430040384286068e-06,3.470968801410896e-07,-3.912456398134948e-06,-3.835887730961477e-06,1.2238637823107795e-06,1.4449972984016879e-06,1.876819028847483e-06,-2.508864735047727e-06,2.446058526447304e-07,3.9072821831796315e-07,1.7310313980983238e-06,1.0056008697689662e-06,-1.1730278672722978e-06,9.658406861639518e-07,1.068233917285012e-06,-1.0783586637631525e-06,0.013861850256295452,2.530167495527022e-08,-1.1242409972158727e-07
32,2.0273447881211946e-05,-4.280640636589674e-06,2.965152046129899e-06,-3.2695736208205894e-06,3.008777583384329e-06,-5.2724862626924895e-06,-7.15498284770754e-06,4.526488936680327e-06,6.812278969036244e-07,-3.4418921725215055e-06,4.172396265154222e-06,3.6485397432301792e-06,6.059713309221164e-07,5.66100521566264e-06,-2.2378194560892593e-06,5.802578361380195e-06,-1.7025834209881268e-07,-2.430285818157692e-06,4.443066462317999e-07,-2.5836831536666883e-06,-2.348640458951234e-06,1.5954913210134758e-06,5.316717963343808e-07,-1.0052067268658334e-06,8.188040875016544e-07,4.4773177378960266e-07,4.783027358934232e-07,1.7464642295401904e-07,-4.2650147501420254e-07,2.530167495527022e-08,0.0043994058927522405,-1.2024760393841599e-08
33,-1.5851147609737131e-06,-5.244570116152563e-06,4.0745609208462685e-06,6.689932378336816e-07,4.2109596558716997e-07,4.943297800803364e-06,-1.983834280588505e-06,-2.3215718165828775e-07,6.583931468802721e-07,-6.966730713567624e-07,1.214153502268354e-06,2.0574902012503743e-07,1.4063107950122683e-06,-9.29436422637633e-07,-8.533722010076823e-07,4.919825763261165e-07,1.3872779914506576e-07,4.287437391761833e-07,2.3202069507515304e-07,2.1826935188611768e-07,-3.936889809437593e-07,-2.3734984237878633e-07,-3.2458071947123336e-07,-6.725792547935075e-08,1.661603486944494e-07,-2.5885335727412376e-07,-6.548348574720662e-08,-3.172894782354696e-07,-5.600498832161694e-08,-1.1242409972158727e-07,-1.2024760393841599e-08,0.0010931354851202875
