,2,3,4,5,6,7,8,9
2,5985.121768935353,0.12681739152279883,0.03699369126258314,0.03060018909291101,0.0018529492934388977,7.097313702595192e-05,-0.0001248890065899776,-0.00035351056014444886
3,0.12681739152279883,1380.406498236691,-0.01607914201407171,0.010464301420902768,-0.0007275410060012742,0.0010648924751685163,-0.0010561561787775621,0.0009221919358287435
4,0.03699369126258314,-0.01607914201407171,305.99982753011574,0.002399394917516242,0.0006181575320737757,-0.0015061087046009036,0.0007146393237597543,-0.00029234432558704505
5,0.03060018909291101,0.010464301420902768,0.002399394917516242,57.69762238832881,0.0004648147568162802,0.00019918761398491884,8.532843391841192e-05,-7.476729781353013e-05
6,0.0018529492934388977,-0.0007275410060012742,0.0006181575320737757,0.0004648147568162802,10.504807623432,9.68759830420968e-05,5.525541812772579e-05,3.305699112301105e-05
7,7.097313702595192e-05,0.0010648924751685163,-0.0015061087046009036,0.00019918761398491884,9.68759830420968e-05,1.8679282870551317,-3.2973415542411744e-05,4.8205512685848855e-06
8,-0.0001248890065899776,-0.0010561561787775621,0.0007146393237597543,8.532843391841192e-05,5.525541812772579e-05,-3.2973415542411744e-05,0.3545331762785524,4.566536213933109e-06
9,-0.00035351056014444886,0.0009221919358287435,-0.00029234432558704505,-7.476729781353013e-05,3.305699112301105e-05,4.8205512685848855e-06,4.566536213933109e-06,0.07698790961583406
