,2,3,4,5,6,7,8,9
2,47880.97415148717,0.887721740659647,0.2219621475754623,0.15300094546456003,0.007411797173755137,0.0002129194110780206,-0.0002497780131799525,-0.00035351056014444886
3,0.887721740659647,9662.845487656754,-0.09647485208442802,0.05232150710451637,-0.002910164024004029,0.0031946774255055686,-0.0021123123575551316,0.0009221919358287435
4,0.2219621475754623,-0.09647485208442802,1835.9989651806616,0.011996974587580337,0.0024726301282951358,-0.004518326113802501,0.0014292786475194339,-0.00029234432558704505
5,0.15300094546456003,0.05232150710451637,0.011996974587580337,288.4881119416543,0.0018592590272650067,0.000597562841954738,0.000170656867836824,-7.476729781353013e-05
6,0.007411797173755137,-0.002910164024004029,0.0024726301282951358,0.0018592590272650067,42.01923049372679,0.00029062794912630544,0.00011051083625545357,3.305699112301105e-05
7,0.0002129194110780206,0.0031946774255055686,-0.004518326113802501,0.000597562841954738,0.00029062794912630544,5.603784861165468,-6.594683108482547e-05,4.8205512685848855e-06
8,-0.0002497780131799525,-0.0021123123575551316,0.0014292786475194339,0.000170656867836824,0.00011051083625545357,-6.594683108482547e-05,0.7090663525571231,4.566536213933109e-06
9,-0.00035351056014444886,0.0009221919358287435,-0.00029234432558704505,-7.476729781353013e-05,3.305699112301105e-05,4.8205512685848855e-06,4.566536213933109e-06,0.07698790961583406
