,3,4,5,6,7,8,9
3,170311.5115625862,7.873430107653722,-0.13154656603304513,-2.0815209550532927,0.2267753172171862,-0.2089963295006718,0.012826648650447657
4,7.873430107653722,269350.80168740323,6.280444825180265,1.2514265890257796,2.3331742519398597,-0.6124021265013437,-0.03530290100107598
5,-0.13154656603304513,6.280444825180265,89767.40722804029,0.4923826879862985,-0.5543254173053833,0.44703836017409804,0.02389986553912846
6,-2.0815209550532927,1.2514265890257796,0.4923826879862985,27726.66343140858,-0.2961341889196986,-0.09786017643809902,0.09402955493934384
7,0.2267753172171862,2.3331742519398597,-0.5543254173053833,-0.2961341889196986,5938.642606870498,0.042318660697126226,0.0027194861569375074
8,-0.2089963295006718,-0.6124021265013437,0.44703836017409804,-0.09786017643809902,0.042318660697126226,762.6271590659612,-0.00012963737423038027
9,0.012826648650447657,-0.03530290100107598,0.02389986553912846,0.09402955493934384,0.0027194861569375074,-0.00012963737423038027,72.95908998706882
