,2,3,4,5,6,7,8,9
2,0.0,0.0,0.0,0.0,0.0,0.0,0.0,0.0
3,0.0,1192180.5809382475,47.240580645920055,-0.657732830165046,-8.326083820213535,0.6803259516515331,-0.4179926590013415,0.012826648650447657
4,0.0,47.240580645920055,1616104.8101244206,31.402224125901167,5.005706356103007,6.9995227558196484,-1.2248042530026761,-0.03530290100107598
5,0.0,-0.657732830165046,31.402224125901167,448837.036140216,1.9695307519453427,-1.662976251916175,0.8940767203482097,0.02389986553912846
6,0.0,-8.326083820213535,5.005706356103007,1.9695307519453427,110906.65372563346,-0.8884025667591187,-0.19572035287619946,0.09402955493934384
7,0.0,0.6803259516515331,6.9995227558196484,-1.662976251916175,-0.8884025667591187,17815.92782061213,0.08463732139425212,0.0027194861569375074
8,0.0,-0.4179926590013415,-1.2248042530026761,0.8940767203482097,-0.19572035287619946,0.08463732139425212,1525.2543181319431,-0.00012963737423038027
9,0.0,0.012826648650447657,-0.03530290100107598,0.02389986553912846,0.09402955493934384,0.0027194861569375074,-0.00012963737423038027,72.95908998706882
