,2,3,4,5,6,7,8,9
2,4959.094084599991,0.10717583344848262,0.03352542208244132,0.025750548469414665,0.0009757123335620267,0.00012409874460329512,-2.9926378670498984e-05,-0.000336700355271323
3,0.10717583344848262,1249.2467036620849,-0.014707126114224936,0.010294231849279035,-0.0006468429697200057,0.0010128862828723162,-0.0009446722529828244,0.0008223539833683137
4,0.03352542208244132,-0.014707126114224936,275.88567809609435,0.0023273591183862563,0.0006591310528328058,-0.0013872723160296093,0.0006423009021566759,-0.0002664974174605196
5,0.025750548469414665,0.010294231849279035,0.0023273591183862563,55.950170974340615,0.0004084746559903995,0.00021903590387666359,8.33056162836638e-05,-6.953017934905285e-05
6,0.0009757123335620267,-0.0006468429697200057,0.0006591310528328058,0.0004084746559903995,9.981502435850516,8.696260163610844e-05,5.076970424638755e-05,3.147191280143571e-05
7,0.00012409874460329512,0.0010128862828723162,-0.0013872723160296093,0.00021903590387666359,8.696260163610844e-05,1.7355676429507696,-3.1391387595046477e-05,3.938161149175952e-06
8,-2.9926378670498984e-05,-0.0009446722529828244,0.0006423009021566759,8.33056162836638e-05,5.076970424638755e-05,-3.1391387595046477e-05,0.3220987522222613,4.243101869900786e-06
9,-0.000336700355271323,0.0008223539833683137,-0.0002664974174605196,-6.953017934905285e-05,3.147191280143571e-05,3.938161149175952e-06,4.243101869900786e-06,0.07004159316568662
