,2,3,4,5,6,7,8,9
2,5961.142866335522,0.12377216070407711,0.037705551915051684,0.0298169351100188,0.0014239124186801952,0.0002652626217357908,-3.856498175098016e-05,-0.0003666936078683136
3,0.12377216070407711,1395.28939724527,-0.015152572786038154,0.011028703077224785,-0.0007053365921434822,0.0009749713071571486,-0.0010421936529182595,0.0009036172115376641
4,0.037705551915051684,-0.015152572786038154,303.51413093263045,0.0025237692084668587,0.0007012510966923851,-0.0014697382820326804,0.0007013390372060407,-0.00029075859585654164
5,0.0298169351100188,0.011028703077224785,0.0025237692084668587,56.9512566187426,0.0003907688168489662,0.00021354357096088066,7.293635815197029e-05,-7.326144988161416e-05
6,0.0014239124186801952,-0.0007053365921434822,0.0007012510966923851,0.0003907688168489662,10.205615834330949,9.487833517096528e-05,5.4581038211371206e-05,3.264236025041774e-05
7,0.0002652626217357908,0.0009749713071571486,-0.0014697382820326804,0.00021354357096088066,9.487833517096528e-05,1.8134427972869558,-3.269445038261351e-05,4.361949397176911e-06
8,-3.856498175098016e-05,-0.0010421936529182595,0.0007013390372060407,7.293635815197029e-05,5.4581038211371206e-05,-3.269445038261351e-05,0.34290104271240124,4.3541543858541495e-06
9,-0.0003666936078683136,0.0009036172115376641,-0.00029075859585654164,-7.326144988161416e-05,3.264236025041774e-05,4.361949397176911e-06,4.3541543858541495e-06,0.07481493419353046
