,2,3,4,5,6,7,8,9
2,47689.14293068561,0.8664051249285379,0.22623331149033585,0.14908467555010027,0.00569564967472128,0.0007957878652072666,-7.712996350195742e-05,-0.0003666936078683136
3,0.8664051249285379,9767.025780716493,-0.09091543671623754,0.05514351538612794,-0.002821346368574001,0.00292491392147131,-0.0020843873058364994,0.0009036172115376641
4,0.22623331149033585,-0.09091543671623754,1821.0847855958996,0.012618846042334278,0.0028050043867695836,-0.004409214846097948,0.0014026780744120675,-0.00029075859585654164
5,0.14908467555010027,0.05514351538612794,0.012618846042334278,284.7562830936916,0.0015630752673958977,0.0006406307128826158,0.0001458727163039419,-7.326144988161416e-05
6,0.00569564967472128,-0.002821346368574001,0.0028050043867695836,0.0015630752673958977,40.82246333732495,0.0002846350055128983,0.00010916207642273683,3.264236025041774e-05
7,0.0007957878652072666,0.00292491392147131,-0.004409214846097948,0.0006406307128826158,0.0002846350055128983,5.440328391860739,-6.538890076522852e-05,4.361949397176911e-06
8,-7.712996350195742e-05,-0.0020843873058364994,0.0014026780744120675,0.0001458727163039419,0.00010916207642273683,-6.538890076522852e-05,0.6858020854248178,4.3541543858541495e-06
9,-0.0003666936078683136,0.0009036172115376641,-0.00029075859585654164,-7.326144988161416e-05,3.264236025041774e-05,4.361949397176911e-06,4.3541543858541495e-06,0.07481493419353046
