,0,2,3,4,5,6,7,8,9,10,11,12,13,14,15,16,17,18,20,22,23,24,25,26,27,28,29,30,31,32,33,34,38,39,41,42,43,44,45,46,47,48,49,50,52,54,55,56,57,59,60,61,62,63
0,4.917618320788004,-0.00016328921891328933,-5.399820839012671e-07,0.00015936058687054168,-2.4738866037903042e-05,-6.373691797890147e-05,-5.488690930668513e-05,-3.295131531296383e-05,7.839283304776477e-05,9.731855091684116e-05,0.00023533765568744261,4.038553987257321e-05,3.8329169973736656e-05,-4.836461436708817e-05,-0.00014213224154331261,-7.96752986013812e-05,2.3444723533499984e-05,-2.595964512501227e-06,-8.860129557495693e-05,-1.5837295184125723e-05,-0.00013666296794256815,-1.3768107361423985e-05,-1.3243206471455868e-06,-3.352128347162917e-05,1.5389549290904023e-05,-0.00014142589415494576,-6.266874349491513e-05,1.942365707474768e-05,-7.358403960090989e-05,-0.00010953658217732595,-7.878359422465053e-05,6.049536566554855e-05,-0.00014254697677270708,-8.087707075182746e-05,8.54861802577132e-05,0.0003975396598980706,-2.4647939148710557e-05,0.00021811353270114963,0.00019344304001765535,1.654570444549876e-05,-5.1474519682379185e-06,-4.8696432065241416e-05,-4.122126109492278e-05,-2.033921103503245e-05,-5.282958953069405e-07,-5.654935772363264e-05,-5.722482543822862e-05,0.0001878434557652062,-0.00020776524427641453,-2.314118083201806e-05,-2.3386647562806213e-05,-5.93124949300185e-05,2.1992170025985437e-05,3.4580264320020106e-05
2,-0.00016328921891328933,5.83439563873318,-0.00010450037518174264,0.00014511130923920265,0.00023014089953698645,3.4132782205704435e-05,-6.801987192100904e-05,-8.400554166968832e-06,-1.749555313908379e-05,-0.00012812099000903605,5.322255208418276e-05,-5.9904150398034786e-05,0.00015582476695674566,-0.00015438609672777543,0.0001960405538735671,4.972391339897863e-05,-0.0001042325371916534,-9.923209306835721e-05,-9.382092552096508e-05,4.8503065678975e-05,2.975619608006001e-05,0.00019348319099187812,5.488149084899469e-05,-0.00034751193963713617,2.1786254539483086e-05,-0.0001543141133439829,3.154766027303726e-05,-0.00016767658225939406,0.0003482641155069044,-4.151046211929673e-05,-0.00014779364197805677,9.675237450612613e-06,5.05950541627731e-05,-0.00024919066240959077,-0.00020490497771472044,-0.00029809361887203856,2.454385423057508e-05,-0.00016552921945492145,-3.229776615115535e-05,-3.3338584231428915e-06,-0.0001276161090673833,1.6050036697546627e-05,-5.345094607472626e-05,-5.1841902511284436e-05,0.00024371147700655082,-0.00012063543625447399,5.170802851378841e-05,-3.089916297357854e-05,-3.155905417637392e-05,-3.628135434707638e-05,9.927218885552175e-06,-4.845510728240935e-05,-1.3193097018014423e-05,-2.4731311058096535e-05
3,-5.399820839012671e-07,-0.00010450037518174264,2.4011819500391205,7.459167259855567e-06,-4.258289453548877e-05,1.7657741747552815e-05,-7.451582790463207e-05,-6.991548402149801e-06,-1.363254165645894e-05,-9.789561020996762e-05,-2.1731864633484993e-05,-1.0293753478233336e-05,-0.00015166772367854596,-0.00010773779703492617,5.3855288560933786e-05,-1.2827728559070728e-05,1.0216555779799887e-05,-4.3591195983160585e-05,-7.31042880502461e-05,-3.12011406342852e-06,-9.263951350554163e-05,0.0001086962716968447,4.707319535753145e-05,-3.1599109680788364e-05,4.602165981735316e-05,8.533838788413124e-05,5.718549511182928e-06,6.527766156354695e-05,5.033274266634582e-05,3.728059100250564e-05,0.00015835088602166557,-7.024943887806316e-06,2.2256620217390912e-05,0.0001373532440230482,0.00013190318252790262,3.947161451816408e-05,-2.583039700820668e-05,-6.758881989312993e-06,-3.7974930726786195e-05,4.0536340383906885e-05,-1.873599295562068e-05,-2.656186147489922e-05,0.00012378252937835345,1.3417550106419229e-05,5.601330298055358e-05,3.174391028904899e-05,0.0001238730238737165,-3.508154670402919e-05,-5.870440705401098e-05,-6.222079901470414e-05,-1.8155257068721617e-05,-4.5751440792584016e-05,-0.00017028669673669814,4.194042330103692e-05
4,0.00015936058687054168,0.00014511130923920265,7.459167259855567e-06,8.374958370958096,-0.0005278497198948793,0.00015854594956152306,0.00038406396758043025,-2.2861768035080904e-05,0.00019669936647775946,-0.0001243898791215477,-0.00024379016817278993,0.0002287499023150875,-0.00020379749465174196,0.0003993808925878397,0.0003006783131300838,2.8425501527842124e-05,-0.00030956576233565953,-3.0233058317191947e-05,0.000281571614085883,7.830525489854071e-05,0.0003095470444452538,0.00010237916998045421,4.348511907176193e-05,0.00023448459158671988,7.061300466012778e-05,-6.301869842929277e-05,0.00016047169214004607,-0.00015248547056019153,0.00019310397034607793,-0.00020211385420945528,0.0003184859922931306,0.00013611433760853708,-0.00017850361014235143,-4.026091756061845e-05,5.883616892871939e-05,2.7668823684998887e-05,9.29893320802339e-05,7.404488989999649e-05,0.00015402165829809004,0.0001813519350973333,0.00024463353517110043,-0.0001702991899846146,-0.00024770030721441445,-8.88069844194141e-05,-0.00012798845630233033,0.00010707190578234737,2.0842326940176593e-05,0.00024400858771425477,-5.685120267712496e-05,0.0005196538742143668,3.552408901637062e-05,-3.369145100859702e-05,0.00046771640884883274,0.00014255254051528937
5,-2.4738866037903042e-05,0.00023014089953698645,-4.258289453548877e-05,-0.0005278497198948793,6.427842396415237,4.432194381581668e-05,-0.00019300758867175552,-1.375920486855142e-05,-4.123064187732165e-06,-0.0002070969519980693,-4.159545469435876e-05,-7.607004806220673e-05,-0.00022103653343814023,-3.806619470974801e-05,-0.0004778411852333322,0.00015496448674622582,7.060747785311523e-05,-0.0001410669026761167,-0.00017115435399890573,5.0683678542972545e-05,-0.0002190434765618019,7.775877445976057e-05,-6.678228797472458e-05,0.00016938338489253261,-7.56469010607942e-05,-0.00010318613770471666,0.000127157524453488,-7.910642839956114e-05,2.5151095079050583e-05,-4.632263130543856e-05,0.00011405583382026487,-0.00016635983441546206,-0.000185468091238215,-0.0002120629132098068,-3.893936629505651e-05,0.00018856320199691083,8.476993940500945e-06,-0.00023915196898964495,-8.836225198796154e-05,0.00012906945725255024,0.00020363430352282518,0.0001056165919815896,-0.00011132486549376404,4.72746786700314e-05,5.991640867920845e-06,-3.199507909512553e-05,0.00012673251890625507,0.00018675431949862826,-5.857021874262532e-05,0.00011961875966994604,4.5723004129516854e-05,-0.00011724788047472138,3.712725890499508e-05,9.380749597740046e-05
6,-6.373691797890147e-05,3.4132782205704435e-05,1.7657741747552815e-05,0.00015854594956152306,4.432194381581668e-05,2.9616567971323295,-3.376959160535886e-05,-2.054825196469482e-06,-7.634906127226117e-06,-4.6669805476487074e-05,6.810019576979542e-05,-0.00017432444265743694,2.3682765051460996e-05,-0.000141527576928946,-5.353452875489078e-05,4.4205624180915146e-05,3.6952580841096305e-05,-8.223076436006883e-05,-5.255727447612959e-06,-9.642850516798072e-05,-5.557002640279937e-05,6.876273263131721e-06,3.672013046254708e-05,-1.2569456332600128e-05,-2.634879758752856e-06,1.857359976425499e-05,-2.7924561760369354e-05,2.7902811308229957e-05,1.0940319957044302e-05,5.9088133074042075e-05,-4.926480669732226e-05,7.754989138814762e-05,1.1472623356239796e-05,3.1566788386193706e-05,4.064852269620392e-05,-6.156204287845662e-05,-0.00021500458304719283,-0.0001055980430823053,6.0652971593903315e-05,4.333698985686855e-06,-6.108762398158581e-05,-3.976737524428925e-05,0.00014121771968646067,-6.262408840636862e-07,0.00011202258094679819,-9.40161607380553e-06,-7.123354613775702e-05,6.565815580018458e-05,-4.061699507969636e-05,9.956818049303045e-05,2.322615016808388e-06,-6.028191560332464e-05,7.512898354285543e-05,-4.6350049505180115e-05
7,-5.488690930668513e-05,-6.801987192100904e-05,-7.451582790463207e-05,0.00038406396758043025,-0.00019300758867175552,-3.376959160535886e-05,2.4163887342371915,1.9935577308538393e-06,3.233841704058051e-05,-6.02234673485827e-05,-6.762720633983137e-05,-7.196446499720588e-05,-5.230095997369689e-05,5.838449750982003e-05,-0.000107500566839968,2.0995551515010888e-05,8.311802938932918e-06,-6.48969516267596e-05,-5.0944077873534294e-05,-1.045880850044175e-05,-9.003921552945557e-05,-5.241251262473236e-06,1.9864812808053266e-05,-9.246038398800275e-05,4.709409533582295e-05,-3.46048985713518e-05,4.7920136184517854e-05,6.195288137309338e-05,9.196252765865646e-05,-4.648074829498689e-05,-1.2415371761679865e-05,8.215427363158583e-05,0.00018410105201392219,-0.00012193288356774124,2.060474400341831e-05,-9.113111098750715e-05,-8.679295891139829e-05,-5.9358854618543525e-05,4.79632145493997e-05,5.3581249318764426e-05,-1.8599689210586174e-06,9.54898153512461e-05,-0.0002640407780606206,-0.00012404360167385568,5.9216553072875506e-05,-4.4953426237041134e-05,2.035118286980586e-05,-7.215643193624254e-05,-8.258656010110121e-05,-0.0001493807438686573,2.8049023337419517e-05,-5.3127617818214626e-05,0.00010597515968274153,-2.3057723764900053e-05
8,-3.295131531296383e-05,-8.400554166968832e-06,-6.991548402149801e-06,-2.2861768035080904e-05,-1.375920486855142e-05,-2.054825196469482e-06,1.9935577308538393e-06,0.11379650915430917,-6.490845511771577e-07,6.750628565769471e-09,-2.3182536182754232e-05,9.715051218983423e-06,-1.327252587569508e-05,8.81671125155704e-06,-9.969896353723505e-06,6.223476841197021e-06,4.493644815471148e-05,-6.5693320421127375e-06,1.1365587192853123e-05,2.1725034750543544e-05,-4.782251004309625e-06,-1.1376900236968661e-06,1.5360939555637558e-05,-2.1699544803509303e-05,3.0526619010198275e-06,-1.579558564957434e-05,1.091662705749478e-05,7.739817521380336e-06,6.254545518266738e-06,1.1444752041236162e-05,-1.1467045332878709e-05,-1.571813044471967e-05,-3.75400438055279e-05,3.963215538106234e-05,-1.445830115054016e-06,-1.8081650319585836e-05,-8.809040664374566e-06,-3.331846693934603e-05,-2.5395561670360612e-05,-8.573977170798466e-07,-2.7813150212020278e-05,-3.7736492402766393e-06,-2.958400594830322e-05,1.5953864088097523e-05,-2.389988425433961e-06,3.1017336047865114e-06,-1.365439075028255e-05,1.683664862175768e-05,-5.722624158507112e-06,9.389606387329734e-06,-4.471428352060913e-06,7.233940275612505e-06,1.9293124976767186e-05,-1.1476165058869387e-05
9,7.839283304776477e-05,-1.749555313908379e-05,-1.363254165645894e-05,0.00019669936647775946,-4.123064187732165e-06,-7.634906127226117e-06,3.233841704058051e-05,-6.490845511771577e-07,0.869495585783151,8.52618732514576e-06,4.955664863978313e-05,1.115169886946251e-05,-9.153728583244842e-05,-2.483007443850777e-05,-3.446300249952793e-05,1.8138252951518277e-05,2.3276742703395836e-05,1.3562512671302373e-05,7.403352206484704e-05,-3.926543773735689e-06,-3.9310887968931945e-06,-4.6366221601856334e-05,-1.6726427865554868e-05,0.00011555537366903145,-1.0429244942511518e-05,2.513830540031018e-05,1.0809269294044874e-05,5.207195835868432e-05,-5.750553815305488e-05,2.6428719525331354e-05,-1.6279148320033946e-05,-4.157222306175587e-05,4.492592401189377e-05,-6.800767595808793e-05,-4.499296753531188e-05,8.944216217814402e-05,-1.2885724175345939e-06,9.551105748305666e-05,9.041260189450103e-06,4.967999436939342e-05,4.6147034670109533e-05,-0.00011772394474896038,-1.442467885544495e-05,2.0625810937404697e-05,-8.818863221039748e-05,2.345957879808014e-05,-3.106090841066921e-05,5.2386642620852984e-05,-0.00010802093906877951,-2.42765476243407e-05,1.4904915454460188e-05,-2.364027037913733e-05,-8.039842491201199e-05,1.4631267373577454e-05
10,9.731855091684116e-05,-0.00012812099000903605,-9.789561020996762e-05,-0.0001243898791215477,-0.0002070969519980693,-4.6669805476487074e-05,-6.02234673485827e-05,6.750628565769471e-09,8.52618732514576e-06,2.6872870319053956,-0.00010154745280330583,-6.444474915560944e-05,0.00023657375283875728,-0.00020166714128595724,8.650494155151041e-05,3.6990568350925266e-05,9.673998351267655e-06,1.777691274040736e-05,9.551539616541682e-05,5.193188202785523e-05,-1.7400559415644128e-05,1.7798883443961888e-06,5.869192620984107e-05,-5.030721641832817e-05,-1.9126753933212894e-05,0.0001365484274465476,4.240499554004554e-05,4.209100220756651e-05,0.00011487193648638664,-0.00015561061554694556,3.541064035298259e-05,0.00015254605744739088,6.495596082687194e-05,0.00019076198106230037,-6.158450738010216e-05,0.00012337512120005775,4.325504700323444e-06,1.3713782959888998e-05,-6.972722788192549e-05,-2.923470950012257e-05,0.00011253241599137312,7.138727726422767e-06,-4.8235223343894263e-05,-7.27296315664266e-05,-3.812311815740884e-05,-8.198196465496426e-06,4.127303634111485e-05,-5.6183768308754936e-05,7.37359082254043e-05,-7.300729808132666e-05,-2.7147655921236677e-05,-4.614290874365586e-05,0.00015026565929925515,-1.0197226167768015e-05
11,0.00023533765568744261,5.322255208418276e-05,-2.1731864633484993e-05,-0.00024379016817278993,-4.159545469435876e-05,6.810019576979542e-05,-6.762720633983137e-05,-2.3182536182754232e-05,4.955664863978313e-05,-0.00010154745280330583,2.6592180887487302,-5.266892744434036e-05,2.560952925568482e-05,-1.9025086162442925e-05,-3.072411764446986e-05,0.00013107599274243833,6.4459200818777225e-06,7.760122230913354e-05,0.00010566785436260635,5.7598980206873656e-05,-9.053427355437716e-05,1.147573555820955e-06,-4.798470840066024e-06,-0.00013303067546260533,1.3394569152045879e-05,-0.00015286186732564093,-4.50602125967727e-05,5.407861816815487e-06,-4.6428871031110727e-05,6.753130388384023e-06,1.9226231039087657e-05,-8.388946782836109e-05,9.872938961057065e-05,1.0206897655624005e-05,-2.6788999603718987e-05,0.0001308262973207465,-0.00013319781450786552,2.6535376434980625e-05,-0.000134530015932583,2.8600800752645212e-05,-6.498319787876516e-06,-3.377035256916386e-05,0.00017420243465789714,8.911859339576145e-05,-7.101676411915735e-05,2.5200605165137355e-05,2.5716944966196444e-05,0.00017969155855523467,4.634747738957399e-05,-1.328065762652564e-05,5.8720110370312995e-06,-3.6039710465288134e-05,3.0369572830921987e-06,7.41403419310086e-07
12,4.038553987257321e-05,-5.9904150398034786e-05,-1.0293753478233336e-05,0.0002287499023150875,-7.607004806220673e-05,-0.00017432444265743694,-7.196446499720588e-05,9.715051218983423e-06,1.115169886946251e-05,-6.444474915560944e-05,-5.266892744434036e-05,2.1708131248815317,-1.6569006287168947e-06,-2.7150520807845857e-05,-4.4530839355653506e-05,-5.7389832284088986e-06,-5.043407399575695e-06,-8.971062418425711e-06,-0.00015211224079924297,3.0043038912351707e-06,0.00017482564501781437,-8.417956920980988e-05,-4.68086341110879e-05,-0.00018460886737610484,4.113447874589896e-06,-0.00014383105580253975,-0.0001076888664502137,-4.189983023081442e-05,-0.00013009635463574187,-9.474762680042976e-05,-3.597517726129522e-05,2.2691736683687448e-05,-0.00010309858608077702,0.00011764563926613867,-5.317535869773929e-05,0.00015733638742459252,0.00010740574976421032,5.7329399670414974e-05,1.2821991761801062e-05,2.573256143215358e-05,2.670374121009111e-05,1.9854652417086094e-05,-6.597707117115616e-05,-0.00015967974131933288,4.8877031688979206e-05,3.0185728505423164e-06,4.2571331238184935e-05,-2.3909615769669627e-05,-0.00013071359272544465,-2.5810682126051314e-05,-1.7813005940966327e-05,3.193042889854352e-05,3.3326320132811935e-05,8.097611027815249e-05
13,3.8329169973736656e-05,0.00015582476695674566,-0.00015166772367854596,-0.00020379749465174196,-0.00022103653343814023,2.3682765051460996e-05,-5.230095997369689e-05,-1.327252587569508e-05,-9.153728583244842e-05,0.00023657375283875728,2.560952925568482e-05,-1.6569006287168947e-06,2.581720105747795,-1.5000979933663423e-05,0.0001685506126411726,0.00010842295008888102,9.006267553824403e-05,-4.7860766651469094e-05,-2.7993891232050366e-05,-0.0001237821198028507,-2.5844723298719226e-05,-0.00012641831654890145,1.0277440787889253e-05,0.00020662591422172607,-3.964987833778966e-05,7.357701486073005e-05,-6.160764232523184e-05,5.459961348919328e-05,-5.7333400257950944e-05,0.00020252839390922297,-6.331307233218578e-05,5.744302099206991e-05,0.0001681986864478702,-5.81668657166594e-06,-8.322133938482051e-05,6.92619407534201e-05,-0.0001409312601642281,0.00024809919980096196,0.00012655273114928287,-4.278031722491291e-05,-0.00021839601518485927,1.6824063629575553e-05,-9.3657190837402e-06,-0.00015190897960544022,-7.402833174681787e-05,6.791577087968812e-05,-4.140833678174892e-05,3.808957426225262e-05,-6.573464557220354e-05,0.00015854873646996642,-4.019289676034515e-05,-9.332770886695936e-05,-0.00013256874575881392,6.010174324950812e-05
14,-4.836461436708817e-05,-0.00015438609672777543,-0.00010773779703492617,0.0003993808925878397,-3.806619470974801e-05,-0.000141527576928946,5.838449750982003e-05,8.81671125155704e-06,-2.483007443850777e-05,-0.00020166714128595724,-1.9025086162442925e-05,-2.7150520807845857e-05,-1.5000979933663423e-05,3.208032281506385,0.00018379609251945356,-1.8408046449993554e-05,6.804444503975604e-05,-9.76204392702559e-05,0.0002544826007002606,1.4793704708399772e-05,6.8386667193258836e-06,-0.00013188471663462369,-2.479150110503795e-05,0.00014649718951707333,1.1089213408871495e-06,9.916284549976094e-05,6.987214616697269e-05,0.00019365259268367663,0.00022803700243431878,-2.2726605414202222e-05,5.9204815934930444e-05,0.00010239941418134405,0.00020646480031149178,4.467023437492621e-05,-1.1914126041474732e-05,4.6950330721922324e-05,1.6107251535909923e-05,0.0001745285520267696,-5.9875416207728715e-05,2.5482106116165836e-05,-4.502806711997915e-05,-1.301741831166904e-05,4.1589999082430824e-05,-2.9427595123823974e-05,-7.836810438611028e-05,-1.963696139485516e-05,-6.935662450534165e-05,2.4031847824793373e-05,-3.5771479580176664e-05,-3.423445180489825e-05,-1.8760552067671013e-06,-2.8867165285448912e-05,-1.9610681140809778e-05,4.491743893756192e-05
15,-0.00014213224154331261,0.0001960405538735671,5.3855288560933786e-05,0.0003006783131300838,-0.0004778411852333322,-5.353452875489078e-05,-0.000107500566839968,-9.969896353723505e-06,-3.446300249952793e-05,8.650494155151041e-05,-3.072411764446986e-05,-4.4530839355653506e-05,0.0001685506126411726,0.00018379609251945356,4.689867914680893,0.0002115505925762889,-2.2937769233100127e-05,9.23523812465543e-05,4.314742088673293e-05,-6.607423356904447e-05,-5.407437472574334e-05,0.00022695396516221234,7.653388318592689e-05,-9.433206248946764e-06,5.187166638584062e-05,6.377602627997691e-05,0.00012104448635254102,5.842592261376486e-05,9.602366859248255e-05,0.0002209768347308135,-4.589404586775496e-05,6.648559004465764e-05,-9.033489497377329e-05,-6.513795525612353e-05,8.590893632767334e-06,-9.436201977728535e-05,-0.0001321962007739531,-0.0003233207328126278,-4.781943335339152e-05,-2.4982701254987383e-05,2.910606557890337e-05,0.00018501537580293856,1.065372105766675e-05,5.30416251013333e-05,-0.00020342012056830927,4.3884868138578625e-05,6.252275939674569e-05,0.00017810624983592558,0.000226778981502422,8.930015478276134e-05,-1.384401930751622e-05,0.0002086800774355287,4.988050274642058e-05,-0.00010021403803656553
16,-7.96752986013812e-05,4.972391339897863e-05,-1.2827728559070728e-05,2.8425501527842124e-05,0.00015496448674622582,4.4205624180915146e-05,2.0995551515010888e-05,6.223476841197021e-06,1.8138252951518277e-05,3.6990568350925266e-05,0.00013107599274243833,-5.7389832284088986e-06,0.00010842295008888102,-1.8408046449993554e-05,0.0002115505925762889,2.0026672408715824,-8.609792447610511e-05,2.999091612777962e-05,-1.4912704945934428e-05,-0.0001444146596694956,-5.5672433491851984e-05,1.9844601095785554e-05,-2.0952351468801988e-05,0.00011912924003178848,1.1885549954873473e-05,1.7894221037899628e-05,3.771394607697574e-06,7.200257527711398e-05,-4.335407016361069e-05,1.0337168124557905e-05,7.190100213829556e-05,-1.1319419673009356e-05,-2.5533046530594596e-06,7.216694971082439e-05,1.9071602988387108e-05,4.879958052056539e-05,-7.572749882553733e-05,2.083480629266337e-05,-5.349677043744834e-05,5.039868994645704e-05,-9.588566173046514e-06,-2.052519580799108e-07,5.196385061922621e-05,1.803465170119765e-05,-0.00015238777301905502,1.7163232348254418e-05,4.850821295033382e-05,-0.00011014852768780085,-3.746893791074055e-05,-7.706535665359856e-07,-2.3794374639078223e-05,2.936148289880158e-05,6.090704989771925e-05,-2.9557987263398795e-05
17,2.3444723533499984e-05,-0.0001042325371916534,1.0216555779799887e-05,-0.00030956576233565953,7.060747785311523e-05,3.6952580841096305e-05,8.311802938932918e-06,4.493644815471148e-05,2.3276742703395836e-05,9.673998351267655e-06,6.4459200818777225e-06,-5.043407399575695e-06,9.006267553824403e-05,6.804444503975604e-05,-2.2937769233100127e-05,-8.609792447610511e-05,4.690131055557559,-0.00019865706265487535,0.00011031385938768409,2.804887357442151e-05,-9.73579867956555e-05,0.00021761058264352837,-6.766438913109485e-05,2.0139584245074732e-05,-1.329328271457342e-05,-2.3605826841962277e-05,-6.381258081571016e-05,-9.432548486658937e-06,-0.00010114195382898087,0.0002834754362642282,9.074917608570758e-06,-6.050009772922366e-05,9.86926639986298e-05,0.00012815421264798161,-5.685793315052074e-05,4.739453969429853e-05,-1.0644284835550715e-05,-9.903898331437912e-05,-1.95315341263886e-05,-0.00010635275986440949,0.0001904003097665772,0.00010967095297318952,7.589266528136026e-05,0.00020868016195932016,7.968470899112508e-05,2.3811919904384484e-05,-4.613748763343591e-05,0.00014787503720110413,1.5116211617446774e-05,0.00011583575838538176,7.220375214942594e-06,-9.437164757858796e-05,0.0002460682189774352,3.292210081612799e-05
18,-2.595964512501227e-06,-9.923209306835721e-05,-4.3591195983160585e-05,-3.0233058317191947e-05,-0.0001410669026761167,-8.223076436006883e-05,-6.48969516267596e-05,-6.5693320421127375e-06,1.3562512671302373e-05,1.777691274040736e-05,7.760122230913354e-05,-8.971062418425711e-06,-4.7860766651469094e-05,-9.76204392702559e-05,9.23523812465543e-05,2.999091612777962e-05,-0.00019865706265487535,1.648803161750255,-5.039856994112408e-05,-7.290314787536819e-05,-6.0905840538754396e-05,0.00012475795524095656,5.182053536010391e-05,5.192372728386682e-05,-2.103582567804714e-05,-4.380818365257605e-05,0.00011739891897743091,-2.8783870143178243e-05,-1.362762875125033e-05,-5.554210453171971e-05,-5.8797399692601864e-05,-1.9322481119156046e-05,-0.00023168772601545346,0.00016134913159366357,4.0301817358231966e-05,0.00014709653816311142,-3.939453976657184e-05,0.00010774155877229492,5.667663494602954e-05,-4.44873053502558e-05,-3.2125111893456585e-05,-8.763851068957978e-05,3.743818077048872e-05,-2.206338924516365e-05,-1.661046153899147e-05,5.163188286257293e-05,1.0442620239878777e-05,-6.769826947102457e-05,-8.297329132551222e-05,-2.0442351943893023e-05,4.327124419632499e-06,2.2879507470043386e-05,-5.4180512139082044e-05,2.992153811495516e-06
20,-8.860129557495693e-05,-9.382092552096508e-05,-7.31042880502461e-05,0.000281571614085883,-0.00017115435399890573,-5.255727447612959e-06,-5.0944077873534294e-05,1.1365587192853123e-05,7.403352206484704e-05,9.551539616541682e-05,0.00010566785436260635,-0.00015211224079924297,-2.7993891232050366e-05,0.0002544826007002606,4.314742088673293e-05,-1.4912704945934428e-05,0.00011031385938768409,-5.039856994112408e-05,4.3831225088084995,0.00017544863819526487,-4.028396435418114e-05,-0.00010020198986194874,0.00010977900595560674,8.007743369014481e-06,-8.904934249301677e-05,-0.00027450749504900744,-8.430931240568479e-05,0.00015931086194245024,0.0002464092165414773,4.768152247284542e-05,6.008633370016002e-05,-1.806234723624909e-05,-0.00011538008436452497,3.969908146422582e-05,-0.00010334078116194625,0.0001525841563994029,-0.00012720766331395317,-6.0437288274065966e-05,-0.00024992467963029556,-0.00011074016201103629,-0.0001039911738480389,-3.921047457409729e-05,-0.0001680892193235953,-5.498770616652694e-05,0.00012704469289061084,-0.00011105629635976238,-5.642163081680001e-06,-0.0001818603799787473,-0.00022751741046612672,1.9098330587451974e-05,1.65314166823996e-05,6.757918010938875e-05,2.609164309730335e-06,-6.0315347119615056e-05
22,-1.5837295184125723e-05,4.8503065678975e-05,-3.12011406342852e-06,7.830525489854071e-05,5.0683678542972545e-05,-9.642850516798072e-05,-1.045880850044175e-05,2.1725034750543544e-05,-3.926543773735689e-06,5.193188202785523e-05,5.7598980206873656e-05,3.0043038912351707e-06,-0.0001237821198028507,1.4793704708399772e-05,-6.607423356904447e-05,-0.0001444146596694956,2.804887357442151e-05,-7.290314787536819e-05,0.00017544863819526487,2.1639363634677413,7.958073796996089e-05,4.244342832301789e-05,2.7339695582719502e-05,-0.0001251871789101159,6.648891227487312e-05,4.245653730714669e-05,-0.00013162627390386322,7.104872937088705e-05,5.6199293965187345e-05,8.634892898077354e-05,8.292168601215492e-05,-2.2003885879497423e-05,3.4605920915453526e-05,0.0001241155467429957,-6.985938927688468e-05,8.366197699945279e-05,1.2865462693108011e-05,-8.966844644863709e-05,-8.643726301624954e-05,1.676917941472751e-05,9.65815081292057e-05,-6.513525017036543e-05,-0.00012866419205770073,0.0001841307083291306,-1.5338601378078267e-05,4.203239900745456e-05,-5.641916376044948e-05,1.4591447639877094e-05,-9.612994107801226e-05,0.00013189856414583335,3.1900859731084355e-05,9.741022414690508e-06,5.246384649736306e-05,2.4258578023000444e-06
23,-0.00013666296794256815,2.975619608006001e-05,-9.263951350554163e-05,0.0003095470444452538,-0.0002190434765618019,-5.557002640279937e-05,-9.003921552945557e-05,-4.782251004309625e-06,-3.9310887968931945e-06,-1.7400559415644128e-05,-9.053427355437716e-05,0.00017482564501781437,-2.5844723298719226e-05,6.8386667193258836e-06,-5.407437472574334e-05,-5.5672433491851984e-05,-9.73579867956555e-05,-6.0905840538754396e-05,-4.028396435418114e-05,7.958073796996089e-05,2.920586961225675,3.825828468730838e-05,-1.4804632510618614e-05,1.3622911336688e-05,1.5031874764581486e-05,2.5788569972166925e-05,4.190023267187027e-05,1.454986227092817e-05,2.1597647506531943e-05,-0.00019136819858323403,7.910779016229644e-06,0.00010797162454783906,-7.28866745580038e-05,0.0002181324184686936,3.8543627833406554e-05,0.0001770743121121054,6.339746726027324e-05,-5.6939211048794236e-05,2.6234159036576168e-05,-5.7618708022377357e-05,2.7191545920650605e-05,2.6648246259750855e-05,-5.4816791136332415e-05,-2.0120102668758434e-05,7.527284428550966e-05,-7.827070168358596e-05,-3.8891964745488396e-05,0.00016045334425527301,0.00019921549785523624,-1.9958578999240657e-05,6.72496019343392e-06,-1.498260201478643e-05,2.434682585087472e-05,-1.9892670058700757e-05
24,-1.3768107361423985e-05,0.00019348319099187812,0.0001086962716968447,0.00010237916998045421,7.775877445976057e-05,6.876273263131721e-06,-5.241251262473236e-06,-1.1376900236968661e-06,-4.6366221601856334e-05,1.7798883443961888e-06,1.147573555820955e-06,-8.417956920980988e-05,-0.00012641831654890145,-0.00013188471663462369,0.00022695396516221234,1.9844601095785554e-05,0.00021761058264352837,0.00012475795524095656,-0.00010020198986194874,4.244342832301789e-05,3.825828468730838e-05,2.193787941448441,-2.202071311755748e-05,8.01610981342133e-05,2.027158192532098e-05,4.596975033822359e-05,3.859567264366103e-07,3.0131189249880253e-05,-8.039741241235508e-06,1.4078612362603592e-05,3.927881305358673e-05,1.4614037849535983e-05,-8.660912854579743e-05,2.513138270788685e-05,-1.174692668582487e-05,-0.00011890120713876792,-4.034191472949934e-05,6.312267707031745e-05,5.267545867997545e-05,-5.941054521550018e-05,-3.4305614579650976e-05,2.3101159812206063e-07,1.1141446484790965e-05,-5.527237895339797e-05,4.030344687973165e-05,-2.147226748488023e-05,1.586300220135542e-05,0.00012126027925915045,7.637832034180965e-06,-9.233601554590008e-05,-2.705756811145335e-05,-1.5751428918454225e-06,0.00011627269025991223,1.857036787975153e-05
25,-1.3243206471455868e-06,5.488149084899469e-05,4.707319535753145e-05,4.348511907176193e-05,-6.678228797472458e-05,3.672013046254708e-05,1.9864812808053266e-05,1.5360939555637558e-05,-1.6726427865554868e-05,5.869192620984107e-05,-4.798470840066024e-06,-4.68086341110879e-05,1.0277440787889253e-05,-2.479150110503795e-05,7.653388318592689e-05,-2.0952351468801988e-05,-6.766438913109485e-05,5.182053536010391e-05,0.00010977900595560674,2.7339695582719502e-05,-1.4804632510618614e-05,-2.202071311755748e-05,1.0235492392374421,8.038155269228268e-05,3.1435722368050745e-05,2.5386526034366034e-05,-3.976327253931274e-05,-9.118113409568276e-06,4.1561826248467584e-05,-4.405907988497454e-05,-5.6891167012529696e-05,-1.0770117312353396e-05,-6.008723662693639e-05,-2.5468705101980117e-05,-1.0200766755225219e-05,3.692013057775125e-05,-1.7927876519031066e-05,9.910513833281262e-06,0.00011409293406101803,-2.6019308849856205e-05,5.312307268812167e-05,-4.7806993264801126e-05,3.62624781860532e-05,-3.0471017374310165e-05,5.382083355009829e-05,1.812742512987042e-05,-7.403008893903837e-05,7.288770560624864e-05,-6.201670160138918e-06,-0.00012564863675161795,-3.189334175547618e-06,2.6789769659237077e-05,-7.199991535713327e-05,2.72375119985947e-05
26,-3.352128347162917e-05,-0.00034751193963713617,-3.1599109680788364e-05,0.00023448459158671988,0.00016938338489253261,-1.2569456332600128e-05,-9.246038398800275e-05,-2.1699544803509303e-05,0.00011555537366903145,-5.030721641832817e-05,-0.00013303067546260533,-0.00018460886737610484,0.00020662591422172607,0.00014649718951707333,-9.433206248946764e-06,0.00011912924003178848,2.0139584245074732e-05,5.192372728386682e-05,8.007743369014481e-06,-0.0001251871789101159,1.3622911336688e-05,8.01610981342133e-05,8.038155269228268e-05,3.439262196175149,0.0001330150200970137,0.00010317643792484744,8.808305947726378e-05,-5.7394588460810746e-05,0.00010432538068493047,6.371560397100634e-05,6.155641435223859e-05,-1.1818599063397266e-05,3.1821217139158458e-06,2.8784806381414527e-05,-7.858656454471524e-05,0.0002458639262978067,6.903207901625238e-05,-1.0463655957677327e-05,0.00012997980117979802,-0.0001444501256085007,-8.838042598980866e-05,9.628496901910006e-06,-5.0865881341612506e-05,-5.257911562883148e-05,-0.00025419881925182,2.4270173983541173e-05,8.866606586511387e-05,-9.656429247501886e-06,1.844381326470782e-05,0.000131563440588432,6.152103281710421e-06,5.3586023298918565e-05,-3.3378523898555565e-05,1.0826997017943619e-05
27,1.5389549290904023e-05,2.1786254539483086e-05,4.602165981735316e-05,7.061300466012778e-05,-7.56469010607942e-05,-2.634879758752856e-06,4.709409533582295e-05,3.0526619010198275e-06,-1.0429244942511518e-05,-1.9126753933212894e-05,1.3394569152045879e-05,4.113447874589896e-06,-3.964987833778966e-05,1.1089213408871495e-06,5.187166638584062e-05,1.1885549954873473e-05,-1.329328271457342e-05,-2.103582567804714e-05,-8.904934249301677e-05,6.648891227487312e-05,1.5031874764581486e-05,2.027158192532098e-05,3.1435722368050745e-05,0.0001330150200970137,1.0268987829603837,6.574594664690198e-05,-2.1093130921811278e-05,2.9833956266193225e-05,0.0001369463089309354,-2.5141729922166358e-05,5.278902363433632e-05,7.773929635602344e-05,3.555751425470235e-05,-5.9871050717503964e-05,-5.962450586745196e-05,5.399463400390555e-06,-9.015090106924143e-05,-3.2781458006750856e-05,0.00010004586067994137,8.544736620357897e-05,-6.921631577311058e-05,2.0020542669843363e-06,2.0499503245306184e-05,1.0593902732978429e-05,-0.00010810771660737282,-2.6809422887309e-06,4.5411346823921697e-05,0.00014050047968907034,-6.462138358127265e-05,4.432122728548335e-05,1.6613266729191016e-05,-6.118103592453766e-05,-0.00016744124846791326,-7.459712171841867e-05
28,-0.00014142589415494576,-0.0001543141133439829,8.533838788413124e-05,-6.301869842929277e-05,-0.00010318613770471666,1.857359976425499e-05,-3.46048985713518e-05,-1.579558564957434e-05,2.513830540031018e-05,0.0001365484274465476,-0.00015286186732564093,-0.00014383105580253975,7.357701486073005e-05,9.916284549976094e-05,6.377602627997691e-05,1.7894221037899628e-05,-2.3605826841962277e-05,-4.380818365257605e-05,-0.00027450749504900744,4.245653730714669e-05,2.5788569972166925e-05,4.596975033822359e-05,2.5386526034366034e-05,0.00010317643792484744,6.574594664690198e-05,2.5252075994038514,4.2356525744490395e-05,2.8497888223779248e-05,0.00010689886091934477,0.00012679195310035752,7.558162268811162e-05,9.406702829742647e-05,-3.3559326080750103e-06,2.2374103358982925e-05,4.458283591389145e-06,-0.00012699755533955204,-7.673793896047546e-05,-0.00025845777787848956,-2.4540275169295863e-05,-5.107776616564963e-05,-4.282073604705114e-05,9.106157452868549e-06,-4.492293700585568e-06,-2.047438402035488e-05,-2.7538490903965477e-05,-2.2986235500038815e-05,-2.048779711169622e-05,-0.0001671278622263285,-2.2014424224951964e-05,-0.00012612977392551016,-1.616690891692192e-05,3.541174162268389e-05,3.465233230389968e-06,2.2536221283431444e-05
29,-6.266874349491513e-05,3.154766027303726e-05,5.718549511182928e-06,0.00016047169214004607,0.000127157524453488,-2.7924561760369354e-05,4.7920136184517854e-05,1.091662705749478e-05,1.0809269294044874e-05,4.240499554004554e-05,-4.50602125967727e-05,-0.0001076888664502137,-6.160764232523184e-05,6.987214616697269e-05,0.00012104448635254102,3.771394607697574e-06,-6.381258081571016e-05,0.00011739891897743091,-8.430931240568479e-05,-0.00013162627390386322,4.190023267187027e-05,3.859567264366103e-07,-3.976327253931274e-05,8.808305947726378e-05,-2.1093130921811278e-05,4.2356525744490395e-05,1.9982957437582352,6.774469060023236e-05,0.00012793676273278716,1.365018366327557e-05,1.182078059656968e-05,-3.721876022989223e-05,-8.56150698336074e-05,8.599727693312229e-05,3.898214179971858e-05,9.678386832105602e-05,1.8388969245442164e-05,-0.00018608911876431486,-6.279283191633414e-05,-2.891246058223391e-05,8.895267852486876e-05,-9.187495146393545e-05,8.375462311577268e-05,-0.00010735306018930534,3.245966530091988e-05,-2.6124838808043897e-05,3.744763500650326e-05,-0.00013127058275591816,-9.476898154214009e-05,6.974199649429714e-05,-1.6619214367831826e-05,-0.00010725646154928953,-0.00016431074061399638,-2.213451252810172e-05
30,1.942365707474768e-05,-0.00016767658225939406,6.527766156354695e-05,-0.00015248547056019153,-7.910642839956114e-05,2.7902811308229957e-05,6.195288137309338e-05,7.739817521380336e-06,5.207195835868432e-05,4.209100220756651e-05,5.407861816815487e-06,-4.189983023081442e-05,5.459961348919328e-05,0.00019365259268367663,5.842592261376486e-05,7.200257527711398e-05,-9.432548486658937e-06,-2.8783870143178243e-05,0.00015931086194245024,7.104872937088705e-05,1.454986227092817e-05,3.0131189249880253e-05,-9.118113409568276e-06,-5.7394588460810746e-05,2.9833956266193225e-05,2.8497888223779248e-05,6.774469060023236e-05,1.9235175082747789,-2.939363549706175e-05,-4.076094379182969e-05,8.809017809140326e-05,-1.3254440890669343e-05,0.00017262655008595205,6.392160783616579e-05,6.989215249987647e-05,4.6713299703378636e-05,7.291180879798412e-05,-0.00015312563093663767,-1.673286019921293e-05,-2.1689552357796605e-05,-8.658666995262971e-05,-1.0555586002252246e-05,-6.236879411713156e-05,9.030782849900994e-05,1.4484094713813687e-05,-2.2078321797743377e-05,-4.202584576007633e-07,9.451975900637198e-05,4.339174601892963e-05,0.0002159656958688327,7.197582276196469e-06,-3.2600652504527785e-05,-0.00013513242831926392,-2.310342009407807e-05
31,-7.358403960090989e-05,0.0003482641155069044,5.033274266634582e-05,0.00019310397034607793,2.5151095079050583e-05,1.0940319957044302e-05,9.196252765865646e-05,6.254545518266738e-06,-5.750553815305488e-05,0.00011487193648638664,-4.6428871031110727e-05,-0.00013009635463574187,-5.7333400257950944e-05,0.00022803700243431878,9.602366859248255e-05,-4.335407016361069e-05,-0.00010114195382898087,-1.362762875125033e-05,0.0002464092165414773,5.6199293965187345e-05,2.1597647506531943e-05,-8.039741241235508e-06,4.1561826248467584e-05,0.00010432538068493047,0.0001369463089309354,0.00010689886091934477,0.00012793676273278716,-2.939363549706175e-05,3.5192992458104393,-1.78562372312598e-06,6.830226035388754e-05,4.153223255560721e-06,-6.914261421451459e-05,-6.330087565488283e-06,0.0001836600417534044,0.00010804493241599051,-8.492813266128265e-06,-2.3108570525037576e-05,-6.253867892347978e-05,-5.917967306419765e-05,-8.373125742971074e-05,3.1809355370977335e-05,0.0001940433753829785,4.009271810977136e-05,-9.738122503241097e-05,-2.2836745258696985e-05,4.3943994390663205e-05,-5.838415810076924e-05,-9.02833643323777e-05,-0.0002281821573354391,4.57565461923198e-06,-1.7983057896091533e-05,-6.858985853400074e-05,-5.3901451907935577e-05
32,-0.00010953658217732595,-4.151046211929673e-05,3.728059100250564e-05,-0.00020211385420945528,-4.632263130543856e-05,5.9088133074042075e-05,-4.648074829498689e-05,1.1444752041236162e-05,2.6428719525331354e-05,-0.00015561061554694556,6.753130388384023e-06,-9.474762680042976e-05,0.00020252839390922297,-2.2726605414202222e-05,0.0002209768347308135,1.0337168124557905e-05,0.0002834754362642282,-5.554210453171971e-05,4.768152247284542e-05,8.634892898077354e-05,-0.00019136819858323403,1.4078612362603592e-05,-4.405907988497454e-05,6.371560397100634e-05,-2.5141729922166358e-05,0.00012679195310035752,1.365018366327557e-05,-4.076094379182969e-05,-1.78562372312598e-06,2.9682588239803462,8.481253284077919e-05,-2.4523204615497755e-05,-2.0756209036145004e-05,-0.00020542230944714437,5.4894833657891864e-05,-0.00022979157951093633,1.2325371481266936e-05,3.991332541938403e-05,0.0001308197629931057,0.00015800676840703655,8.312653249211066e-05,-0.0001517775021611746,-2.17622439689614e-05,4.505352803081039e-05,0.000176463698690748,8.098687629314188e-05,0.00012676289315334657,-1.7006869625475634e-05,0.00024422626164151174,-7.181828129761543e-05,-2.3819963272521193e-05,-5.865346859542351e-05,-0.00012705032964302308,-4.783216208513088e-05
33,-7.878359422465053e-05,-0.00014779364197805677,0.00015835088602166557,0.0003184859922931306,0.00011405583382026487,-4.926480669732226e-05,-1.2415371761679865e-05,-1.1467045332878709e-05,-1.6279148320033946e-05,3.541064035298259e-05,1.9226231039087657e-05,-3.597517726129522e-05,-6.331307233218578e-05,5.9204815934930444e-05,-4.589404586775496e-05,7.190100213829556e-05,9.074917608570758e-06,-5.8797399692601864e-05,6.008633370016002e-05,8.292168601215492e-05,7.910779016229644e-06,3.927881305358673e-05,-5.6891167012529696e-05,6.155641435223859e-05,5.278902363433632e-05,7.558162268811162e-05,1.182078059656968e-05,8.809017809140326e-05,6.830226035388754e-05,8.481253284077919e-05,1.1126358360842434,2.455561847141897e-05,5.385292144320645e-07,9.224987923775953e-05,-9.130405328885586e-05,-6.6237193595477095e-06,2.4062311143137213e-05,3.130951154353377e-05,-4.232241854821105e-05,-2.397141040985151e-05,-0.00014604528774621038,-4.255097611121994e-05,0.00012768937792208797,5.4509323259261e-06,-2.7265302531630976e-05,-1.4374848029910634e-05,-6.450118784878823e-05,3.983102839887883e-05,-2.8972200324835855e-05,9.759611896550794e-05,3.0377710429414804e-05,-5.3986651574290034e-05,-6.76025332848013e-05,-3.145221329370648e-05
34,6.049536566554855e-05,9.675237450612613e-06,-7.024943887806316e-06,0.00013611433760853708,-0.00016635983441546206,7.754989138814762e-05,8.215427363158583e-05,-1.571813044471967e-05,-4.157222306175587e-05,0.00015254605744739088,-8.388946782836109e-05,2.2691736683687448e-05,5.744302099206991e-05,0.00010239941418134405,6.648559004465764e-05,-1.1319419673009356e-05,-6.050009772922366e-05,-1.9322481119156046e-05,-1.806234723624909e-05,-2.2003885879497423e-05,0.00010797162454783906,1.4614037849535983e-05,-1.0770117312353396e-05,-1.1818599063397266e-05,7.773929635602344e-05,9.406702829742647e-05,-3.721876022989223e-05,-1.3254440890669343e-05,4.153223255560721e-06,-2.4523204615497755e-05,2.455561847141897e-05,1.9995581900059105,7.147507912001494e-05,-2.8988240801633612e-05,-4.34821622616982e-05,-0.0001145574983040566,-0.00010987961708269252,1.3781736721958962e-05,5.371494157818042e-05,-1.8409939843552226e-06,-0.0001801213462919268,-2.8728103733984126e-06,-8.980090357657968e-05,2.676686320506753e-05,5.6992688396877885e-05,6.343115930895859e-05,-2.4233297704133694e-05,0.00018665992867977483,7.003669565915219e-06,-9.785591184517225e-05,-2.9172872464152967e-05,-3.966195352261376e-05,-5.2674368549748626e-05,-2.358311893134398e-05
