,2,3,4,5,6,7,8,9
2,25691.090540125588,-0.08809552676152965,0.027660734193125317,-0.04623588092131751,-0.02842744043894054,-0.0034562729139504442,-0.003326554256924886,0.00020201303416150982
3,-0.08809552676152965,5998.589034509359,-0.006355503116297933,0.027830261008724475,0.0041806957827340155,0.0035524601835272055,0.00011934700597596173,-0.00027890879586098515
4,0.027660734193125317,-0.006355503116297933,1183.236998142999,-0.018532017950050817,-0.0041991240098384255,0.0035859663532471107,-0.0004406045774329556,0.00011930807206233046
5,-0.04623588092131751,0.027830261008724475,-0.018532017950050817,219.39167437450504,0.0015173750592083672,6.806256170960607e-05,0.00015609842969750403,-8.51260739273295e-05
6,-0.02842744043894054,0.0041806957827340155,-0.0041991240098384255,0.0015173750592083672,36.368374828264656,-9.551358620432555e-05,0.00011636449163164407,6.329018078547868e-05
7,-0.0034562729139504442,0.0035524601835272055,0.0035859663532471107,6.806256170960607e-05,-9.551358620432555e-05,5.602964384292405,-3.231095183943632e-05,-9.34135935032529e-06
8,-0.003326554256924886,0.00011934700597596173,-0.0004406045774329556,0.00015609842969750403,0.00011636449163164407,-3.231095183943632e-05,0.8651644434150045,3.946050368104922e-06
9,0.00020201303416150982,-0.00027890879586098515,0.00011930807206233046,-8.51260739273295e-05,6.329018078547868e-05,-9.34135935032529e-06,3.946050368104922e-06,0.11997803255025237
