index,0,1,2,3,4,5,6,7,8,9,10,11,12,13,14,15,16,17,18,19,20,21,22,23,24,25,26,27,28,29,30,31,32,33,34,35,36,37,38,39,40,41
0,53291.672974487745,1.5260224399769615,-0.24401087576851194,0.5332620713982246,0.1484497501096415,-0.20469573146139097,-0.14056227206093944,-2.8053464999847124,0.9279141111690126,-0.5294984770976477,-0.8686532116516397,-0.3596699336077098,0.14378991761050097,0.028392521150283002,-0.44806199895263393,0.552130393755208,0.2516978188875548,0.4375339281834451,-0.22461137678880405,0.02318697316654562,-0.0943567341434837,-1.9537681902858557,0.9060019377930103,0.1520756536058393,0.36024407249342033,0.11485811584718789,0.48518775702922007,-0.10620252461213893,-0.6865880869204538,-2.5488195323787,0.2809697049155442,-0.44585195950557044,-0.2382023876183136,0.4561532976214938,-0.03660480696711417,0.8363949829050045,-0.1416598276608113,-0.4750990403806522,0.20873118852368275,0.07566727473592204,0.0538293180994849,0.04723137378858354
1,1.5260224399769615,19038.548351539277,0.7599723397480784,-0.47078057794387207,-0.10837719789570836,-0.12661581264334637,-0.007924020322064572,1.639004734247343,-0.24371272157639964,-0.4353427676463424,0.087649698201235,-0.10747909579568984,0.030000275315913778,-0.09517336017528921,-0.6714112420334601,0.2448452090971272,0.13461676196709346,0.25468697414058633,-0.016702589110285566,0.1754152973697268,0.122375393696536,0.3837872007170527,-1.0628765517700114,-0.6780405947949859,0.19947731945771208,0.3722908260183938,-0.04764971548158415,0.16408151574004798,0.3448460871635635,-0.2292720924854323,-0.15297753907607697,0.07939849296599814,0.007401062497456799,-0.008274795593953633,0.021921743262455412,1.0642708230180935,-0.3364573246093053,-0.16999164021230742,-0.3282331501161761,0.061627215497186236,0.05377947315844357,0.082788539758477
2,-0.24401087576851194,0.7599723397480784,7753.386689243281,-0.10747079158335793,-0.0011998023224184824,0.09733872513185227,0.04806944314584933,0.15603553830140643,0.5556999852897941,-0.22903718591806263,0.08320494131916603,-0.13672864840044202,0.10228995056743774,0.0595972242219955,-0.4743691858339982,-0.61204968194568,0.4692426020795521,-0.15185698981428894,-0.13602094504059137,0.07916923727392211,0.025887500841775553,-0.5064343568690538,0.1254753013742976,0.2527626005122514,-0.3147482606711855,0.06826312061708874,-0.03396783115333961,0.05119629853790724,0.5643315387045748,0.14636858810009948,0.13715143579515857,-0.030832475652262627,0.05707479625230919,-0.046682234200765726,0.03980289452881949,-0.7411810518239192,0.6388067269219456,0.004645287774348432,-0.3288870491203784,-0.0023978291517660344,0.11019723789979173,-0.01732980032304298
3,0.5332620713982246,-0.47078057794387207,-0.10747079158335793,3045.2508684678755,-0.06280894921452604,0.02781874215090979,-0.02036787328042144,-0.7212767225732587,-0.2518511609657775,0.013662302388180244,-0.1455024123512949,0.15571167456138651,0.00045762692897722803,-0.022319278637930734,0.3694510475957985,0.023270877800119757,0.07381121950926765,0.045081528653931266,-0.008374036532895235,0.024957371247445667,0.022594351726101917,-0.6971738290198395,0.17336542107806688,-0.0810328004457411,0.009210715377179669,0.048008440284781725,-0.04657614739157809,-0.0867842111352736,0.39056635902862474,0.037408691547946335,-0.19697742745440727,-0.06385407964657276,-0.045250070147103194,-0.060491792671010056,0.02294809300697612,0.4089505545642414,0.050062049446593586,0.1318318620729228,0.06881804730696063,0.02971414365392795,-0.04112891522094547,-0.007620832386744319
4,0.1484497501096415,-0.10837719789570836,-0.0011998023224184824,-0.06280894921452604,1302.1332717059336,-0.013894740558933975,0.005169221149552042,-0.0027407938251565087,0.012624270850254493,0.25860662703200893,-0.026755663621275922,0.0169437660199797,-0.011503157470993989,-0.028668699086375347,0.14039566099532594,-0.17185987075747497,0.00818288547043875,0.15894161848934754,0.024244534106724263,-0.039082800093333446,-0.005932685113301951,-0.1932526817187924,-0.4335462217187119,0.02213765003300242,-0.03317898423791857,-0.005332307786140403,-0.01238916325673782,-0.01861598396968334,-0.050050835192296306,0.16335709205234977,0.008790585271349816,0.07592485810880426,-0.001253832185648541,0.010250254133127796,0.006986217444023012,-0.009191241780153304,0.14087818412149006,-0.08119792592583427,0.08530608169920777,0.013454955835680476,0.0388200679721758,-0.025290654222540315
5,-0.20469573146139097,-0.12661581264334637,0.09733872513185227,0.02781874215090979,-0.013894740558933975,512.7851440466995,0.00026462985211992497,-0.3225486826851283,0.09500746473418716,-0.03560088472013658,0.021817119620003232,0.026759781947979868,-0.0010585219010771504,0.002525307083738321,0.19968181000984592,0.2159228848939303,-0.05504930876502134,-0.05602113838406736,0.016996344918997874,-0.018814113363134762,-0.011690828867621237,0.1583853817648591,0.01565399158230663,0.05724658227721551,-0.01134442110770881,-0.004263277883380636,-0.0031203968380546843,0.00790271469838387,-0.02454874293988351,0.03761245411651254,0.029025036824099574,0.0367240497675002,-0.022056119083790272,-0.014937677553923718,0.010398826961852762,-0.15925791721179644,0.023791443234323247,0.0014101052436313267,0.053466251668918566,-0.003979337145319018,0.0009320521391737053,-0.0020300511120628813
6,-0.14056227206093944,-0.007924020322064572,0.04806944314584933,-0.02036787328042144,0.005169221149552042,0.00026462985211992497,354.3878813896627,0.08588909139552066,-0.0027623692517386575,0.10847709313532766,0.01911469520299388,-0.02424888699878161,-0.0042771012577113455,-0.013677672270451798,-0.08063185409662947,0.022003315975391503,0.021976458034777675,0.031102430722278432,0.008932894422228905,0.0134357652174967,0.0070530974637839985,-0.1999983145319533,0.005010219643436452,0.06363049839344868,0.04074580591317075,-0.008640764625704133,-0.0030220259552923346,0.0037423798750411317,0.2553201837857109,-0.04243377329646396,-0.0033066591004509045,0.03845602584695719,0.02585644764548673,-0.005040403543108423,-0.008326310978406415,-0.06420330236210217,-0.009862897941730425,0.02644678188675442,-0.031943597522093276,0.034069003549036365,-0.015419178739351223,0.002764315276558999
7,-2.8053464999847124,1.639004734247343,0.15603553830140643,-0.7212767225732587,-0.0027407938251565087,-0.3225486826851283,0.08588909139552066,72789.11434031914,-0.1829721513654465,0.5865810114408944,0.038683505649391874,-0.08478050824005122,0.42165605249034743,-0.19266837018495986,-1.2029551205263609,0.3593995196386917,-0.47909135875936887,-0.7197671776564082,-0.21264745251450917,-0.1720029826105329,-0.07710563049212903,4.193855198268161,1.4196281770002845,-0.01023991430178862,-0.26190146836996886,0.05890790808967189,-0.16798473815169357,0.4008216903085377,2.040579497057111,0.20648777878689964,-0.9649333992144576,-0.06481071566837339,-0.015141005436889917,0.18135720767878102,-0.1726524498024581,0.5895869628820276,-1.801034066696246,-0.5474037669304417,-0.6219004821788375,0.35521156823844785,0.24114344192967582,-0.19424532513581086
8,0.9279141111690126,-0.24371272157639964,0.5556999852897941,-0.2518511609657775,0.012624270850254493,0.09500746473418716,-0.0027623692517386575,-0.1829721513654465,27265.871235271672,0.3514851678312652,0.16788027413970782,-0.0011252556794283607,0.22200493432854776,-0.23866127871735357,-1.5283966785989445,-0.07448173932282763,0.6228139448375546,-0.29255678437485744,-0.198149472229432,-0.0578568842731227,0.08776326806211134,-0.3967083021820707,-0.5943946253936921,0.11814814886692912,0.08556406039541213,-0.05219279444310164,-0.11147959904465135,-0.09058750699816262,-0.08573241837788739,0.17385743497495387,0.4701055069766716,-0.4384433725455195,-0.13565599472980983,0.04920421427742314,0.009502945478489863,0.6187457931155599,1.0559737932189077,-0.7683939762775732,0.22978770610352117,0.15902666115613148,-0.03325119096717813,-0.047985785234759354
9,-0.5294984770976477,-0.4353427676463424,-0.22903718591806263,0.013662302388180244,0.25860662703200893,-0.03560088472013658,0.10847709313532766,0.5865810114408944,0.3514851678312652,10545.938435297054,-0.40656280980822135,0.05168050775243288,0.09851376493161665,0.09239114404642594,0.2398906407371273,0.019611658332602543,-0.35722268259707535,-0.08483648281650703,-0.04910601830131794,0.049677211855567054,0.030527215437036112,0.06577388432015054,-0.03632551933143671,0.5150664192655757,0.0019347162853560424,-0.10093375395572725,0.007118659030771683,-0.014759470310263754,0.4319930826418633,0.16236994492625156,0.5256378606161848,0.1048490791558527,0.05751369832146473,0.03476968305095132,-0.05902439118094516,0.2664707139981238,-0.3607548668010257,0.2519848642943251,0.01177925432464771,0.01004580213931476,-0.11976137525273418,0.0178762692363306
10,-0.8686532116516397,0.087649698201235,0.08320494131916603,-0.1455024123512949,-0.026755663621275922,0.021817119620003232,0.01911469520299388,0.038683505649391874,0.16788027413970782,-0.40656280980822135,4142.18762346056,-0.0504442513983228,0.03114229017793707,-0.021572998050720858,0.5371950277858651,-0.037823097181371265,0.04536814992531491,0.026789370849439092,-0.1461576538042526,-0.01997945668923275,-0.009526074614692015,-0.26672742677961625,0.3811224639756004,0.03685695076267015,0.06802539227356456,-0.05154474376735015,-0.014623251969628914,-0.012834904209848974,-0.013950220445134987,0.07134101753581296,-0.10538840483362143,-0.01128845392285528,-0.05928162698065026,0.02232409174130868,0.055388982338813085,-0.7188312976970829,-0.9336709228710521,-0.00429910204033876,-0.07873545291366024,-0.039720026504672386,-0.04748080226656605,0.028688259732386513
11,-0.3596699336077098,-0.10747909579568984,-0.13672864840044202,0.15571167456138651,0.0169437660199797,0.026759781947979868,-0.02424888699878161,-0.08478050824005122,-0.0011252556794283607,0.05168050775243288,-0.0504442513983228,1701.6267706455922,0.02133382659798559,-0.022260134473858193,0.2188888552877991,-0.1451278173393854,0.14814987572375293,-0.05372425614861648,0.020876799356287435,-0.02806992818569329,0.03835895865417925,-0.021228187694559527,-0.13085149721129236,-0.23149715105851873,0.08666852642309522,-0.01392533792576522,0.023773499747674818,0.01659142207375989,-0.656364914333732,0.05420018558362316,0.08252204294979065,-0.018277129256988264,0.039593498861390575,0.05281698685673302,0.014157158608587461,0.07121750536010796,-0.0538291157235208,0.04449321143898221,0.02541297216702604,-0.05419008173830714,0.01457446953198575,-0.0036304741878184204
12,0.14378991761050097,0.030000275315913778,0.10228995056743774,0.00045762692897722803,-0.011503157470993989,-0.0010585219010771504,-0.0042771012577113455,0.42165605249034743,0.22200493432854776,0.09851376493161665,0.03114229017793707,0.02133382659798559,724.8326717323209,0.0037425736479013492,-0.10207343704302412,-0.13959952247205604,-0.010179828164408673,-0.03429152077874096,0.031229117681219536,0.005616219584112713,-0.00657007370256266,0.2199718792803754,0.12023011635179873,-0.014246201878928392,0.009176211818539885,-0.02207559769521486,0.048248870819473474,0.008254254873269239,-0.13571358660927527,-0.049202814968441935,-0.03426374159451253,0.07303436254274184,-0.003903632531091007,-0.013148667756656551,-0.03347372250172492,0.11655966829652505,-0.021820705340676778,0.10006218191791057,-0.07076524719660014,-0.07559310947183849,-0.01503527302384394,0.01439294094058071
13,0.028392521150283002,-0.09517336017528921,0.0595972242219955,-0.022319278637930734,-0.028668699086375347,0.002525307083738321,-0.013677672270451798,-0.19266837018495986,-0.23866127871735357,0.09239114404642594,-0.021572998050720858,-0.022260134473858193,0.0037425736479013492,381.22545862720693,0.022169380562726083,0.04805165699846896,-0.06018452342062476,0.05112592963583856,0.0010131779024444916,0.011068080934344844,0.0046231017299949075,-0.08090185312005106,-0.00044294809106253346,0.0513949479718371,0.05127030187171949,-0.013035086463359297,-0.0014575813564415058,0.015166048463099687,-0.09088987525875616,0.016452352761375754,-0.0024689373170171383,-0.017942438802018908,-0.03854517414526076,-0.004826756324588318,-0.0022683283581283525,-0.16566476141182068,-0.02451043080291654,0.020457611491952143,0.038599231753976324,-0.023461983317957184,-0.008267356496191577,-0.006083589962952152
14,-0.44806199895263393,-0.6714112420334601,-0.4743691858339982,0.3694510475957985,0.14039566099532594,0.19968181000984592,-0.08063185409662947,-1.2029551205263609,-1.5283966785989445,0.2398906407371273,0.5371950277858651,0.2188888552877991,-0.10207343704302412,0.022169380562726083,50021.764395525046,0.8152880746628135,0.26339303973798117,0.31666624246903896,-0.2740718900582185,0.046391884044938124,-0.19404356802490616,-1.0396601156223233,2.276652309346532,0.21003315938629896,0.1921513553645529,-0.03523398275230283,0.04440606961902323,-0.09143645413698591,-2.39329212191062,0.8984872436852254,-0.1319892098915588,-0.525813335232982,0.04477658606204733,-0.06377941530016898,-0.1364591969258637,1.7100340542622003,0.025624460105744738,-0.6831901194819627,-0.3015107032852498,-0.27488467168816844,-0.18872172249944336,-0.08106762629472986
15,0.552130393755208,0.2448452090971272,-0.61204968194568,0.023270877800119757,-0.17185987075747497,0.2159228848939303,0.022003315975391503,0.3593995196386917,-0.07448173932282763,0.019611658332602543,-0.037823097181371265,-0.1451278173393854,-0.13959952247205604,0.04805165699846896,0.8152880746628135,18350.845186327235,-0.2876130753741559,-0.11015092563373899,0.0006406953829885751,-0.4022875473186891,0.10320379656123128,0.2330798110450687,-0.2982895967679962,-0.435530445608939,0.07841702712933617,0.03543343035865799,0.13290259944859284,0.0421371332995127,-1.0067232391005843,0.37500433284733614,0.427058592432888,-0.1547325240377453,0.20717954468889824,0.05285848253445586,0.0676904733230842,0.15751140940334196,0.10847482962402526,0.004138158027368082,0.06965020925106345,0.09481894708734322,-0.09791137183584367,-0.017409543317063642
16,0.2516978188875548,0.13461676196709346,0.4692426020795521,0.07381121950926765,0.00818288547043875,-0.05504930876502134,0.021976458034777675,-0.47909135875936887,0.6228139448375546,-0.35722268259707535,0.04536814992531491,0.14814987572375293,-0.010179828164408673,-0.06018452342062476,0.26339303973798117,-0.2876130753741559,7200.710421834543,-0.2855683431026736,-0.04527799530939997,0.0017290371488345342,-0.0023334306009407386,0.31874082446413626,-0.16452348008248743,0.3692613209194706,-0.24861737543628362,-0.03105317222119867,-0.16443920086931865,0.07450391161702309,-0.1379691949928359,0.15128143197838334,-0.3995803920084483,0.02615106052426644,0.13042478859838647,0.07115492702448276,-0.004805505555220002,-0.2595827801760285,-0.2205378825397164,-0.682873735382264,-0.09895849547265696,0.027381379877487146,0.020399866866834006,0.08928551752655249
17,0.4375339281834451,0.25468697414058633,-0.15185698981428894,0.045081528653931266,0.15894161848934754,-0.05602113838406736,0.031102430722278432,-0.7197671776564082,-0.29255678437485744,-0.08483648281650703,0.026789370849439092,-0.05372425614861648,-0.03429152077874096,0.05112592963583856,0.31666624246903896,-0.11015092563373899,-0.2855683431026736,2915.8173957817703,0.0011069431550724063,-0.03275163572826143,0.05079731805026088,0.3937363894398177,0.19649720035233254,-0.12068471113707406,-0.11415166613198233,0.022016871438120922,0.0017601587452923352,-0.012250253356815611,0.25941278290529185,-0.2517513566298425,0.12226009216087232,0.048713169775989884,-0.03058995289134402,-0.02090850817069003,-0.011775698304718283,-0.0912950933282811,0.4743165508545509,-0.10478913580953869,-0.1168225220416321,-0.010114344121201052,-0.018013819668322464,0.018181529935823976
18,-0.22461137678880405,-0.016702589110285566,-0.13602094504059137,-0.008374036532895235,0.024244534106724263,0.016996344918997874,0.008932894422228905,-0.21264745251450917,-0.198149472229432,-0.04910601830131794,-0.1461576538042526,0.020876799356287435,0.031229117681219536,0.0010131779024444916,-0.2740718900582185,0.0006406953829885751,-0.04527799530939997,0.0011069431550724063,1236.4231090635503,-0.028767519906107233,-0.03654204851660458,-0.15608854281644338,-0.2559901325898277,-0.08116385818266858,0.029251960233335064,0.011545000141846574,0.0030155568386152475,0.005493788393573997,0.23265069209145808,0.061926835051879146,-0.09373651348580578,-0.028808830615793576,0.017214141849410954,-0.022976193569050538,-0.03172931604074759,-0.19908474155908676,-0.033381089335352214,0.09707993924007548,0.017145684024079986,-0.02591759739473753,0.01956698903398776,0.013262481860166314
19,0.02318697316654562,0.1754152973697268,0.07916923727392211,0.024957371247445667,-0.039082800093333446,-0.018814113363134762,0.0134357652174967,-0.1720029826105329,-0.0578568842731227,0.049677211855567054,-0.01997945668923275,-0.02806992818569329,0.005616219584112713,0.011068080934344844,0.046391884044938124,-0.4022875473186891,0.0017290371488345342,-0.03275163572826143,-0.028767519906107233,557.1422410418888,-0.005132107350130036,-0.2859775072901596,-0.012960204066083189,0.08260617807199182,-0.023862668312469228,-0.00959568695581406,-0.010712061776968825,0.01982104356605725,0.10747807694450423,-0.10075513984357409,-0.02825358887547089,-0.014524379621411631,0.022134448262037257,-0.008240877772818915,0.000253880741604564,0.08325861285250395,0.2093625448161208,-0.09544465592905878,-0.027013600811774712,0.012506010296482697,-0.017808363923535887,-0.02110427136955528
20,-0.0943567341434837,0.122375393696536,0.025887500841775553,0.022594351726101917,-0.005932685113301951,-0.011690828867621237,0.0070530974637839985,-0.07710563049212903,0.08776326806211134,0.030527215437036112,-0.009526074614692015,0.03835895865417925,-0.00657007370256266,0.0046231017299949075,-0.19404356802490616,0.10320379656123128,-0.0023334306009407386,0.05079731805026088,-0.03654204851660458,-0.005132107350130036,285.49178239959434,-0.11019037376096229,0.12990030857684554,0.034386419480878026,-0.05398601768488666,0.023837232413875063,-0.010884420962477907,0.004123209222881548,-0.022226394390128516,0.05182426314037892,0.03978023974219334,-0.03472815540488712,-0.03733566311939555,-0.005782101019797956,0.005675123825343013,-0.06139864678188484,0.05632862211037069,-0.0022903354563369805,-0.008205022947147587,0.017732721045248968,-0.003316170264791883,0.0011355110025374957
21,-1.9537681902858557,0.3837872007170527,-0.5064343568690538,-0.6971738290198395,-0.1932526817187924,0.1583853817648591,-0.1999983145319533,4.193855198268161,-0.3967083021820707,0.06577388432015054,-0.26672742677961625,-0.021228187694559527,0.2199718792803754,-0.08090185312005106,-1.0396601156223233,0.2330798110450687,0.31874082446413626,0.3937363894398177,-0.15608854281644338,-0.2859775072901596,-0.11019037376096229,58554.17031145761,-1.5475403185633874,0.015686212979776088,1.1466061540917019,-0.10265984422482427,-0.04507301249583109,0.32950767392084,1.9225572512744502,0.26348962700605555,0.5415471017486129,0.9346387304022417,0.23325830580149523,0.337667301615521,0.05577532831908535,-0.12665520515478063,0.37608230934808895,0.9296694635375186,0.08827333105350381,-0.4772336404511414,-0.1304613240541014,0.1813301726572109
22,0.9060019377930103,-1.0628765517700114,0.1254753013742976,0.17336542107806688,-0.4335462217187119,0.01565399158230663,0.005010219643436452,1.4196281770002845,-0.5943946253936921,-0.03632551933143671,0.3811224639756004,-0.13085149721129236,0.12023011635179873,-0.00044294809106253346,2.276652309346532,-0.2982895967679962,-0.16452348008248743,0.19649720035233254,-0.2559901325898277,-0.012960204066083189,0.12990030857684554,-1.5475403185633874,21690.907638886318,0.14350160458080266,0.2410378759873252,-0.2528355951127336,-0.05788146812027468,0.10982760712697547,1.1783405579371,-0.09057209403146096,-0.28818894137672163,-0.25008127518539897,-0.31505483515944893,0.2930184112253202,-0.08134930169371374,-1.6042269497186274,0.2400283976092991,0.3834007068033283,0.057498429166354906,0.04875661945139245,0.08834562138518828,-0.09011204934342573
23,0.1520756536058393,-0.6780405947949859,0.2527626005122514,-0.0810328004457411,0.02213765003300242,0.05724658227721551,0.06363049839344868,-0.01023991430178862,0.11814814886692912,0.5150664192655757,0.03685695076267015,-0.23149715105851873,-0.014246201878928392,0.0513949479718371,0.21003315938629896,-0.435530445608939,0.3692613209194706,-0.12068471113707406,-0.08116385818266858,0.08260617807199182,0.034386419480878026,0.015686212979776088,0.14350160458080266,8192.987568136688,0.0488439854239947,0.0673556784353833,-0.09914212682082799,-0.06788454072967721,0.17513779171789698,0.06980489565513101,0.071284642769127,-0.11956502337931975,0.29418209274061136,-0.046600592425331606,-0.021597133424685198,-0.9901221405725417,-1.0167602134580305,0.11067142000296167,-0.046819677788733534,-0.04399394585996191,-0.05436700577861318,0.06845456919121105
24,0.36024407249342033,0.19947731945771208,-0.3147482606711855,0.009210715377179669,-0.03317898423791857,-0.01134442110770881,0.04074580591317075,-0.26190146836996886,0.08556406039541213,0.0019347162853560424,0.06802539227356456,0.08666852642309522,0.009176211818539885,0.05127030187171949,0.1921513553645529,0.07841702712933617,-0.24861737543628362,-0.11415166613198233,0.029251960233335064,-0.023862668312469228,-0.05398601768488666,1.1466061540917019,0.2410378759873252,0.0488439854239947,3317.9197073948135,-0.07038552796061624,0.045044651363374086,0.003444165003744779,0.3374800132771038,-0.3311945794992322,0.25824420556021005,0.0170275324048783,-0.15904808677885385,-0.019075937051278892,0.01600722410311799,-0.1122772715072548,0.14946031879749566,-0.09091623191529136,-0.08836535740536426,0.16616067088128605,-0.055231042761564424,-0.00249705751672705
25,0.11485811584718789,0.3722908260183938,0.06826312061708874,0.048008440284781725,-0.005332307786140403,-0.004263277883380636,-0.008640764625704133,0.05890790808967189,-0.05219279444310164,-0.10093375395572725,-0.05154474376735015,-0.01392533792576522,-0.02207559769521486,-0.013035086463359297,-0.03523398275230283,0.03543343035865799,-0.03105317222119867,0.022016871438120922,0.011545000141846574,-0.00959568695581406,0.023837232413875063,-0.10265984422482427,-0.2528355951127336,0.0673556784353833,-0.07038552796061624,1405.9841793456421,-0.0023001337227030526,-0.0018467187501807003,0.24247194662936777,-0.07045225605698914,0.03937825990951008,0.0473051994288654,0.029712414426326956,0.010163677553256825,0.012943351478627012,0.03608103856034054,-0.18915198250136717,-0.06723255518484014,0.04373538363026008,0.05604399288950518,-0.012090698757440827,0.009456618336425051
26,0.48518775702922007,-0.04764971548158415,-0.03396783115333961,-0.04657614739157809,-0.01238916325673782,-0.0031203968380546843,-0.0030220259552923346,-0.16798473815169357,-0.11147959904465135,0.007118659030771683,-0.014623251969628914,0.023773499747674818,0.048248870819473474,-0.0014575813564415058,0.04440606961902323,0.13290259944859284,-0.16443920086931865,0.0017601587452923352,0.0030155568386152475,-0.010712061776968825,-0.010884420962477907,-0.04507301249583109,-0.05788146812027468,-0.09914212682082799,0.045044651363374086,-0.0023001337227030526,637.8873709731847,0.01833251555373736,0.1295138844396062,0.07892139601479084,0.01803297680934387,-0.026536022289873718,0.01581115880342087,0.039121051449071687,0.014529833158619092,0.20468233660794974,-0.0789248394671164,0.051898602389397905,0.030808646433614372,0.015420040664732574,-0.01859381208030236,0.04020785054691977
27,-0.10620252461213893,0.16408151574004798,0.05119629853790724,-0.0867842111352736,-0.01861598396968334,0.00790271469838387,0.0037423798750411317,0.4008216903085377,-0.09058750699816262,-0.014759470310263754,-0.012834904209848974,0.01659142207375989,0.008254254873269239,0.015166048463099687,-0.09143645413698591,0.0421371332995127,0.07450391161702309,-0.012250253356815611,0.005493788393573997,0.01982104356605725,0.004123209222881548,0.32950767392084,0.10982760712697547,-0.06788454072967721,0.003444165003744779,-0.0018467187501807003,0.01833251555373736,299.2745903570984,-0.09802212528848914,-0.009777744263378635,0.0696339227546493,0.028964841203821787,0.014725148166218933,0.007503459291991137,0.0038853658885226973,0.03423952040247116,-0.06417950204494902,-0.015271143462091187,0.030615472041469274,-0.032873633432056105,-0.019420021787909494,-0.010263010847192763
28,-0.6865880869204538,0.3448460871635635,0.5643315387045748,0.39056635902862474,-0.050050835192296306,-0.02454874293988351,0.2553201837857109,2.040579497057111,-0.08573241837788739,0.4319930826418633,-0.013950220445134987,-0.656364914333732,-0.13571358660927527,-0.09088987525875616,-2.39329212191062,-1.0067232391005843,-0.1379691949928359,0.25941278290529185,0.23265069209145808,0.10747807694450423,-0.022226394390128516,1.9225572512744502,1.1783405579371,0.17513779171789698,0.3374800132771038,0.24247194662936777,0.1295138844396062,-0.09802212528848914,46681.89060375577,-1.4694252442158175,-0.0024708441937184543,0.17261621898472324,-0.24860412692875813,-0.2396976946821728,0.15656490062364256,-0.40998317263612544,0.9594838874339011,1.0083069740791577,0.010946446949944408,0.17833681771957258,0.10641216692322997,0.14715468166618081
29,-2.5488195323787,-0.2292720924854323,0.14636858810009948,0.037408691547946335,0.16335709205234977,0.03761245411651254,-0.04243377329646396,0.20648777878689964,0.17385743497495387,0.16236994492625156,0.07134101753581296,0.05420018558362316,-0.049202814968441935,0.016452352761375754,0.8984872436852254,0.37500433284733614,0.15128143197838334,-0.2517513566298425,0.061926835051879146,-0.10075513984357409,0.05182426314037892,0.26348962700605555,-0.09057209403146096,0.06980489565513101,-0.3311945794992322,-0.07045225605698914,0.07892139601479084,-0.009777744263378635,-1.4694252442158175,17822.04419689272,0.3927797691465494,0.05009297638352303,0.028958314101261432,0.15135226484713463,0.043833562031448454,-0.8774330553055462,0.3169774101494848,-0.5179571210284409,0.18679239735946543,0.1022303012491599,0.08788529383437972,-0.0190741250975429
30,0.2809697049155442,-0.15297753907607697,0.13715143579515857,-0.19697742745440727,0.008790585271349816,0.029025036824099574,-0.0033066591004509045,-0.9649333992144576,0.4701055069766716,0.5256378606161848,-0.10538840483362143,0.08252204294979065,-0.03426374159451253,-0.0024689373170171383,-0.1319892098915588,0.427058592432888,-0.3995803920084483,0.12226009216087232,-0.09373651348580578,-0.02825358887547089,0.03978023974219334,0.5415471017486129,-0.28818894137672163,0.071284642769127,0.25824420556021005,0.03937825990951008,0.01803297680934387,0.0696339227546493,-0.0024708441937184543,0.3927797691465494,6924.59472106645,0.14788100650223615,0.04407617294773746,0.08525505961284614,0.0992610636080949,-0.6591742908525895,-0.6725046231564242,-0.19315884999181232,-0.02284665810381006,0.07898055641449178,-0.12373732851303947,0.08485249983686405
31,-0.44585195950557044,0.07939849296599814,-0.030832475652262627,-0.06385407964657276,0.07592485810880426,0.0367240497675002,0.03845602584695719,-0.06481071566837339,-0.4384433725455195,0.1048490791558527,-0.01128845392285528,-0.018277129256988264,0.07303436254274184,-0.017942438802018908,-0.525813335232982,-0.1547325240377453,0.02615106052426644,0.048713169775989884,-0.028808830615793576,-0.014524379621411631,-0.03472815540488712,0.9346387304022417,-0.25008127518539897,-0.11956502337931975,0.0170275324048783,0.0473051994288654,-0.026536022289873718,0.028964841203821787,0.17261621898472324,0.05009297638352303,0.14788100650223615,2739.5831186492783,0.011190765717620201,0.07778237870480541,-0.00535938363859644,-0.26038902655322216,0.06002258979927816,-0.12162933254403929,-0.12092058139420443,0.0789027079509285,-8.764341312778448e-05,0.05250489335807677
32,-0.2382023876183136,0.007401062497456799,0.05707479625230919,-0.045250070147103194,-0.001253832185648541,-0.022056119083790272,0.02585644764548673,-0.015141005436889917,-0.13565599472980983,0.05751369832146473,-0.05928162698065026,0.039593498861390575,-0.003903632531091007,-0.03854517414526076,0.04477658606204733,0.20717954468889824,0.13042478859838647,-0.03058995289134402,0.017214141849410954,0.022134448262037257,-0.03733566311939555,0.23325830580149523,-0.31505483515944893,0.29418209274061136,-0.15904808677885385,0.029712414426326956,0.01581115880342087,0.014725148166218933,-0.24860412692875813,0.028958314101261432,0.04407617294773746,0.011190765717620201,1188.8957616138562,0.06166754442261934,0.0038238240532194375,0.21183840996595496,0.00879016588552541,-0.05867161670368199,-0.01173877537172397,0.058656462180043376,0.009433236605570347,-0.0036849588307209633
33,0.4561532976214938,-0.008274795593953633,-0.046682234200765726,-0.060491792671010056,0.010250254133127796,-0.014937677553923718,-0.005040403543108423,0.18135720767878102,0.04920421427742314,0.03476968305095132,0.02232409174130868,0.05281698685673302,-0.013148667756656551,-0.004826756324588318,-0.06377941530016898,0.05285848253445586,0.07115492702448276,-0.02090850817069003,-0.022976193569050538,-0.008240877772818915,-0.005782101019797956,0.337667301615521,0.2930184112253202,-0.046600592425331606,-0.019075937051278892,0.010163677553256825,0.039121051449071687,0.007503459291991137,-0.2396976946821728,0.15135226484713463,0.08525505961284614,0.07778237870480541,0.06166754442261934,551.4909789815666,0.027089843665199904,0.11365430924724866,0.17732096053095261,-0.02064675638744779,0.07096654105039167,0.018363255771856837,-0.016087447294325655,-0.0011830228022475563
34,-0.03660480696711417,0.021921743262455412,0.03980289452881949,0.02294809300697612,0.006986217444023012,0.010398826961852762,-0.008326310978406415,-0.1726524498024581,0.009502945478489863,-0.05902439118094516,0.055388982338813085,0.014157158608587461,-0.03347372250172492,-0.0022683283581283525,-0.1364591969258637,0.0676904733230842,-0.004805505555220002,-0.011775698304718283,-0.03172931604074759,0.000253880741604564,0.005675123825343013,0.05577532831908535,-0.08134930169371374,-0.021597133424685198,0.01600722410311799,0.012943351478627012,0.014529833158619092,0.0038853658885226973,0.15656490062364256,0.043833562031448454,0.0992610636080949,-0.00535938363859644,0.0038238240532194375,0.027089843665199904,264.0443106523083,0.04611553512309916,-0.0877395426432827,-0.04951908290345116,-0.028073456851802212,-0.018674157245090427,-0.005624244288267936,0.00443635154188652
35,0.8363949829050045,1.0642708230180935,-0.7411810518239192,0.4089505545642414,-0.009191241780153304,-0.15925791721179644,-0.06420330236210217,0.5895869628820276,0.6187457931155599,0.2664707139981238,-0.7188312976970829,0.07121750536010796,0.11655966829652505,-0.16566476141182068,1.7100340542622003,0.15751140940334196,-0.2595827801760285,-0.0912950933282811,-0.19908474155908676,0.08325861285250395,-0.06139864678188484,-0.12665520515478063,-1.6042269497186274,-0.9901221405725417,-0.1122772715072548,0.03608103856034054,0.20468233660794974,0.03423952040247116,-0.40998317263612544,-0.8774330553055462,-0.6591742908525895,-0.26038902655322216,0.21183840996595496,0.11365430924724866,0.04611553512309916,53507.96392754791,-0.13400258440333088,0.13137290849491848,-0.749397817024482,0.36096430577734345,-0.07214856682322869,-0.1874713004571741
36,-0.1416598276608113,-0.3364573246093053,0.6388067269219456,0.050062049446593586,0.14087818412149006,0.023791443234323247,-0.009862897941730425,-1.801034066696246,1.0559737932189077,-0.3607548668010257,-0.9336709228710521,-0.0538291157235208,-0.021820705340676778,-0.02451043080291654,0.025624460105744738,0.10847482962402526,-0.2205378825397164,0.4743165508545509,-0.033381089335352214,0.2093625448161208,0.05632862211037069,0.37608230934808895,0.2400283976092991,-1.0167602134580305,0.14946031879749566,-0.18915198250136717,-0.0789248394671164,-0.06417950204494902,0.9594838874339011,0.3169774101494848,-0.6725046231564242,0.06002258979927816,0.00879016588552541,0.17732096053095261,-0.0877395426432827,-0.13400258440333088,20819.999802539893,-0.5590938578573522,0.06032900661970336,-0.09381693601800307,0.03614374146926008,-0.01738164652266918
37,-0.4750990403806522,-0.16999164021230742,0.004645287774348432,0.1318318620729228,-0.08119792592583427,0.0014101052436313267,0.02644678188675442,-0.5474037669304417,-0.7683939762775732,0.2519848642943251,-0.00429910204033876,0.04449321143898221,0.10006218191791057,0.020457611491952143,-0.6831901194819627,0.004138158027368082,-0.682873735382264,-0.10478913580953869,0.09707993924007548,-0.09544465592905878,-0.0022903354563369805,0.9296694635375186,0.3834007068033283,0.11067142000296167,-0.09091623191529136,-0.06723255518484014,0.051898602389397905,-0.015271143462091187,1.0083069740791577,-0.5179571210284409,-0.19315884999181232,-0.12162933254403929,-0.05867161670368199,-0.02064675638744779,-0.04951908290345116,0.13137290849491848,-0.5590938578573522,7728.64415918591,0.01980376261785846,0.08135489147264309,0.06551089411453298,-0.0009756509221143959
38,0.20873118852368275,-0.3282331501161761,-0.3288870491203784,0.06881804730696063,0.08530608169920777,0.053466251668918566,-0.031943597522093276,-0.6219004821788375,0.22978770610352117,0.01177925432464771,-0.07873545291366024,0.02541297216702604,-0.07076524719660014,0.038599231753976324,-0.3015107032852498,0.06965020925106345,-0.09895849547265696,-0.1168225220416321,0.017145684024079986,-0.027013600811774712,-0.008205022947147587,0.08827333105350381,0.057498429166354906,-0.046819677788733534,-0.08836535740536426,0.04373538363026008,0.030808646433614372,0.030615472041469274,0.010946446949944408,0.18679239735946543,-0.02284665810381006,-0.12092058139420443,-0.01173877537172397,0.07096654105039167,-0.028073456851802212,-0.749397817024482,0.06032900661970336,0.01980376261785846,3115.5986221844732,-0.018788720951463046,-0.05911523127946318,-0.0037550935189501087
39,0.07566727473592204,0.061627215497186236,-0.0023978291517660344,0.02971414365392795,0.013454955835680476,-0.003979337145319018,0.034069003549036365,0.35521156823844785,0.15902666115613148,0.01004580213931476,-0.039720026504672386,-0.05419008173830714,-0.07559310947183849,-0.023461983317957184,-0.27488467168816844,0.09481894708734322,0.027381379877487146,-0.010114344121201052,-0.02591759739473753,0.012506010296482697,0.017732721045248968,-0.4772336404511414,0.04875661945139245,-0.04399394585996191,0.16616067088128605,0.05604399288950518,0.015420040664732574,-0.032873633432056105,0.17833681771957258,0.1022303012491599,0.07898055641449178,0.0789027079509285,0.058656462180043376,0.018363255771856837,-0.018674157245090427,0.36096430577734345,-0.09381693601800307,0.08135489147264309,-0.018788720951463046,1251.9323827114392,-0.04204199533917663,0.05095774986487476
40,0.0538293180994849,0.05377947315844357,0.11019723789979173,-0.04112891522094547,0.0388200679721758,0.0009320521391737053,-0.015419178739351223,0.24114344192967582,-0.03325119096717813,-0.11976137525273418,-0.04748080226656605,0.01457446953198575,-0.01503527302384394,-0.008267356496191577,-0.18872172249944336,-0.09791137183584367,0.020399866866834006,-0.018013819668322464,0.01956698903398776,-0.017808363923535887,-0.003316170264791883,-0.1304613240541014,0.08834562138518828,-0.05436700577861318,-0.055231042761564424,-0.012090698757440827,-0.01859381208030236,-0.019420021787909494,0.10641216692322997,0.08788529383437972,-0.12373732851303947,-8.764341312778448e-05,0.009433236605570347,-0.016087447294325655,-0.005624244288267936,-0.07214856682322869,0.03614374146926008,0.06551089411453298,-0.05911523127946318,-0.04204199533917663,610.9106447659123,-0.0008437514547639686
41,0.04723137378858354,0.082788539758477,-0.01732980032304298,-0.007620832386744319,-0.025290654222540315,-0.0020300511120628813,0.002764315276558999,-0.19424532513581086,-0.047985785234759354,0.0178762692363306,0.028688259732386513,-0.0036304741878184204,0.01439294094058071,-0.006083589962952152,-0.08106762629472986,-0.017409543317063642,0.08928551752655249,0.018181529935823976,0.013262481860166314,-0.02110427136955528,0.0011355110025374957,0.1813301726572109,-0.09011204934342573,0.06845456919121105,-0.00249705751672705,0.009456618336425051,0.04020785054691977,-0.010263010847192763,0.14715468166618081,-0.0190741250975429,0.08485249983686405,0.05250489335807677,-0.0036849588307209633,-0.0011830228022475563,0.00443635154188652,-0.1874713004571741,-0.01738164652266918,-0.0009756509221143959,-0.0037550935189501087,0.05095774986487476,-0.0008437514547639686,292.922488757966
