,2,3,4,5,6,7,8,9
2,52472.34500101533,0.9273618757150618,0.25792061030913804,0.16460236569535192,0.007071464569759411,0.0003327794001531911,-0.0002059852646015401,-0.00038854980695621563
3,0.9273618757150618,10278.936219632504,-0.09751841095090245,0.05672667421392184,-0.002587276592277057,0.00317989819879045,-0.002202929913080231,0.0009445796675066323
4,0.25792061030913804,-0.09751841095090245,1921.0352109676564,0.012634839258238332,0.0026206064404496725,-0.004699285700072917,0.0014638224296142244,-0.00029552796916150134
5,0.16460236569535192,0.05672667421392184,0.012634839258238332,302.8699075655304,0.001989954322432627,0.0006083083358525922,0.0001790060509779445,-7.55948535074173e-05
6,0.007071464569759411,-0.002587276592277057,0.0026206064404496725,0.001989954322432627,43.93015678457849,0.0003010953772607748,0.00011180522156263745,3.362631688895458e-05
7,0.0003327794001531911,0.00317989819879045,-0.004699285700072917,0.0006083083358525922,0.0003010953772607748,5.753519661032998,-6.75771530856804e-05,4.655109834712705e-06
8,-0.0002059852646015401,-0.002202929913080231,0.0014638224296142244,0.0001790060509779445,0.00011180522156263745,-6.75771530856804e-05,0.7115814262498962,4.449550232550074e-06
9,-0.00038854980695621563,0.0009445796675066323,-0.00029552796916150134,-7.55948535074173e-05,3.362631688895458e-05,4.655109834712705e-06,4.449550232550074e-06,0.07662501631474282
