index,0,1,2,3,4,5,6,7,8,9,10,11,12,13,14,15,16,17,18,19,20,21,22,23,24,25,26,27,28,29,30,31,32,33,34,35,36,37,38,39,40,41
0,104.93957394737922,0.003128684671616704,-0.001871842626011616,0.002319309446618142,-0.00047700813097593795,-0.0003947611954762471,2.1166569559936775e-05,-0.0020503290173332685,0.002922129654513085,-0.0003437591849560944,-0.002207059265886723,0.00038470251438810574,0.0002847262650518971,0.0004930627596332287,-0.0024491970567856007,0.002997315488658622,-0.0010438597904099105,0.0009657715813542996,-0.0007541165265719406,0.0006564557903531809,-0.00024206125923299264,-0.0031929851746392746,0.0029202057515025593,-0.002060021626781984,0.00045999191755034905,-0.00014239268543868788,0.0004186622565105859,-7.522651730230341e-05,-0.001978755890624023,-0.002751011257078088,0.0013755654829817718,-0.0016505559651073414,-0.0009763265339467304,0.0005400498300494408,3.975626760150707e-05,0.0018174629073280974,0.002715059630756388,-0.004178633737410989,-0.0005630998390726489,0.0006292063294541464,0.0003096301158682092,0.00015794613652867555
1,0.003128684671616704,38.60842461592486,0.002166251556045685,-0.0009504221460719695,-0.0005812408313588762,-0.00039946516110359433,-4.071245152410618e-05,0.0025173616627315416,0.0005000075268686166,-0.000857504900248123,0.0008600705947156604,-0.00029745347858772223,0.0004060836641458638,-8.707776681889932e-05,0.000659385325089563,0.0008002154591398192,0.0011178067441015335,0.0004311267055000231,-0.0005563886056840223,0.0001201122258211406,9.962792515277829e-05,0.00046521894493270195,-0.0006235817284979568,-0.0013183235965838157,0.00021879453523010806,0.0004906989640090283,-6.150057447321969e-05,0.00012981531563697286,0.0011370333500568593,-0.0007699141341881842,-0.0016332217346987266,0.0006224521431583621,2.442592185031085e-05,-0.0001701527339467799,4.1206160073558546e-05,0.0025247458475924954,-0.0012710525723232966,-8.002933119455369e-05,0.00040519253227046817,-8.577775348919468e-05,4.513936263166647e-05,2.8615795188540706e-05
2,-0.001871842626011616,0.002166251556045685,30.099659855299564,0.0007864301316643082,0.00014647249632709453,0.00018627695199804702,0.0001951344048481967,0.0013571126625212494,0.001981915522021639,-8.76953845642353e-05,0.0007185800648673407,-0.00015548946936645402,0.00011120772853102833,3.3443389949755515e-05,-0.0025556952513119285,-0.0015523420328185367,0.001502302736302688,-0.00011381100391280987,0.00016532111920493267,9.922855511979676e-05,-0.00019151709966387995,0.001426464188449568,0.001244794968306214,0.0016274238901206948,-0.000600082564952967,7.736808408098151e-05,-0.00017618653890500707,-3.209935231728776e-05,-0.0003759503962555631,0.0015506040496404729,0.0015572322110301883,-0.0003003460583014973,1.3026135789090753e-05,-9.349142012133487e-05,6.600611240929757e-05,-0.0001503814627997499,0.0013962279560106995,0.00032222497315637896,-0.0023397879356583115,-0.0004649346870792796,0.0002040090747822158,3.5953188523374374e-05
3,0.002319309446618142,-0.0009504221460719695,0.0007864301316643082,24.733032235023916,-0.0003283444240872037,0.00017734609979764039,-3.632892580633435e-05,0.0004145402838291647,-0.0011502303247035756,0.0006758708210471805,-0.00041434738207632736,0.0003194300480367204,0.0001472462109323951,-0.0001416193051057226,0.0006404049245366717,0.0004293797668558908,-0.0006790106674671708,-0.00016209311113990615,0.00019982568332888598,5.0714816472170556e-05,-1.6411625935509976e-05,0.0005162052752621274,0.0014022961915413999,-0.0010526096913573485,0.0001875863582106271,-0.00012933779150388645,-5.3104019696595603e-05,-0.00020058009860925318,0.00014865879580381287,0.0004786237104577898,0.00012327965366544616,0.00010174975007685333,-0.00045875698661512895,-0.00014299375204884592,-1.0036725781766004e-05,0.0012118034236009896,0.0007361269124637713,0.0002090630827005074,0.0014494871648134508,0.000500888918802076,-0.00012505294158478262,3.56877414069075e-05
4,-0.00047700813097593795,-0.0005812408313588762,0.00014647249632709453,-0.0003283444240872037,7.209035944853905,-2.7653857197377222e-05,-1.2180638545052234e-06,-0.0006613332792561103,-0.0009191459633259569,0.0005207980790203633,8.356047958709823e-05,0.00014209035176427338,-0.00014662128859913544,-9.0216298513221e-05,0.00032121000030562976,-0.0004394349691767874,0.000735187336758027,0.0003306595075148557,-6.187314617414421e-05,-8.948102419227333e-05,-1.2173532150453003e-05,-0.00031993399007103536,-0.0006712756949876821,0.00028647248624216347,5.421654920026248e-05,-0.00024519707475780385,-0.00018394811997078027,-1.3025928356390246e-05,1.3869369054192197e-05,0.0003088434699524521,0.00019404591699073866,0.00019039776677424243,1.1518891942010273e-05,0.00014150006775770656,-1.2548397333352266e-05,-0.0008161128222652094,0.000164242589006489,-0.0007277178049401572,0.0010125756486059681,0.00017833872124670028,4.37499721652283e-05,-2.9965673012218535e-05
5,-0.0003947611954762471,-0.00039946516110359433,0.00018627695199804702,0.00017734609979764039,-2.7653857197377222e-05,1.0655428258161717,-2.57088361464048e-06,-0.00026055941502276274,0.0001744546216092563,-3.8178591909751654e-05,0.00013606897375759128,9.060004515157017e-05,1.4370965000198039e-05,7.13057933912629e-06,7.96559882243025e-05,0.00042912182901994625,0.00015082470392602696,-0.0003367447951490015,-1.2362646224722313e-05,3.7479272402411396e-05,-1.096377694713216e-05,0.00010798948675208701,-0.00018318568006858512,-0.0001968740362365325,-4.158649669140205e-05,5.381439215975934e-05,1.6531260408943888e-05,-7.979521737257167e-06,-0.00016920664658441644,4.0073591245484125e-05,0.00016605302991709117,-1.2410712940660169e-05,2.97152009350184e-05,-4.9745137014592305e-05,1.0153343663773567e-05,-0.00012898743650592958,0.00013043981249536,-0.00022055992388725766,0.0002772548089539037,6.445262335395748e-05,8.82080157622361e-05,2.92919518377063e-06
6,2.1166569559936775e-05,-4.071245152410618e-05,0.0001951344048481967,-3.632892580633435e-05,-1.2180638545052234e-06,-2.57088361464048e-06,0.6184241484724506,0.00010262733065904202,8.340309004202466e-05,0.00010240095923916101,0.0001310046788187213,6.1177759935570095e-06,6.58385439943057e-06,-2.465417567743069e-05,-0.00013445726590307716,-9.651248664911819e-05,0.00012735024178805573,-5.650453239212223e-05,9.698213176799829e-05,-5.852803256401715e-06,1.6887280521610026e-05,8.926936245715179e-05,-9.238037599225509e-05,3.870926981882302e-05,7.08686627443115e-05,-2.17432120099343e-05,2.5064920114237578e-05,9.364142805160616e-06,0.0004605996193602678,-3.8266397368712976e-05,-8.310940782482142e-05,0.00012422861012454663,4.952676093813553e-05,-1.211241949919399e-05,-6.647698879013907e-06,-3.686047924290494e-05,8.928720140231627e-06,8.420401056065585e-05,0.00015309964109084279,2.6746172005349807e-05,-7.614071901002546e-06,-4.344125541752116e-06
7,-0.0020503290173332685,0.0025173616627315416,0.0013571126625212494,0.0004145402838291647,-0.0006613332792561103,-0.00026055941502276274,0.00010262733065904202,114.98105126166818,0.0018557325804003568,-0.001527088988606539,-0.00045991556933409184,-0.001448273598427416,0.000740532865600482,-0.00028205008459892823,-0.0017913586059241217,0.0012330721166156787,0.0019688461041013194,-0.0028006885043193657,-0.001336152581125,-0.00014176715206892278,-9.671792712775016e-05,0.002686428545753615,0.002104225762168974,-0.0006167680897562393,-4.877954727355851e-05,-5.764301194387237e-07,-0.0004334123313331024,0.00021418552177479593,0.0013253687424501703,0.0034505046324823066,0.0009011563901491496,-0.0009643249532748045,-0.00035787543408886073,6.286939507677922e-05,-0.00015527871672577043,-0.0009643283007260768,-0.00368988763391282,0.00031328735576286907,-0.004409674587576351,0.0005664464146535877,0.00030925642117769894,-0.00010417715555614972
8,0.002922129654513085,0.0005000075268686166,0.001981915522021639,-0.0011502303247035756,-0.0009191459633259569,0.0001744546216092563,8.340309004202466e-05,0.0018557325804003568,62.585738589804805,0.00043788984869212933,0.0003658436380353261,0.0003295080595128807,0.000162518699614866,-0.0003710431818411481,-0.0002963796967382738,-0.001104607731907803,0.001194028641578919,-0.0018236359770442453,-0.00023123071883902335,-4.6376838890876765e-05,0.00014075771588648478,-0.0021875235828210616,0.0002317752088916136,0.0005760506991496402,-0.00010280293752190292,-0.00012179841547875455,-0.0004253481305157216,-5.5184068595224165e-05,0.0006457049474320466,0.001243533343074411,0.001022140791779488,-0.0007087593330481801,-0.00036103012607166475,-2.3487521784943787e-07,8.156817045318899e-05,0.00042527937318122207,0.0006188409586002426,-0.001445955812951018,0.001883070107108072,0.00033724959208465786,-0.0001901211899838104,-5.350768376727604e-05
9,-0.0003437591849560944,-0.000857504900248123,-8.76953845642353e-05,0.0006758708210471805,0.0005207980790203633,-3.8178591909751654e-05,0.00010240095923916101,-0.001527088988606539,0.00043788984869212933,22.532766524523584,-0.00017990565350710033,0.00035285016653656306,0.00012978648246821906,5.658075931690369e-05,0.0007517140917191628,-0.0001697637416838138,-0.0008509233760095925,-0.0005438542855122513,-7.340764740173258e-05,6.612927336738677e-05,-3.7457143686000276e-05,0.0006885650531925182,0.00039955193949065107,0.0008240434686074668,0.0003832930355862908,-0.00031017156413854516,-0.00018385736687225748,4.175596226105548e-05,-0.0005473459425161156,0.0016084699634142492,0.00024420388485167,0.0002312135507145638,2.3899936765171167e-05,-0.00011542583687942158,-1.654502849025789e-05,0.00013211926362280397,-0.00017939225635882526,0.00067863544369004,-0.0008122638363837551,-2.0823867928596313e-05,-0.00013517098840204933,2.8264411622780107e-05
10,-0.002207059265886723,0.0008600705947156604,0.0007185800648673407,-0.00041434738207632736,8.356047958709823e-05,0.00013606897375759128,0.0001310046788187213,-0.00045991556933409184,0.0003658436380353261,-0.00017990565350710033,34.96769926913038,0.00016235317517548264,0.0006578049401822905,7.670320750615119e-05,0.0009081914260086094,0.0003084583422102273,-0.001024406488503684,-0.0006396093391767637,6.91498856758957e-05,-0.00011288537852177484,-2.9897258352476296e-05,-0.0011087396976844168,3.232757144860352e-06,-0.0014422086892835419,4.5328170394128024e-05,-0.0003629931581388801,2.2089757776467963e-05,-1.8520874693701366e-05,-0.0009020689755403693,0.0009474510606357716,-0.0026578714690840247,-0.00015413247003193757,0.00024653156688336905,0.00013718470788198973,3.8296302262789404e-05,-0.00392319417678367,-0.002537030364406812,0.00108301555572,0.00070365418926039,-3.6948754068852505e-05,-0.00019493954355116617,-0.0001048501928193171
11,0.00038470251438810574,-0.00029745347858772223,-0.00015548946936645402,0.0003194300480367204,0.00014209035176427338,9.060004515157017e-05,6.1177759935570095e-06,-0.001448273598427416,0.0003295080595128807,0.00035285016653656306,0.00016235317517548264,9.601527598660711,2.8068661758923002e-05,-4.0711970637770466e-05,0.00013987355716627134,-0.0008825010775548304,0.0003941017462351023,-0.00015053229434131644,9.644040569905994e-05,3.01474687839051e-05,8.753891750436555e-05,-0.0009699958042628191,-0.00016362189044661168,-0.0012478257367906293,-0.00021796642776778435,-5.990651676891276e-05,9.746071912720508e-05,-3.797665047175073e-06,-0.0008953204559327044,-0.001002224517599938,0.000178873962096515,-2.9705066533305105e-05,6.657450020080985e-05,0.00017184453758150355,4.5540352109490004e-05,0.00016150630639596503,-8.034622688513178e-05,0.0009509356364889982,0.0005701399904775754,-0.00037654621757977056,-2.4696831467163355e-05,-1.1431022892450586e-05
12,0.0002847262650518971,0.0004060836641458638,0.00011120772853102833,0.0001472462109323951,-0.00014662128859913544,1.4370965000198039e-05,6.58385439943057e-06,0.000740532865600482,0.000162518699614866,0.00012978648246821906,0.0006578049401822905,2.8068661758923002e-05,3.2355766030858173,-9.644357531278245e-05,3.720847070650307e-05,-9.894367026156154e-05,0.0005516623468207473,-0.00030917757186590234,-0.00010706092374501403,1.62478008480058e-05,-1.8858636797095108e-05,-2.827140378029654e-05,0.000153882590502175,-0.00018122478559784569,1.4720424307559809e-05,-4.695191268574378e-05,0.00013527929538993536,3.416999304881046e-05,0.00021664954876968791,-1.4906676934631541e-05,-0.00014257188101420422,0.0002936876283131909,-9.253669816858654e-05,-1.8397171249547075e-05,-2.3923278608644786e-05,0.00032129166435017505,-5.092942007940558e-05,0.00038890272218716684,-0.00034914582068026233,-0.00028315305271805764,8.570641913106271e-05,1.981329547831149e-05
13,0.0004930627596332287,-8.707776681889932e-05,3.3443389949755515e-05,-0.0001416193051057226,-9.0216298513221e-05,7.13057933912629e-06,-2.465417567743069e-05,-0.00028205008459892823,-0.0003710431818411481,5.658075931690369e-05,7.670320750615119e-05,-4.0711970637770466e-05,-9.644357531278245e-05,0.6286190095997282,1.257721545924342e-05,0.00017310526133757772,-0.0003114661330256809,7.198358878002418e-05,1.0090503260015677e-05,2.0940834404427777e-05,-4.65306363866342e-06,3.161778714615406e-05,0.00019868549712209055,0.00021598448979093658,0.00010541275278196807,-2.9112774624186076e-05,-3.226759722034603e-05,1.1146666744610182e-05,-3.218181965028461e-05,0.0001044569925035286,1.8115754820327968e-05,-3.5175152089147504e-05,-8.338055894473894e-05,-4.3477947037174e-05,3.848882238538195e-06,-9.604234088667024e-05,-0.00029646195588740946,0.00018848321886685084,-9.012650128423146e-05,-0.00011112525590220907,-2.6947375258140606e-05,1.774060147933308e-06
14,-0.0024491970567856007,0.000659385325089563,-0.0025556952513119285,0.0006404049245366717,0.00032121000030562976,7.96559882243025e-05,-0.00013445726590307716,-0.0017913586059241217,-0.0002963796967382738,0.0007517140917191628,0.0009081914260086094,0.00013987355716627134,3.720847070650307e-05,1.257721545924342e-05,36.48065672608869,0.0006040888073919367,0.0015780344555186294,-0.0002715085826832388,-0.00070728828129427,3.870026977108265e-05,-1.6342174353875654e-05,-0.001807715395797238,0.0022033157318336783,-0.0003431228959777603,0.00029994818633712815,-0.0001209703636134539,7.73783173385797e-05,-0.00010410606251040269,-0.0008054073758256809,0.0005475701020687778,-0.00021953891366914978,-0.0005894443770715519,0.00024133349986350862,7.891137657801124e-06,-0.0001415791942732313,-0.0002929165647059132,-0.0015952089664813358,-0.0007612208862604842,-0.002223531412664808,-0.0006591382575221086,-4.724366878206954e-05,-0.00014641506696977735
15,0.002997315488658622,0.0008002154591398192,-0.0015523420328185367,0.0004293797668558908,-0.0004394349691767874,0.00042912182901994625,-9.651248664911819e-05,0.0012330721166156787,-0.001104607731907803,-0.0001697637416838138,0.0003084583422102273,-0.0008825010775548304,-9.894367026156154e-05,0.00017310526133757772,0.0006040888073919367,39.06509905706804,-0.00043271474066059303,-0.0009854682350979715,-0.0003158193771631597,-0.0003597906753971042,-5.2054134644428006e-05,0.0013648878153058766,0.00019111293591879657,-0.0022890494881727965,-9.021723942019138e-05,-0.00018033260290444464,0.00031282417950946053,5.753823910775897e-05,-0.0017065641109541352,0.0006437308910955562,-0.0002868384697509181,8.391827186335501e-05,0.0007069037717699795,-3.5246594212574243e-06,0.000115702129150424,0.0021636990568901253,-0.0009068467884107293,-0.0007092340091031424,0.0007382897900788955,1.2558545392379409e-05,1.2245126616868947e-05,2.191978645251908e-05
16,-0.0010438597904099105,0.0011178067441015335,0.001502302736302688,-0.0006790106674671708,0.000735187336758027,0.00015082470392602696,0.00012735024178805573,0.0019688461041013194,0.001194028641578919,-0.0008509233760095925,-0.001024406488503684,0.0003941017462351023,0.0005516623468207473,-0.0003114661330256809,0.0015780344555186294,-0.00043271474066059303,48.51275753995113,-0.0014447055933499312,-0.00030229162351598065,-3.625903427917075e-05,7.33327585659063e-05,-0.002490505008916488,0.000507017067031879,0.0014685539967934915,0.0002530205600283747,-0.0004060785729452,-0.0002526553908000017,0.0001248486238647392,0.0003836340649018896,-0.001770365947653094,-0.0012603348519105019,-0.0003028639234382088,0.0002901315344461322,0.00017173259083710688,-0.00010555818741879902,0.0036323326785764978,0.0012347138426850076,-0.0031398448112526034,0.0013734056528443702,-0.00012978068911670402,-0.0004178500742754025,9.583373823980918e-05
17,0.0009657715813542996,0.0004311267055000231,-0.00011381100391280987,-0.00016209311113990615,0.0003306595075148557,-0.0003367447951490015,-5.650453239212223e-05,-0.0028006885043193657,-0.0018236359770442453,-0.0005438542855122513,-0.0006396093391767637,-0.00015053229434131644,-0.00030917757186590234,7.198358878002418e-05,-0.0002715085826832388,-0.0009854682350979715,-0.0014447055933499312,21.70790256577226,-0.0001446793259733563,5.438579908673072e-05,3.7328039724949654e-05,-0.000858324439680258,0.0010607213480529859,-0.0005828056097299926,-0.0006138203870079263,-1.019854742937936e-05,2.7729349789203406e-05,-1.804652298659844e-05,0.0012777879255335108,-0.0011647326309713148,0.00019612925649110328,3.463713554968131e-05,-0.00025210898837213903,-0.00024298846807878902,-3.584224460685867e-05,-0.001629755494904038,0.0014987546272012876,-0.0013261324899392262,4.224127902369724e-05,-0.00030247237031228976,2.251162189215787e-05,7.607641225253786e-05
18,-0.0007541165265719406,-0.0005563886056840223,0.00016532111920493267,0.00019982568332888598,-6.187314617414421e-05,-1.2362646224722313e-05,9.698213176799829e-05,-0.001336152581125,-0.00023123071883902335,-7.340764740173258e-05,6.91498856758957e-05,9.644040569905994e-05,-0.00010706092374501403,1.0090503260015677e-05,-0.00070728828129427,-0.0003158193771631597,-0.00030229162351598065,-0.0001446793259733563,4.029269652683199,1.5013339725274122e-05,-5.947134963158834e-05,-0.0010533530770790753,-0.0005269443645420683,-0.0005652663488528177,-0.00013006254525689125,5.43357819875635e-06,2.8771760244328854e-05,5.059945809434473e-05,2.2202550666803587e-05,-5.4583142457530814e-05,-0.00011535582496370139,-5.978089540865211e-05,0.00020871860014593999,-4.894400056130399e-05,-1.537752702538121e-05,-0.0005030107032419317,-4.74000671902936e-06,-0.00015716969574554763,-0.00018838857151752067,-0.00011413941909116554,-1.0439294093316932e-05,3.6507053454932234e-05
19,0.0006564557903531809,0.0001201122258211406,9.922855511979676e-05,5.0714816472170556e-05,-8.948102419227333e-05,3.7479272402411396e-05,-5.852803256401715e-06,-0.00014176715206892278,-4.6376838890876765e-05,6.612927336738677e-05,-0.00011288537852177484,3.01474687839051e-05,1.62478008480058e-05,2.0940834404427777e-05,3.870026977108265e-05,-0.0003597906753971042,-3.625903427917075e-05,5.438579908673072e-05,1.5013339725274122e-05,1.074253225909681,-6.459990795588063e-06,3.7757159439003095e-05,-2.065364512890079e-05,0.00014506770051746074,-2.5435949028223682e-05,-3.751918008290835e-05,3.49043847475343e-05,1.7808605693015098e-05,0.0002265374483778979,-0.00010736013044088875,-8.544047401481802e-05,-6.559056916808544e-05,4.9645081625674817e-05,1.747696917229916e-05,1.4968502405767328e-05,-0.00023268690609659333,0.0003399418013731093,-0.00013207983259952,-2.8639135013424602e-05,1.8840136482027065e-05,-1.5355394387156072e-05,-1.2274910674785773e-05
20,-0.00024206125923299264,9.962792515277829e-05,-0.00019151709966387995,-1.6411625935509976e-05,-1.2173532150453003e-05,-1.096377694713216e-05,1.6887280521610026e-05,-9.671792712775016e-05,0.00014075771588648478,-3.7457143686000276e-05,-2.9897258352476296e-05,8.753891750436555e-05,-1.8858636797095108e-05,-4.65306363866342e-06,-1.6342174353875654e-05,-5.2054134644428006e-05,7.33327585659063e-05,3.7328039724949654e-05,-5.947134963158834e-05,-6.459990795588063e-06,0.28287668863879856,2.0825116540590307e-05,-9.971255601399546e-06,6.86223527414951e-05,-7.327906206393667e-05,3.0011174499707572e-05,-1.6688315463636486e-05,3.1834293920615825e-06,2.520922720377482e-05,-4.430402294209022e-05,-1.7633318126325134e-05,-6.93431596017194e-05,-3.244558110134094e-05,-5.627835506803254e-06,-5.3060160173541585e-06,-0.00012571442541941464,-3.5896880766574624e-06,-9.067434913364396e-06,1.4994758516927651e-05,3.0367855160002496e-05,3.01501995442897e-06,-5.114160326504095e-06
21,-0.0031929851746392746,0.00046521894493270195,0.001426464188449568,0.0005162052752621274,-0.00031993399007103536,0.00010798948675208701,8.926936245715179e-05,0.002686428545753615,-0.0021875235828210616,0.0006885650531925182,-0.0011087396976844168,-0.0009699958042628191,-2.827140378029654e-05,3.161778714615406e-05,-0.001807715395797238,0.0013648878153058766,-0.002490505008916488,-0.000858324439680258,-0.0010533530770790753,3.7757159439003095e-05,2.0825116540590307e-05,101.79365537520647,-0.0014815993096281464,0.0019404635316899305,0.0026400159172649405,-0.000910947060675587,0.00021811760186084232,0.00012180460914356038,0.001119797361949513,-0.0001261419871272288,0.0008179429641140705,0.002288366113604521,-2.059421991518495e-06,0.0006869305409373304,-6.422879655056979e-06,-0.0002714161614979805,-0.0008958430749806377,0.0016927194200733794,-0.0018405966154850636,-0.001238387157642257,-5.740352911494952e-05,-5.811194662553782e-06
22,0.0029202057515025593,-0.0006235817284979568,0.001244794968306214,0.0014022961915413999,-0.0006712756949876821,-0.00018318568006858512,-9.238037599225509e-05,0.002104225762168974,0.0002317752088916136,0.00039955193949065107,3.232757144860352e-06,-0.00016362189044661168,0.000153882590502175,0.00019868549712209055,0.0022033157318336783,0.00019111293591879657,0.000507017067031879,0.0010607213480529859,-0.0005269443645420683,-2.065364512890079e-05,-9.971255601399546e-06,-0.0014815993096281464,33.67528233436987,0.0009034844769283108,0.0005757568267990569,-5.859961543903786e-05,-0.0001902689372969156,0.00017240618221227319,0.0015035107844127429,0.0005016957141312007,-0.0015559656194063364,-0.0002659255331247848,-0.00038933333587793366,0.0005533832526545566,-9.81027168401257e-05,-0.004133801555059683,-0.0002820417285475361,0.0001960519325628442,0.0014491278807390031,0.00012630999755262586,0.00023005653964219724,-5.047925597244875e-05
23,-0.002060021626781984,-0.0013183235965838157,0.0016274238901206948,-0.0010526096913573485,0.00028647248624216347,-0.0001968740362365325,3.870926981882302e-05,-0.0006167680897562393,0.0005760506991496402,0.0008240434686074668,-0.0014422086892835419,-0.0012478257367906293,-0.00018122478559784569,0.00021598448979093658,-0.0003431228959777603,-0.0022890494881727965,0.0014685539967934915,-0.0005828056097299926,-0.0005652663488528177,0.00014506770051746074,6.86223527414951e-05,0.0019404635316899305,0.0009034844769283108,50.36356271570104,6.663620774944024e-05,-0.0003467136679319717,-0.00026311317946982777,-2.9371618965276678e-05,-1.7051423427657516e-05,-0.0006557355223028062,0.0009195195452733176,-0.0005549810487683842,0.0007234921127431413,0.00015695580828162657,-7.695673487731862e-06,0.00014973442722619791,-0.0007219393868648996,0.0014470375933032474,5.330086043250271e-05,-0.00042807589688405827,7.721084849705804e-05,0.0001487183386337335
24,0.00045999191755034905,0.00021879453523010806,-0.000600082564952967,0.0001875863582106271,5.421654920026248e-05,-4.158649669140205e-05,7.08686627443115e-05,-4.877954727355851e-05,-0.00010280293752190292,0.0003832930355862908,4.5328170394128024e-05,-0.00021796642776778435,1.4720424307559809e-05,0.00010541275278196807,0.00029994818633712815,-9.021723942019138e-05,0.0002530205600283747,-0.0006138203870079263,-0.00013006254525689125,-2.5435949028223682e-05,-7.327906206393667e-05,0.0026400159172649405,0.0005757568267990569,6.663620774944024e-05,7.630077000218752,-0.00022881730202906295,0.00013506189763559236,3.7183052061493028e-06,0.0010622524415665675,-0.0007955854005799939,0.0004559883669986848,7.527326820723523e-05,-0.0003562486431090729,5.4799757987119856e-05,3.496173809790245e-05,-0.000522469280023987,0.0010989464943713268,0.0001610741089043136,0.0007486723252229788,0.00041620263038098066,-0.0001620435420451402,-2.0692606525806573e-05
25,-0.00014239268543868788,0.0004906989640090283,7.736808408098151e-05,-0.00012933779150388645,-0.00024519707475780385,5.381439215975934e-05,-2.17432120099343e-05,-5.764301194387237e-07,-0.00012179841547875455,-0.00031017156413854516,-0.0003629931581388801,-5.990651676891276e-05,-4.695191268574378e-05,-2.9112774624186076e-05,-0.0001209703636134539,-0.00018033260290444464,-0.0004060785729452,-1.019854742937936e-05,5.43357819875635e-06,-3.751918008290835e-05,3.0011174499707572e-05,-0.000910947060675587,-5.859961543903786e-05,-0.0003467136679319717,-0.00022881730202906295,2.8043239882037105,-3.7828598029731656e-05,1.6609141056677792e-05,0.000604594676104795,-0.00015084820556631636,0.0002463243080026321,0.0001712393191275607,0.00011221046788413318,1.8177183619972636e-05,3.90759176233054e-06,-0.0003805160208460724,-0.00045726108592402206,0.0002763421186800248,-0.00022444998985983016,0.00015456230570432575,-6.506561477178383e-05,1.8343878824759578e-05
26,0.0004186622565105859,-6.150057447321969e-05,-0.00017618653890500707,-5.3104019696595603e-05,-0.00018394811997078027,1.6531260408943888e-05,2.5064920114237578e-05,-0.0004334123313331024,-0.0004253481305157216,-0.00018385736687225748,2.2089757776467963e-05,9.746071912720508e-05,0.00013527929538993536,-3.226759722034603e-05,7.73783173385797e-05,0.00031282417950946053,-0.0002526553908000017,2.7729349789203406e-05,2.8771760244328854e-05,3.49043847475343e-05,-1.6688315463636486e-05,0.00021811760186084232,-0.0001902689372969156,-0.00026311317946982777,0.00013506189763559236,-3.7828598029731656e-05,1.689714625208749,4.9481764101068796e-06,-0.0003101174283644545,6.916518364256171e-05,-2.9697934793426704e-05,-6.433525644493626e-05,-3.0292940129888442e-05,3.2621039266308675e-05,5.900018454981043e-06,0.00027365692307647935,3.0744849358282467e-05,-3.821450227625862e-05,0.0002859171597139882,5.4595756517730176e-05,3.524127570719194e-05,4.90324591638603e-05
27,-7.522651730230341e-05,0.00012981531563697286,-3.209935231728776e-05,-0.00020058009860925318,-1.3025928356390246e-05,-7.979521737257167e-06,9.364142805160616e-06,0.00021418552177479593,-5.5184068595224165e-05,4.175596226105548e-05,-1.8520874693701366e-05,-3.797665047175073e-06,3.416999304881046e-05,1.1146666744610182e-05,-0.00010410606251040269,5.753823910775897e-05,0.0001248486238647392,-1.804652298659844e-05,5.059945809434473e-05,1.7808605693015098e-05,3.1834293920615825e-06,0.00012180460914356038,0.00017240618221227319,-2.9371618965276678e-05,3.7183052061493028e-06,1.6609141056677792e-05,4.9481764101068796e-06,0.19122337670124281,-0.00015631358958895323,4.486423369133995e-05,9.589270030445929e-05,4.191284582268455e-05,5.0590056180557577e-05,9.361469774954066e-06,-3.593542665344199e-07,0.0001357420640696178,1.8274691594082558e-05,-3.7503707193506314e-05,7.535055715774132e-05,-5.604477522143234e-05,-2.616501215612824e-05,-2.0835601827390198e-06
28,-0.001978755890624023,0.0011370333500568593,-0.0003759503962555631,0.00014865879580381287,1.3869369054192197e-05,-0.00016920664658441644,0.0004605996193602678,0.0013253687424501703,0.0006457049474320466,-0.0005473459425161156,-0.0009020689755403693,-0.0008953204559327044,0.00021664954876968791,-3.218181965028461e-05,-0.0008054073758256809,-0.0017065641109541352,0.0003836340649018896,0.0012777879255335108,2.2202550666803587e-05,0.0002265374483778979,2.520922720377482e-05,0.001119797361949513,0.0015035107844127429,-1.7051423427657516e-05,0.0010622524415665675,0.000604594676104795,-0.0003101174283644545,-0.00015631358958895323,64.27389410662339,-0.0013919847606537383,-0.0013329919584994948,0.0005239097543359707,-0.00015373328433348452,-0.0002730339644828785,6.94021077018154e-05,-0.003429460811187697,-0.0010495143276807195,0.0013282346523365255,-0.0019346155792833919,-4.906223047396497e-05,-8.343469876620598e-05,6.661642528221594e-05
29,-0.002751011257078088,-0.0007699141341881842,0.0015506040496404729,0.0004786237104577898,0.0003088434699524521,4.0073591245484125e-05,-3.8266397368712976e-05,0.0034505046324823066,0.001243533343074411,0.0016084699634142492,0.0009474510606357716,-0.001002224517599938,-1.4906676934631541e-05,0.0001044569925035286,0.0005475701020687778,0.0006437308910955562,-0.001770365947653094,-0.0011647326309713148,-5.4583142457530814e-05,-0.00010736013044088875,-4.430402294209022e-05,-0.0001261419871272288,0.0005016957141312007,-0.0006557355223028062,-0.0007955854005799939,-0.00015084820556631636,6.916518364256171e-05,4.486423369133995e-05,-0.0013919847606537383,34.92678370306334,0.00018202613783211934,2.7052159778768505e-05,0.00020217934865744794,0.00012794989897545604,6.039513071497059e-05,-0.0017798267914645289,0.00063611483910524,-0.0008336725668279475,-0.0007848916292410344,9.118428637593769e-05,-0.0002657896166194466,-3.926609057400523e-05
30,0.0013755654829817718,-0.0016332217346987266,0.0015572322110301883,0.00012327965366544616,0.00019404591699073866,0.00016605302991709117,-8.310940782482142e-05,0.0009011563901491496,0.001022140791779488,0.00024420388485167,-0.0026578714690840247,0.000178873962096515,-0.00014257188101420422,1.8115754820327968e-05,-0.00021953891366914978,-0.0002868384697509181,-0.0012603348519105019,0.00019612925649110328,-0.00011535582496370139,-8.544047401481802e-05,-1.7633318126325134e-05,0.0008179429641140705,-0.0015559656194063364,0.0009195195452733176,0.0004559883669986848,0.0002463243080026321,-2.9697934793426704e-05,9.589270030445929e-05,-0.0013329919584994948,0.00018202613783211934,29.16423477618409,4.852748089132305e-05,-0.00012452477828110573,-0.00013239516211827906,0.00016353414424763723,0.00048680548937855725,-0.0012515036319190836,-0.0013103638788993439,3.166075102834444e-05,0.0001390912663976205,8.089076395727917e-05,2.3866836196078222e-05
31,-0.0016505559651073414,0.0006224521431583621,-0.0003003460583014973,0.00010174975007685333,0.00019039776677424243,-1.2410712940660169e-05,0.00012422861012454663,-0.0009643249532748045,-0.0007087593330481801,0.0002312135507145638,-0.00015413247003193757,-2.9705066533305105e-05,0.0002936876283131909,-3.5175152089147504e-05,-0.0005894443770715519,8.391827186335501e-05,-0.0003028639234382088,3.463713554968131e-05,-5.978089540865211e-05,-6.559056916808544e-05,-6.93431596017194e-05,0.002288366113604521,-0.0002659255331247848,-0.0005549810487683842,7.527326820723523e-05,0.0001712393191275607,-6.433525644493626e-05,4.191284582268455e-05,0.0005239097543359707,2.7052159778768505e-05,4.852748089132305e-05,7.574658838310708,3.7892010742381366e-05,8.399455882293241e-05,-1.1511807375782221e-05,-0.00011947947673565627,0.00019700084830884926,-0.000553602846106301,-0.0001548765159166192,4.8150476011482975e-05,9.946842757217193e-05,2.6846598679632026e-05
32,-0.0009763265339467304,2.442592185031085e-05,1.3026135789090753e-05,-0.00045875698661512895,1.1518891942010273e-05,2.97152009350184e-05,4.952676093813553e-05,-0.00035787543408886073,-0.00036103012607166475,2.3899936765171167e-05,0.00024653156688336905,6.657450020080985e-05,-9.253669816858654e-05,-8.338055894473894e-05,0.00024133349986350862,0.0007069037717699795,0.0002901315344461322,-0.00025210898837213903,0.00020871860014593999,4.9645081625674817e-05,-3.244558110134094e-05,-2.059421991518495e-06,-0.00038933333587793366,0.0007234921127431413,-0.0003562486431090729,0.00011221046788413318,-3.0292940129888442e-05,5.0590056180557577e-05,-0.00015373328433348452,0.00020217934865744794,-0.00012452477828110573,3.7892010742381366e-05,3.510376033041016,0.00017249456227697244,2.6758782180901392e-05,0.0007341554075036533,-0.0002819522324738353,0.000126501950044075,0.0005788911195036121,0.0002353922378007248,-2.7954452846335514e-05,-1.1558750609038e-05
33,0.0005400498300494408,-0.0001701527339467799,-9.349142012133487e-05,-0.00014299375204884592,0.00014150006775770656,-4.9745137014592305e-05,-1.211241949919399e-05,6.286939507677922e-05,-2.3487521784943787e-07,-0.00011542583687942158,0.00013718470788198973,0.00017184453758150355,-1.8397171249547075e-05,-4.3477947037174e-05,7.891137657801124e-06,-3.5246594212574243e-06,0.00017173259083710688,-0.00024298846807878902,-4.894400056130399e-05,1.747696917229916e-05,-5.627835506803254e-06,0.0006869305409373304,0.0005533832526545566,0.00015695580828162657,5.4799757987119856e-05,1.8177183619972636e-05,3.2621039266308675e-05,9.361469774954066e-06,-0.0002730339644828785,0.00012794989897545604,-0.00013239516211827906,8.399455882293241e-05,0.00017249456227697244,1.0568895804851648,2.920960679394234e-05,0.00041388401165686525,-0.00010116937590742363,3.4979069465721287e-05,0.00020400626831640199,6.558819540715642e-05,4.42579989279697e-06,-5.528483350257502e-06
34,3.975626760150707e-05,4.1206160073558546e-05,6.600611240929757e-05,-1.0036725781766004e-05,-1.2548397333352266e-05,1.0153343663773567e-05,-6.647698879013907e-06,-0.00015527871672577043,8.156817045318899e-05,-1.654502849025789e-05,3.8296302262789404e-05,4.5540352109490004e-05,-2.3923278608644786e-05,3.848882238538195e-06,-0.0001415791942732313,0.000115702129150424,-0.00010555818741879902,-3.584224460685867e-05,-1.537752702538121e-05,1.4968502405767328e-05,-5.3060160173541585e-06,-6.422879655056979e-06,-9.81027168401257e-05,-7.695673487731862e-06,3.496173809790245e-05,3.90759176233054e-06,5.900018454981043e-06,-3.593542665344199e-07,6.94021077018154e-05,6.039513071497059e-05,0.00016353414424763723,-1.1511807375782221e-05,2.6758782180901392e-05,2.920960679394234e-05,0.11143608632580343,3.3761023935372474e-05,-8.245893596649767e-05,-0.00012571846671371664,-3.877299110203975e-05,-1.5085747375265976e-05,5.449954756250475e-07,6.874820375715488e-06
35,0.0018174629073280974,0.0025247458475924954,-0.0001503814627997499,0.0012118034236009896,-0.0008161128222652094,-0.00012898743650592958,-3.686047924290494e-05,-0.0009643283007260768,0.00042527937318122207,0.00013211926362280397,-0.00392319417678367,0.00016150630639596503,0.00032129166435017505,-9.604234088667024e-05,-0.0002929165647059132,0.0021636990568901253,0.0036323326785764978,-0.001629755494904038,-0.0005030107032419317,-0.00023268690609659333,-0.00012571442541941464,-0.0002714161614979805,-0.004133801555059683,0.00014973442722619791,-0.000522469280023987,-0.0003805160208460724,0.00027365692307647935,0.0001357420640696178,-0.003429460811187697,-0.0017798267914645289,0.00048680548937855725,-0.00011947947673565627,0.0007341554075036533,0.00041388401165686525,3.3761023935372474e-05,89.90865062114327,-0.001384463356879989,-0.0014356966366769384,-0.0009280864819653332,0.0007024510200219465,-0.0001422822958903332,-0.00010177509876027889
36,0.002715059630756388,-0.0012710525723232966,0.0013962279560106995,0.0007361269124637713,0.000164242589006489,0.00013043981249536,8.928720140231627e-06,-0.00368988763391282,0.0006188409586002426,-0.00017939225635882526,-0.002537030364406812,-8.034622688513178e-05,-5.092942007940558e-05,-0.00029646195588740946,-0.0015952089664813358,-0.0009068467884107293,0.0012347138426850076,0.0014987546272012876,-4.74000671902936e-06,0.0003399418013731093,-3.5896880766574624e-06,-0.0008958430749806377,-0.0002820417285475361,-0.0007219393868648996,0.0010989464943713268,-0.00045726108592402206,3.0744849358282467e-05,1.8274691594082558e-05,-0.0010495143276807195,0.00063611483910524,-0.0012515036319190836,0.00019700084830884926,-0.0002819522324738353,-0.00010116937590742363,-8.245893596649767e-05,-0.001384463356879989,44.4666625732184,0.0008955426009497114,-4.325250489122187e-05,-5.864293310469833e-05,-4.705317646070263e-05,2.6474978166076015e-05
37,-0.004178633737410989,-8.002933119455369e-05,0.00032222497315637896,0.0002090630827005074,-0.0007277178049401572,-0.00022055992388725766,8.420401056065585e-05,0.00031328735576286907,-0.001445955812951018,0.00067863544369004,0.00108301555572,0.0009509356364889982,0.00038890272218716684,0.00018848321886685084,-0.0007612208862604842,-0.0007092340091031424,-0.0031398448112526034,-0.0013261324899392262,-0.00015716969574554763,-0.00013207983259952,-9.067434913364396e-06,0.0016927194200733794,0.0001960519325628442,0.0014470375933032474,0.0001610741089043136,0.0002763421186800248,-3.821450227625862e-05,-3.7503707193506314e-05,0.0013282346523365255,-0.0008336725668279475,-0.0013103638788993439,-0.000553602846106301,0.000126501950044075,3.4979069465721287e-05,-0.00012571846671371664,-0.0014356966366769384,0.0008955426009497114,43.940507863580606,-9.189380888201978e-05,0.0005026728414966414,6.96361275528159e-05,1.3537649211539702e-05
38,-0.0005630998390726489,0.00040519253227046817,-0.0023397879356583115,0.0014494871648134508,0.0010125756486059681,0.0002772548089539037,0.00015309964109084279,-0.004409674587576351,0.001883070107108072,-0.0008122638363837551,0.00070365418926039,0.0005701399904775754,-0.00034914582068026233,-9.012650128423146e-05,-0.002223531412664808,0.0007382897900788955,0.0013734056528443702,4.224127902369724e-05,-0.00018838857151752067,-2.8639135013424602e-05,1.4994758516927651e-05,-0.0018405966154850636,0.0014491278807390031,5.330086043250271e-05,0.0007486723252229788,-0.00022444998985983016,0.0002859171597139882,7.535055715774132e-05,-0.0019346155792833919,-0.0007848916292410344,3.166075102834444e-05,-0.0001548765159166192,0.0005788911195036121,0.00020400626831640199,-3.877299110203975e-05,-0.0009280864819653332,-4.325250489122187e-05,-9.189380888201978e-05,43.74996147728891,0.00026020461820487476,0.0002567844121514708,5.776982430541431e-05
39,0.0006292063294541464,-8.577775348919468e-05,-0.0004649346870792796,0.000500888918802076,0.00017833872124670028,6.445262335395748e-05,2.6746172005349807e-05,0.0005664464146535877,0.00033724959208465786,-2.0823867928596313e-05,-3.6948754068852505e-05,-0.00037654621757977056,-0.00028315305271805764,-0.00011112525590220907,-0.0006591382575221086,1.2558545392379409e-05,-0.00012978068911670402,-0.00030247237031228976,-0.00011413941909116554,1.8840136482027065e-05,3.0367855160002496e-05,-0.001238387157642257,0.00012630999755262586,-0.00042807589688405827,0.00041620263038098066,0.00015456230570432575,5.4595756517730176e-05,-5.604477522143234e-05,-4.906223047396497e-05,9.118428637593769e-05,0.0001390912663976205,4.8150476011482975e-05,0.0002353922378007248,6.558819540715642e-05,-1.5085747375265976e-05,0.0007024510200219465,-5.864293310469833e-05,0.0005026728414966414,0.00026020461820487476,4.96324957461684,-7.158884225971909e-05,7.382848553884875e-05
40,0.0003096301158682092,4.513936263166647e-05,0.0002040090747822158,-0.00012505294158478262,4.37499721652283e-05,8.82080157622361e-05,-7.614071901002546e-06,0.00030925642117769894,-0.0001901211899838104,-0.00013517098840204933,-0.00019493954355116617,-2.4696831467163355e-05,8.570641913106271e-05,-2.6947375258140606e-05,-4.724366878206954e-05,1.2245126616868947e-05,-0.0004178500742754025,2.251162189215787e-05,-1.0439294093316932e-05,-1.5355394387156072e-05,3.01501995442897e-06,-5.740352911494952e-05,0.00023005653964219724,7.721084849705804e-05,-0.0001620435420451402,-6.506561477178383e-05,3.524127570719194e-05,-2.616501215612824e-05,-8.343469876620598e-05,-0.0002657896166194466,8.089076395727917e-05,9.946842757217193e-05,-2.7954452846335514e-05,4.42579989279697e-06,5.449954756250475e-07,-0.0001422822958903332,-4.705317646070263e-05,6.96361275528159e-05,0.0002567844121514708,-7.158884225971909e-05,1.3896556524114079,3.2414964024973876e-06
