,4,5,6,7,8,9,10
4,1222.3342392698905,0.013689995488759859,0.007967068167006635,0.0014147141402201116,-0.0005780319310616016,-0.0006689295042618515,4.881947772946973e-05
5,0.013689995488759859,240.9701129765261,0.003347683668896686,0.0016385227566959603,-0.00032087284260558105,-0.00044957056694197356,-0.00015099910738265628
6,0.007967068167006635,0.003347683668896686,59.2395394847173,0.0007572241652485942,-8.6278617262773e-05,6.948594187188061e-05,-2.787371475261385e-05
7,0.0014147141402201116,0.0016385227566959603,0.0007572241652485942,10.870211958035163,8.646550775609457e-05,-2.3174372861622022e-05,-4.2072539072809286e-05
8,-0.0005780319310616016,-0.00032087284260558105,-8.6278617262773e-05,8.646550775609457e-05,2.0905389233075877,-2.706233155255511e-05,-8.938653404907762e-06
9,-0.0006689295042618515,-0.00044957056694197356,6.948594187188061e-05,-2.3174372861622022e-05,-2.706233155255511e-05,0.3877175255340727,1.416014288046405e-06
10,4.881947772946973e-05,-0.00015099910738265628,-2.787371475261385e-05,-4.2072539072809286e-05,-8.938653404907762e-06,1.416014288046405e-06,0.06164128142066642
