,2,3,4,5,6,7,8
2,0.0,0.0,0.0,0.0,0.0,0.0,0.0
3,0.0,5098993.584966176,-230.39197641927424,12.580557883910668,-2.539268462941418,-1.932995541992769,0.23125691913209884
4,0.0,-230.39197641927424,3750231.7296731556,-15.303486496059582,8.13076440180196,2.5855822775626214,0.438935762204517
5,0.0,12.580557883910668,-15.303486496059582,342948.05670640845,-0.08989153759200197,0.04736575150504786,0.1608427273196668
6,0.0,-2.539268462941418,8.13076440180196,-0.08989153759200197,48126.189872997704,0.0561544002659462,0.06979393234905436
7,0.0,-1.932995541992769,2.5855822775626214,0.04736575150504786,0.0561544002659462,2423.2416998605736,-0.02256315733706927
8,0.0,0.23125691913209884,0.438935762204517,0.1608427273196668,0.06979393234905436,-0.02256315733706927,53.1189677057903
