,2,3,4,5,6,7,8,9
2,149431.51587823138,0.738559049133525,0.9009640260369313,-0.2143562282623157,0.1504801226414732,0.07032774729589761,-0.00965928974115106,-0.0027123591829500493
3,0.738559049133525,35040.81647853035,-0.7100106355923292,-0.0950069416896696,0.05246946694384882,-0.007011682866074853,0.005425378012246442,-0.0037683366270994567
4,0.9009640260369313,-0.7100106355923292,9486.664570060277,-0.045732926884798464,0.021329983864093186,0.049036532932842984,0.00034493262933159063,0.00019392072364587986
5,-0.2143562282623157,-0.0950069416896696,-0.045732926884798464,2239.655748446884,-0.022477625886946635,-0.01930678934858184,-0.000756344877696993,-0.00010962304775599221
6,0.1504801226414732,0.05246946694384882,0.021329983864093186,-0.022477625886946635,429.1074638159427,0.0025967913897341787,0.0008185720686682507,0.00015205505961985455
7,0.07032774729589761,-0.007011682866074853,0.049036532932842984,-0.01930678934858184,0.0025967913897341787,70.69139570033741,-0.00042517270618759226,0.00047371543343784696
8,-0.00965928974115106,0.005425378012246442,0.00034493262933159063,-0.000756344877696993,0.0008185720686682507,-0.00042517270618759226,10.011355966793806,4.795011063806648e-05
9,-0.0027123591829500493,-0.0037683366270994567,0.00019392072364587986,-0.00010962304775599221,0.00015205505961985455,0.00047371543343784696,4.795011063806648e-05,0.9258394434599324
