,2,3,4,5,6,7,8,9
2,18632.04940216584,0.0992548578777924,0.1515124390801751,-0.04275025871667924,0.03823544147081738,0.02316917650253675,-0.004720190705324727,-0.0026469216533441774
3,0.0992548578777924,4981.682350989122,-0.1168419325012881,-0.018358862158682203,0.012890003660648465,-0.002350497453003222,0.0026814096545313836,-0.0037037452846391257
4,0.1515124390801751,-0.1168419325012881,1578.0360097391044,-0.009051250760165087,0.005298716620688808,0.016165876580841634,0.00018694798454059594,0.000196706768318265
5,-0.04275025871667924,-0.018358862158682203,-0.009051250760165087,448.5990686804477,-0.005587616694139601,-0.006334917918387317,-0.0003778908760584629,-0.0001125424461968667
6,0.03823544147081738,0.012890003660648465,0.005298716620688808,-0.005587616694139601,106.39747575419949,0.0008458425716936945,0.00040110980729299707,0.00014511866348279132
7,0.02316917650253675,-0.002350497453003222,0.016165876580841634,-0.006334917918387317,0.0008458425716936945,23.022409169155956,-0.00020849396762907623,0.00046185167535712666
8,-0.004720190705324727,0.0026814096545313836,0.00018694798454059594,-0.0003778908760584629,0.00040110980729299707,-0.00020849396762907623,4.853720308701962,4.647547897944935e-05
9,-0.0026469216533441774,-0.0037037452846391257,0.000196706768318265,-0.0001125424461968667,0.00014511866348279132,0.00046185167535712666,4.647547897944935e-05,0.8980327221466365
