,2,3,4,5,6,7,8,9
2,4899.50055492266,0.09757533436427242,0.033400831415413966,0.026803073811543694,0.001352942772761357,0.0002617997471645322,-1.62516805605062e-05,-0.00031267602736457335
3,0.09757533436427242,1238.6371593654655,-0.01427439415184374,0.009988963049106745,-0.000544081877550202,0.0009224331720875468,-0.0009186194236506642,0.0007907428412273882
4,0.033400831415413966,-0.01427439415184374,263.89967032998817,0.002216874305615996,0.0006815610496652152,-0.0013183090497968404,0.0006127859632745045,-0.0002608889598199752
5,0.026803073811543694,0.009988963049106745,0.002216874305615996,51.5336611431718,0.0003403281864494722,0.00019485391456804674,6.885627567475587e-05,-6.638392834523336e-05
6,0.001352942772761357,-0.000544081877550202,0.0006815610496652152,0.0003403281864494722,9.182714997975225,8.058712310006509e-05,4.833612646838796e-05,2.942696202633975e-05
7,0.0002617997471645322,0.0009224331720875468,-0.0013183090497968404,0.00019485391456804674,8.058712310006509e-05,1.6111411537754623,-2.9632693810599925e-05,3.740063994093838e-06
8,-1.62516805605062e-05,-0.0009186194236506642,0.0006127859632745045,6.885627567475587e-05,4.833612646838796e-05,-2.9632693810599925e-05,0.30772420774168296,4.05705139903104e-06
9,-0.00031267602736457335,0.0007907428412273882,-0.0002608889598199752,-6.638392834523336e-05,2.942696202633975e-05,3.740063994093838e-06,4.05705139903104e-06,0.06823138685841267
