,2,3,4,5,6,7,8,9
2,39196.00443937904,0.6830273405498959,0.2004049884924826,0.13401536905772665,0.005411771091044621,0.0007853992414932988,-3.250336112100839e-05,-0.00031267602736457335
3,0.6830273405498959,8670.460115558219,-0.08564636491105859,0.04994481524553311,-0.0021763275101998646,0.002767299516262536,-0.0018372388473012955,0.0007907428412273882
4,0.2004049884924826,-0.08564636491105859,1583.398021979923,0.011084371528077753,0.002726244198660862,-0.0039549271493907485,0.0012255719265489855,-0.0002608889598199752
5,0.13401536905772665,0.04994481524553311,0.011084371528077753,257.6683057158656,0.001361312745797813,0.0005845617437041275,0.00013771255134951394,-6.638392834523336e-05
6,0.005411771091044621,-0.0021763275101998646,0.002726244198660862,0.001361312745797813,36.73085999189993,0.0002417613693001939,9.667225293677557e-05,2.942696202633975e-05
7,0.0007853992414932988,0.002767299516262536,-0.0039549271493907485,0.0005845617437041275,0.0002417613693001939,4.8334234613264915,-5.926538762119801e-05,3.740063994093838e-06
8,-3.250336112100839e-05,-0.0018372388473012955,0.0012255719265489855,0.00013771255134951394,9.667225293677557e-05,-5.926538762119801e-05,0.6154484154833768,4.05705139903104e-06
9,-0.00031267602736457335,0.0007907428412273882,-0.0002608889598199752,-6.638392834523336e-05,2.942696202633975e-05,3.740063994093838e-06,4.05705139903104e-06,0.06823138685841267
