,2,3,4,5,6,7,8,9
2,20586.468210695795,0.11903252660179302,0.17456619933437378,-0.047842290113583714,0.04220766905765937,0.025718718532450124,-0.005050116878434296,-0.003042270134366824
3,0.11903252660179302,5586.912964330141,-0.13297455878872522,-0.021524472055907694,0.014838136121710302,-0.0023326136923619246,0.003141016286133956,-0.00424603460608996
4,0.17456619933437378,-0.13297455878872522,1803.55536090583,-0.010523675955279223,0.00618048970425824,0.018634859314600443,0.00017253736514954824,0.0002424028190397749
5,-0.047842290113583714,-0.021524472055907694,-0.010523675955279223,518.6284038536372,-0.006505928258703243,-0.0073221403060105645,-0.0004584935601971345,-0.00013472162036874214
6,0.04220766905765937,0.014838136121710302,0.00618048970425824,-0.006505928258703243,123.44260625825697,0.0009710290437316322,0.00047149301640267666,0.0001724324024972113
7,0.025718718532450124,-0.0023326136923619246,0.018634859314600443,-0.0073221403060105645,0.0009710290437316322,26.475130616364464,-0.00024676212961134686,0.0005287410679503975
8,-0.005050116878434296,0.003141016286133956,0.00017253736514954824,-0.0004584935601971345,0.00047149301640267666,-0.00024676212961134686,5.56853524689664,5.567466387160105e-05
9,-0.003042270134366824,-0.00424603460608996,0.0002424028190397749,-0.00013472162036874214,0.0001724324024972113,0.0005287410679503975,5.567466387160105e-05,1.0220090511191102
