,2,3,4,5,6,7,8,9,10,11,12,13,14,15,16,17,18,19,20,21,22,23,24,25,26,27,28,29,30,31,32,33
2,41330.18828001286,0.9631271925616326,-2.0904698557153694,-0.25239392923229437,0.823462302242726,0.05138236950507788,-0.016936550458454155,-0.46741009155165214,0.12472321832836451,-0.3615432051724625,-0.2873922321744746,0.12808109008705137,-0.019017351050962188,0.12681841401554997,-0.01226507374191667,0.021304444534866098,-0.015521228310510202,0.13517087243712533,-0.03389503694440483,0.38748418402773716,-0.0485830167526635,-0.009019669542650932,-0.028933939704272653,-0.008962017650663994,-0.03708139496128646,0.028294758395013442,0.004337590535658465,0.00017649724211768103,-0.0006382254462436213,-0.0020772749607833167,-0.00012810502286608746,-3.529822458342564e-05
3,0.9631271925616326,45865.11020307772,0.41892378716644135,0.24433309183891716,1.4079299801542555,0.6128270254967082,0.2211998545151458,0.6645927221024929,0.3881911237243355,0.13752091091668864,-0.10537021926060648,0.3099202866410782,0.10344205787409542,0.17454674500331935,0.15998084158691384,0.07309088414668334,0.028681765404634428,-0.0805799833217376,0.02393824762582007,0.10639996747434562,0.34802077482054833,-0.0182898184850922,-0.04355749143206822,-0.008157345491315951,-0.017937860430769614,-0.00218543047016039,0.00904304920568856,0.0016939031560973146,-0.000716341738247049,0.0009430473322599984,-7.702283842748287e-05,0.00010750887633713819
4,-2.0904698557153694,0.41892378716644135,36991.68202441448,-0.768511559953981,-0.5034661164291865,-0.17514903063239676,0.8903872371300671,-0.32207150777510596,0.22848526072412073,0.3132993403022904,0.47441256035618207,-0.1963416227264197,0.14664016705990457,-0.06093304537806136,-0.12053050976679883,-0.06061795467745084,-0.05682810612525429,-0.05626164327097762,0.16361118769174884,0.1729445574727853,-0.2252661575024549,0.004704810188826566,-0.10068192502868673,0.02000054451885901,0.030469152732120038,-0.00915302649791649,0.0007096359569913889,-0.0065997694115239106,0.0009726327292523257,0.0019756569210890875,0.00016656494532077529,-3.497558765456229e-05
5,-0.25239392923229437,0.24433309183891716,-0.768511559953981,19198.370190080655,-0.4334398385491842,0.23761835816626695,-0.44002128376861654,-0.12050423877349284,-0.24823908769216002,-0.31342670779064413,0.07437242488329344,-0.024660477601138892,-0.05755976044505467,-0.06561714232374313,-0.09765285202956034,0.05074066773278033,0.006358997001309571,-0.006216077863441579,0.014283347622005031,0.0735899117686362,-0.05701635292284079,0.04948970403162482,0.03098536209902694,0.013478607127092923,0.013753942053562828,0.0011089606914681947,-2.7528078045020087e-05,-0.001224474972350867,-0.0003700416144231225,-0.0005009178810737524,0.000654204441999396,4.92933703914861e-05
6,0.823462302242726,1.4079299801542555,-0.5034661164291865,-0.4334398385491842,14356.557965927479,-0.1097771669015154,-0.12658921722597638,-0.20943623300507982,-0.23836225520442014,-0.14820117737218877,0.06868109604967053,0.04828140652262546,-0.020049120214760133,-0.0968256987796332,0.029613270298485386,0.12511894327813863,-0.03707265227611222,-0.04289844493398141,0.06960148429321557,0.02009359356456438,-0.004866142998287449,0.010938290449435244,-0.013339883499893504,0.022380567315143585,0.013341730508545474,-0.009511175734298731,0.002090659738814646,-0.00013222645553042744,0.0008998825201554484,-0.000662529913041112,-0.00014042341330328296,-3.4711125024614156e-05
7,0.05138236950507788,0.6128270254967082,-0.17514903063239676,0.23761835816626695,-0.1097771669015154,9511.996063330991,-0.11010757158257609,0.019206616341839976,0.22705031486977278,0.10837761998159533,0.1236294230515695,0.01940754346511872,0.10875584049385627,-0.05882638382531005,-0.012407979093714286,0.021815584138965675,0.02488503099831616,0.006789762883491744,-0.00021961547800057311,-0.010727761262002792,-0.0004930067752199923,0.0030389563298057268,-0.0013123592479474065,0.060909213929121596,-0.003404402968935375,0.012358515757505498,-0.0037258195948702416,0.0014868060138280245,0.00029213410630876457,0.0004052481153552363,-0.00011177661880999562,-1.9626914849149545e-05
8,-0.016936550458454155,0.2211998545151458,0.8903872371300671,-0.44002128376861654,-0.12658921722597638,-0.11010757158257609,6671.130256703198,-0.1004146300384041,0.11748616993815454,0.16901827706189143,-0.2418237952928256,-0.05587304192931018,0.07166028030124286,-0.003068956898799461,-0.05490038712608128,0.007096668058339944,-0.05628329674533181,0.026660389604467736,-0.007670743533723294,-0.1901283691834605,-0.0010123913488808245,0.0004500537209816828,-0.013721289458377476,-0.025700574336833724,-9.635463369938693e-05,0.0010959543984556046,-0.0005940718654941877,-0.0009734668292824338,0.0008339034681386855,-0.0002719865307172008,-5.6559684584153144e-05,-6.81656083354959e-05
9,-0.46741009155165214,0.6645927221024929,-0.32207150777510596,-0.12050423877349284,-0.20943623300507982,0.019206616341839976,-0.1004146300384041,5965.856277074374,-0.046553666539625914,0.13110314290547823,0.14374017042769435,-0.11746048552153175,0.003807914478309767,-0.026172689058164552,-0.014211010221362744,0.005121251553669256,0.012929067297234224,-0.08920658399736746,0.043438651704471816,-0.03251795078725655,-0.09508322024521543,-0.009802958284721129,0.022971040728227848,-0.003285431536538058,-0.00994636101104949,-0.0015276962346612859,-0.0006313631442719074,0.0006515744852568041,-7.675860865901278e-05,0.0007603265537684513,7.013282323321452e-05,-1.881618726622124e-06
10,0.12472321832836451,0.3881911237243355,0.22848526072412073,-0.24823908769216002,-0.23836225520442014,0.22705031486977278,0.11748616993815454,-0.046553666539625914,3809.7937742684494,-0.0841524413548245,-0.0014059840437990686,-0.015617774697729776,-0.022606201614382836,-0.02387846476613835,-0.007961265113456704,0.027194074895988896,0.010912127642845455,0.031717903186603925,-0.004980596156867428,0.09288911949482051,-0.029014613147558266,0.00249739525517161,0.012275206093780567,-0.0030458220245710133,0.006623597389682966,-0.009370550448786246,-0.0004853888709633587,0.0021930561398985715,0.0003508566364469646,-0.0003540251069125584,-0.000157670888813158,3.683682393489874e-05
11,-0.3615432051724625,0.13752091091668864,0.3132993403022904,-0.31342670779064413,-0.14820117737218877,0.10837761998159533,0.16901827706189143,0.13110314290547823,-0.0841524413548245,2815.681662574416,-0.10738585463270706,-0.013836766461115957,0.06873902866731392,-0.021806113908621198,0.048644619880146185,0.014235988399326237,-0.00039956154820077963,0.0031386865712280353,-0.0346252465297357,0.09151380036637718,0.008707667083851558,0.025487037980070106,0.007558343679948657,-0.00921405473850501,-0.0037081422703254055,0.004492552759579707,-0.0006163930091727676,0.0014073733623710715,-0.00030757464881325005,8.23689219240425e-05,-7.235396686393301e-05,-2.4420294860468544e-05
12,-0.2873922321744746,-0.10537021926060648,0.47441256035618207,0.07437242488329344,0.06868109604967053,0.1236294230515695,-0.2418237952928256,0.14374017042769435,-0.0014059840437990686,-0.10738585463270706,2145.2977719113096,0.10214762141285609,-0.0031161440483282576,0.07252518845351938,-0.07851309509825283,-0.006606444819061547,-0.011945239993632768,0.002041893103103089,-0.01777568709788144,-0.018703915666295663,-0.020475832550113968,-0.00020705150254564977,-0.006422465985808219,0.020136332052054787,-0.00028829334798906943,-0.006361150293642716,-0.00039922020333574493,0.0005442970026247059,-0.00041318939270816005,-0.0003477100568303103,1.6230230869358907e-05,-1.1319855292598216e-05
13,0.12808109008705137,0.3099202866410782,-0.1963416227264197,-0.024660477601138892,0.04828140652262546,0.01940754346511872,-0.05587304192931018,-0.11746048552153175,-0.015617774697729776,-0.013836766461115957,0.10214762141285609,1264.561534134769,-0.01583312226769565,0.02279204384639361,0.02013896755771558,0.016240898902590326,-0.010274201109861717,-0.006063791387998428,-0.002402831871746072,0.005184072098607179,-0.026781350323331125,0.0020624378250596884,0.001480724771456836,0.0035137528871606897,0.0005331804361742587,-0.002228842215239219,-0.0006138867095901274,0.0004293534166462258,0.00017715586416561436,0.00011974277057492992,-0.00010543511535152333,-5.068284132760119e-05
14,-0.019017351050962188,0.10344205787409542,0.14664016705990457,-0.05755976044505467,-0.020049120214760133,0.10875584049385627,0.07166028030124286,0.003807914478309767,-0.022606201614382836,0.06873902866731392,-0.0031161440483282576,-0.01583312226769565,968.6875437475059,-0.0018436125338542168,-0.010873428767593736,-0.008276782819348143,-0.014641351773742673,-0.018791759995201548,-0.005397129546883492,-0.13275216664702869,0.0072213128304579235,-0.004468992432803096,0.012951693861415137,0.007777011408333654,-0.0005857484213667363,-0.0012823217153549251,-0.00014038195578812516,-0.0012349536650061311,-0.00023887497786027908,-0.00027692296620964206,4.411369096988821e-05,-9.114276807965105e-06
15,0.12681841401554997,0.17454674500331935,-0.06093304537806136,-0.06561714232374313,-0.0968256987796332,-0.05882638382531005,-0.003068956898799461,-0.026172689058164552,-0.02387846476613835,-0.021806113908621198,0.07252518845351938,0.02279204384639361,-0.0018436125338542168,835.4640408733824,0.005817407669577483,0.021614874524829006,0.0037983371461741355,-0.013748306912293961,0.01036318140515767,-0.002484076090411277,0.01857821309050021,-0.002106919630413342,0.0016675621241884675,-0.009087755721039608,-0.0019853310875015593,-0.0003240230312066598,-0.0001796600326281322,-0.0004779261851809192,-4.788522502065073e-05,-6.484734336574598e-05,-3.2685975248827804e-05,-1.6222280666399164e-05
16,-0.01226507374191667,0.15998084158691384,-0.12053050976679883,-0.09765285202956034,0.029613270298485386,-0.012407979093714286,-0.05490038712608128,-0.014211010221362744,-0.007961265113456704,0.048644619880146185,-0.07851309509825283,0.02013896755771558,-0.010873428767593736,0.005817407669577483,635.0137363381137,0.05561225330453736,0.009544710524646855,-0.002524312589373931,0.009321069857618379,0.06385085988174617,0.024941968170371007,4.885114077506388e-05,-0.003547123117635615,0.0034173576584996847,0.0011887524676941865,0.0007674483277326852,-0.0003893959913988074,0.00019300187557910582,0.00018488925917800427,-0.000269255426692075,8.540998193624723e-05,-1.7255822368934096e-05
17,0.021304444534866098,0.07309088414668334,-0.06061795467745084,0.05074066773278033,0.12511894327813863,0.021815584138965675,0.007096668058339944,0.005121251553669256,0.027194074895988896,0.014235988399326237,-0.006606444819061547,0.016240898902590326,-0.008276782819348143,0.021614874524829006,0.05561225330453736,491.2102222441522,-0.022785267037214743,0.004179278446194961,-0.001999163988979251,0.00285213945100908,-0.009831556685413028,0.0034724777338681245,0.003239471157148344,-0.0045685386603560646,0.004781081349451672,-0.003580905048739573,-0.00021719348464833358,0.0002006904862972771,0.0001578110477757501,-9.98853293022371e-05,3.497979292214278e-05,5.540534082489899e-06
18,-0.015521228310510202,0.028681765404634428,-0.05682810612525429,0.006358997001309571,-0.03707265227611222,0.02488503099831616,-0.05628329674533181,0.012929067297234224,0.010912127642845455,-0.00039956154820077963,-0.011945239993632768,-0.010274201109861717,-0.014641351773742673,0.0037983371461741355,0.009544710524646855,-0.022785267037214743,260.7560530765913,0.015407939254130202,-0.009105373172184563,-0.009261634011803913,-0.027660327946164933,-0.00032121178645908813,0.0004360280529261432,-0.007331811808793111,0.0023001406644318507,0.0020379249320626775,0.0014042312029458142,-0.0005224265763254253,-0.00019835940394209522,0.0002070577018034075,1.9947241462173668e-05,7.643345847851952e-06
19,0.13517087243712533,-0.0805799833217376,-0.05626164327097762,-0.006216077863441579,-0.04289844493398141,0.006789762883491744,0.026660389604467736,-0.08920658399736746,0.031717903186603925,0.0031386865712280353,0.002041893103103089,-0.006063791387998428,-0.018791759995201548,-0.013748306912293961,-0.002524312589373931,0.004179278446194961,0.015407939254130202,280.76290938459704,0.0034832091695078896,0.022373211507961614,-0.0019029362635836224,-0.0023092776278984773,0.0019326801208508163,-0.00048134550070123665,0.001146401836071357,0.004684262766780896,0.00035359548776838623,-0.00023210905483086382,-5.093188934720361e-05,-0.00015106287088044042,4.7450602618926305e-05,-7.319192522965599e-06
20,-0.03389503694440483,0.02393824762582007,0.16361118769174884,0.014283347622005031,0.06960148429321557,-0.00021961547800057311,-0.007670743533723294,0.043438651704471816,-0.004980596156867428,-0.0346252465297357,-0.01777568709788144,-0.002402831871746072,-0.005397129546883492,0.01036318140515767,0.009321069857618379,-0.001999163988979251,-0.009105373172184563,0.0034832091695078896,192.43357344472088,0.026908832726441168,0.029692702120585838,-0.0012849321884710074,0.0006311024050327151,-0.004894444857114455,0.00030079502103034725,0.0006751410379889058,-0.00018832493541759746,1.8169080876065731e-06,0.00012852269069786414,-4.536241397895126e-05,1.914380579355048e-05,-5.905015397869059e-06
21,0.38748418402773716,0.10639996747434562,0.1729445574727853,0.0735899117686362,0.02009359356456438,-0.010727761262002792,-0.1901283691834605,-0.03251795078725655,0.09288911949482051,0.09151380036637718,-0.018703915666295663,0.005184072098607179,-0.13275216664702869,-0.002484076090411277,0.06385085988174617,0.00285213945100908,-0.009261634011803913,0.022373211507961614,0.026908832726441168,3739.9371909966094,-0.013842404013979308,-0.004293509776702505,0.004925419714007619,0.03410249610195839,-0.002529461559413059,0.0004960850870385388,0.0031684008605736467,-0.0005891760675798625,0.000238251925943023,0.0004775906260126575,-5.422398414320988e-05,5.879542821759953e-05
22,-0.0485830167526635,0.34802077482054833,-0.2252661575024549,-0.05701635292284079,-0.004866142998287449,-0.0004930067752199923,-0.0010123913488808245,-0.09508322024521543,-0.029014613147558266,0.008707667083851558,-0.020475832550113968,-0.026781350323331125,0.0072213128304579235,0.01857821309050021,0.024941968170371007,-0.009831556685413028,-0.027660327946164933,-0.0019029362635836224,0.029692702120585838,-0.013842404013979308,1305.9648104034363,0.010045717670157597,-0.011509849079745053,0.014494496303797571,-0.0003004612794936158,-0.007518731896780072,-0.00011919178178233066,-0.0004689066096773069,0.0005118429119925937,-3.91886845708681e-05,3.685032814398582e-05,6.014544139709171e-05
23,-0.009019669542650932,-0.0182898184850922,0.004704810188826566,0.04948970403162482,0.010938290449435244,0.0030389563298057268,0.0004500537209816828,-0.009802958284721129,0.00249739525517161,0.025487037980070106,-0.00020705150254564977,0.0020624378250596884,-0.004468992432803096,-0.002106919630413342,4.885114077506388e-05,0.0034724777338681245,-0.00032121178645908813,-0.0023092776278984773,-0.0012849321884710074,-0.004293509776702505,0.010045717670157597,70.45809296527595,-5.240739087329928e-05,0.0023906366867705803,8.170378863024723e-05,-0.0008688146517072343,0.0001874680401919839,0.0005780366075970521,-0.000221423011746299,8.085551812470414e-05,3.1361330750110836e-08,7.990544875697384e-06
24,-0.028933939704272653,-0.04355749143206822,-0.10068192502868673,0.03098536209902694,-0.013339883499893504,-0.0013123592479474065,-0.013721289458377476,0.022971040728227848,0.012275206093780567,0.007558343679948657,-0.006422465985808219,0.001480724771456836,0.012951693861415137,0.0016675621241884675,-0.003547123117635615,0.003239471157148344,0.0004360280529261432,0.0019326801208508163,0.0006311024050327151,0.004925419714007619,-0.011509849079745053,-5.240739087329928e-05,130.26810943994045,-0.001433624834847664,0.0005376855473626769,0.002475219929773657,4.48381606890505e-05,-0.0005052732191853713,-0.00013270815151956772,-5.6491437755506694e-05,-1.4642345362228077e-05,7.3745542205891275e-06
25,-0.008962017650663994,-0.008157345491315951,0.02000054451885901,0.013478607127092923,0.022380567315143585,0.060909213929121596,-0.025700574336833724,-0.003285431536538058,-0.0030458220245710133,-0.00921405473850501,0.020136332052054787,0.0035137528871606897,0.007777011408333654,-0.009087755721039608,0.0034173576584996847,-0.0045685386603560646,-0.007331811808793111,-0.00048134550070123665,-0.004894444857114455,0.03410249610195839,0.014494496303797571,0.0023906366867705803,-0.001433624834847664,216.50213860678315,-0.00019091761156868727,-0.0013763662557429862,-6.624583168934814e-05,0.0008236371046179944,-6.605112405911255e-05,-0.00012008723911193437,1.2721658485258915e-05,1.5800507227605e-05
26,-0.03708139496128646,-0.017937860430769614,0.030469152732120038,0.013753942053562828,0.013341730508545474,-0.003404402968935375,-9.635463369938693e-05,-0.00994636101104949,0.006623597389682966,-0.0037081422703254055,-0.00028829334798906943,0.0005331804361742587,-0.0005857484213667363,-0.0019853310875015593,0.0011887524676941865,0.004781081349451672,0.0023001406644318507,0.001146401836071357,0.00030079502103034725,-0.002529461559413059,-0.0003004612794936158,8.170378863024723e-05,0.0005376855473626769,-0.00019091761156868727,32.280099592485556,-0.0005173126045324883,-0.0002307667197301358,-0.0003562192890138177,6.788631366759096e-05,1.384058564661355e-05,3.3317566020224715e-05,-1.6106420461772583e-06
27,0.028294758395013442,-0.00218543047016039,-0.00915302649791649,0.0011089606914681947,-0.009511175734298731,0.012358515757505498,0.0010959543984556046,-0.0015276962346612859,-0.009370550448786246,0.004492552759579707,-0.006361150293642716,-0.002228842215239219,-0.0012823217153549251,-0.0003240230312066598,0.0007674483277326852,-0.003580905048739573,0.0020379249320626775,0.004684262766780896,0.0006751410379889058,0.0004960850870385388,-0.007518731896780072,-0.0008688146517072343,0.002475219929773657,-0.0013763662557429862,-0.0005173126045324883,24.288133246756964,0.0006043048874534312,-0.00010281826685424502,-2.5132917908659942e-05,4.270242677380942e-05,1.0444092777299663e-05,9.128116286914425e-06
28,0.004337590535658465,0.00904304920568856,0.0007096359569913889,-2.7528078045020087e-05,0.002090659738814646,-0.0037258195948702416,-0.0005940718654941877,-0.0006313631442719074,-0.0004853888709633587,-0.0006163930091727676,-0.00039922020333574493,-0.0006138867095901274,-0.00014038195578812516,-0.0001796600326281322,-0.0003893959913988074,-0.00021719348464833358,0.0014042312029458142,0.00035359548776838623,-0.00018832493541759746,0.0031684008605736467,-0.00011919178178233066,0.0001874680401919839,4.48381606890505e-05,-6.624583168934814e-05,-0.0002307667197301358,0.0006043048874534312,2.8382608438355548,-2.2562778459602584e-05,-1.4253443428374135e-05,4.865991088580481e-05,-4.468046975198822e-06,2.2517115738166136e-07
29,0.00017649724211768103,0.0016939031560973146,-0.0065997694115239106,-0.001224474972350867,-0.00013222645553042744,0.0014868060138280245,-0.0009734668292824338,0.0006515744852568041,0.0021930561398985715,0.0014073733623710715,0.0005442970026247059,0.0004293534166462258,-0.0012349536650061311,-0.0004779261851809192,0.00019300187557910582,0.0002006904862972771,-0.0005224265763254253,-0.00023210905483086382,1.8169080876065731e-06,-0.0005891760675798625,-0.0004689066096773069,0.0005780366075970521,-0.0005052732191853713,0.0008236371046179944,-0.0003562192890138177,-0.00010281826685424502,-2.2562778459602584e-05,2.070339831821074,6.912803695598113e-05,1.245887865097058e-05,1.3161248117802623e-06,-8.708120705463216e-07
30,-0.0006382254462436213,-0.000716341738247049,0.0009726327292523257,-0.0003700416144231225,0.0008998825201554484,0.00029213410630876457,0.0008339034681386855,-7.675860865901278e-05,0.0003508566364469646,-0.00030757464881325005,-0.00041318939270816005,0.00017715586416561436,-0.00023887497786027908,-4.788522502065073e-05,0.00018488925917800427,0.0001578110477757501,-0.00019835940394209522,-5.093188934720361e-05,0.00012852269069786414,0.000238251925943023,0.0005118429119925937,-0.000221423011746299,-0.00013270815151956772,-6.605112405911255e-05,6.788631366759096e-05,-2.5132917908659942e-05,-1.4253443428374135e-05,6.912803695598113e-05,0.5580346686250443,2.406859012322935e-06,2.858146323646962e-06,-1.0036617918374526e-06
31,-0.0020772749607833167,0.0009430473322599984,0.0019756569210890875,-0.0005009178810737524,-0.000662529913041112,0.0004052481153552363,-0.0002719865307172008,0.0007603265537684513,-0.0003540251069125584,8.23689219240425e-05,-0.0003477100568303103,0.00011974277057492992,-0.00027692296620964206,-6.484734336574598e-05,-0.000269255426692075,-9.98853293022371e-05,0.0002070577018034075,-0.00015106287088044042,-4.536241397895126e-05,0.0004775906260126575,-3.91886845708681e-05,8.085551812470414e-05,-5.6491437755506694e-05,-0.00012008723911193437,1.384058564661355e-05,4.270242677380942e-05,4.865991088580481e-05,1.245887865097058e-05,2.406859012322935e-06,0.3165854849922351,3.1165686279222073e-06,5.164032538042123e-07
32,-0.00012810502286608746,-7.702283842748287e-05,0.00016656494532077529,0.000654204441999396,-0.00014042341330328296,-0.00011177661880999562,-5.6559684584153144e-05,7.013282323321452e-05,-0.000157670888813158,-7.235396686393301e-05,1.6230230869358907e-05,-0.00010543511535152333,4.411369096988821e-05,-3.2685975248827804e-05,8.540998193624723e-05,3.497979292214278e-05,1.9947241462173668e-05,4.7450602618926305e-05,1.914380579355048e-05,-5.422398414320988e-05,3.685032814398582e-05,3.1361330750110836e-08,-1.4642345362228077e-05,1.2721658485258915e-05,3.3317566020224715e-05,1.0444092777299663e-05,-4.468046975198822e-06,1.3161248117802623e-06,2.858146323646962e-06,3.1165686279222073e-06,0.02786067481176327,5.411611378952823e-07
33,-3.529822458342564e-05,0.00010750887633713819,-3.497558765456229e-05,4.92933703914861e-05,-3.4711125024614156e-05,-1.9626914849149545e-05,-6.81656083354959e-05,-1.881618726622124e-06,3.683682393489874e-05,-2.4420294860468544e-05,-1.1319855292598216e-05,-5.068284132760119e-05,-9.114276807965105e-06,-1.6222280666399164e-05,-1.7255822368934096e-05,5.540534082489899e-06,7.643345847851952e-06,-7.319192522965599e-06,-5.905015397869059e-06,5.879542821759953e-05,6.014544139709171e-05,7.990544875697384e-06,7.3745542205891275e-06,1.5800507227605e-05,-1.6106420461772583e-06,9.128116286914425e-06,2.2517115738166136e-07,-8.708120705463216e-07,-1.0036617918374526e-06,5.164032538042123e-07,5.411611378952823e-07,0.007295366643497472
