,2,3,4,5,6,7,8
2,13341.900694443686,-0.03441472151785102,0.1445132002332232,0.0014392555547353145,0.002267499211864055,-0.0066651910801549885,0.0002110461602246231
3,-0.03441472151785102,3662.3926863682836,-0.025954928732945345,0.020854809700975148,0.00011584523702980038,0.004935370232587435,-0.0005914953316407019
4,0.1445132002332232,-0.025954928732945345,861.39187542741,0.011173181813561264,-0.0008061574456871929,0.0009486025892444974,-4.658049600966938e-05
5,0.0014392555547353145,0.020854809700975148,0.011173181813561264,160.93090214476683,-0.00036271505231211525,-9.289520644093677e-05,8.689474349757363e-05
6,0.002267499211864055,0.00011584523702980038,-0.0008061574456871929,-0.00036271505231211525,24.100677865505187,0.0001579546105306489,7.721215254751431e-05
7,-0.0066651910801549885,0.004935370232587435,0.0009486025892444974,-9.289520644093677e-05,0.0001579546105306489,3.0096946440164163,-5.5732004490122274e-06
8,0.0002110461602246231,-0.0005914953316407019,-4.658049600966938e-05,8.689474349757363e-05,7.721215254751431e-05,-5.5732004490122274e-06,0.24826967800268462
