,2,3,4,5,6,7,8
2,2835.939709288626,-0.01641881611063534,0.0425342706703549,-0.0005419440021330791,0.0016070225324298552,-0.004863593330247733,0.0002803000849013073
3,-0.01641881611063534,960.895045260542,-0.005858035613743335,0.007518889342076394,6.504453859315167e-05,0.0035286963128191217,-0.0008861116042090474
4,0.0425342706703549,-0.005858035613743335,272.2135895670378,0.004444467429359756,-0.0004273527751383928,0.0006309662652159673,-5.573897737863234e-05
5,-0.0005419440021330791,0.007518889342076394,0.004444467429359756,62.486312092691705,-0.0002595036030440896,-8.20680420327804e-05,0.00012357783551771178
6,0.0016070225324298552,6.504453859315167e-05,-0.0004273527751383928,-0.0002595036030440896,11.940270342133697,0.00012262200832925785,0.00010221662613154816
7,-0.004863593330247733,0.0035286963128191217,0.0006309662652159673,-8.20680420327804e-05,0.00012262200832925785,2.0665390415818012,-6.004135679431033e-06
8,0.0002803000849013073,-0.0008861116042090474,-5.573897737863234e-05,0.00012357783551771178,0.00010221662613154816,-6.004135679431033e-06,0.29501723641842215
