,2,3,4,5,6,7,8,9
2,10163.554249444658,-0.029125826024876577,0.00602484679943993,-0.016165350787821536,-0.008839642793211954,-0.0012994294406361328,-0.001320096614303111,0.00010297018860486421
3,-0.029125826024876577,2097.1262924230023,-0.0008474084062061491,0.008522120789082172,0.0012572724670818396,0.0013246028231365084,-2.93372069808668e-06,-0.00011740122683202598
4,0.00602484679943993,-0.0008474084062061491,379.04574957348274,-0.005915772421338405,-0.0011690104530818679,0.0010484803216928213,-0.0001397969574119861,4.3198189158417e-05
5,-0.016165350787821536,0.008522120789082172,-0.005915772421338405,61.95489199401572,0.0004526504647093452,2.108119201610816e-05,3.964434143275037e-05,-3.057944926104141e-05
6,-0.008839642793211954,0.0012572724670818396,-0.0011690104530818679,0.0004526504647093452,9.71667306308505,-2.987596578317498e-05,3.534451337243862e-05,2.0410223006598823e-05
7,-0.0012994294406361328,0.0013246028231365084,0.0010484803216928213,2.108119201610816e-05,-2.987596578317498e-05,1.5532105012520645,-8.981478319447367e-06,-3.2783317504912433e-06
8,-0.001320096614303111,-2.93372069808668e-06,-0.0001397969574119861,3.964434143275037e-05,3.534451337243862e-05,-8.981478319447367e-06,0.30480281039889656,1.7307196250520903e-06
9,0.00010297018860486421,-0.00011740122683202598,4.3198189158417e-05,-3.057944926104141e-05,2.0410223006598823e-05,-3.2783317504912433e-06,1.7307196250520903e-06,0.04674138008864852
