,2,3,4,5,6,7,8,9
2,1270.4442811806296,-0.0041608322892682575,0.0010041411332397387,-0.0032330701575643836,-0.0022099106983029426,-0.00043314314687874374,-0.0006600483071515519,0.00010297018860486421
3,-0.0041608322892682575,299.5894703461646,-0.00014123473436768614,0.0017044241578164033,0.0003143181167704408,0.00044153427437883177,-1.466860349043646e-06,-0.00011740122683202598
4,0.0010041411332397387,-0.00014123473436768614,63.17429159558261,-0.0011831544842676575,-0.0002922526132704593,0.0003494934405642846,-6.989847870599382e-05,4.3198189158417e-05
5,-0.0032330701575643836,0.0017044241578164033,-0.0011831544842676575,12.390978398803473,0.00011316261617733303,7.027064005369764e-06,1.9822170716373954e-05,-3.057944926104141e-05
6,-0.0022099106983029426,0.0003143181167704408,-0.0002922526132704593,0.00011316261617733303,2.4291682657712093,-9.958655261058211e-06,1.7672256686219148e-05,2.0410223006598823e-05
7,-0.00043314314687874374,0.00044153427437883177,0.0003494934405642846,7.027064005369764e-06,-9.958655261058211e-06,0.5177368337507076,-4.490739159723263e-06,-3.2783317504912433e-06
8,-0.0006600483071515519,-1.466860349043646e-06,-6.989847870599382e-05,1.9822170716373954e-05,1.7672256686219148e-05,-4.490739159723263e-06,0.1524014051994468,1.7307196250520903e-06
9,0.00010297018860486421,-0.00011740122683202598,4.3198189158417e-05,-3.057944926104141e-05,2.0410223006598823e-05,-3.2783317504912433e-06,1.7307196250520903e-06,0.04674138008864852
