,2,3,4,5,6,7,8,9,10,11,12,13,14,15,16,17,18,19,20,21,22,23,24,25,26,27,28,29,30,31,32,33
2,1140.856313037213,0.04020097170077442,-0.07507262511343317,-0.009528390712427334,0.027998137368784787,0.0043748093643853955,-0.0005191696656116745,-0.018342023639384683,0.005872142751590552,-0.019900704796729063,-0.012396832489085156,0.003427725678264715,-0.0005010207998591006,0.0054669616773625525,-5.749703413614075e-05,0.00224046988627764,-0.0012954486143785897,0.009038453668453681,-0.0030487529052719907,0.01572412763243495,-0.003877926378792013,-0.0011492933158797566,-0.001821130684458877,-0.0009015560625021837,-0.004589928712262098,0.0041419335989995995,0.0006752416120479375,0.00012307880595079188,-7.780664301586352e-05,-0.0005994056678120924,-7.750546444994565e-05,-2.9464191133488615e-05
3,0.04020097170077442,1504.4034133373539,-0.003957944269313819,-0.0006279734549200958,0.04993810226009553,0.024384757081678345,0.005536958188845556,0.023110114991058778,0.013916365320802695,0.00772245874697158,-0.003764320718921061,0.013534501694806158,0.0076420805915881134,0.010172677518153126,0.007675594310312643,0.0035824181205688986,0.0007805248624978167,-0.0060203364495092,-1.0123769340018161e-05,0.00652918707508204,0.03502941036122381,-0.002811128559056,-0.00491771452344952,-0.0005287128010776392,-0.0023634177915681114,1.2567141595623154e-05,0.0012734820884578698,0.0004296320880274964,-9.83617244397047e-05,0.0001379712500986529,-9.499889811255848e-06,0.00010507654803513706
4,-0.07507262511343317,-0.003957944269313819,1413.8438667306918,-0.012186573927455677,-0.032227921114044024,0.0017947331779336218,0.03251011222463448,-0.0026053219416922392,0.004986274663705343,0.013086383039657524,0.01993147960969275,-0.008686999222994284,0.005370372024586066,-0.0027292977374335334,-0.011020077055949989,-0.005740537724403333,-0.004038830488335362,-0.004970404407585576,0.010168100529646175,0.016120612672967265,-0.012717454102529327,0.0023869604641169363,-0.010406212476491573,0.003108498449090435,0.004190835475353155,-0.0016232214208436785,7.288428693663803e-05,-0.0020611663161943707,0.0003594163672449023,0.0006695723906815342,9.31738505944627e-05,-2.4438563528801563e-05
5,-0.009528390712427334,-0.0006279734549200958,-0.012186573927455677,757.7683466393554,-0.02419427013470151,0.007957929071845407,-0.01684783828134038,-0.005419812924377444,-0.009595352224380103,-0.014118791039946585,0.005333269722316591,-0.002264481925337408,-0.001944398899559293,-0.0008044719023887158,-0.004637745565643733,0.0020882515917588244,0.00045355084567868284,-0.0005388739039648103,0.0011375929386677052,0.005026822253090298,-0.004777108179584501,0.004333587524224623,0.002411246600232958,0.0025555020879889294,0.0015191931529203097,0.00013333436725093993,-0.00029497453316460316,-0.0004973589770791071,-0.00011916171257493247,-0.00019459005344074005,0.0003421321196703049,3.461243489681463e-05
6,0.027998137368784787,0.04993810226009553,-0.032227921114044024,-0.02419427013470151,513.252190882312,-0.004361933536126578,-0.002423577144327633,-0.007441394846544305,-0.009360470310374512,-0.0057957876012712795,0.0010886578258831319,0.0018498697379623773,-0.001077228643703011,-0.00661219176785681,0.0014799892587876366,0.008352418373933988,-0.002114065216754113,-0.0027872577299414667,0.0049933952331628765,0.0022298718857529385,-0.00025909887164323424,0.0013324576255990493,-0.0014232644405653121,0.0016973005756850503,0.0016709680559293513,-0.0017357467709758737,0.00041029605912434967,-5.132708368770056e-05,0.00022323614030279879,-0.00015705609831960572,-6.76392211033838e-05,-3.73662892020645e-05
7,0.0043748093643853955,0.024384757081678345,0.0017947331779336218,0.007957929071845407,-0.004361933536126578,311.4356750654917,-0.003931071961870646,0.0026273090787156594,0.008946568380778498,0.004326542973699974,0.0048149550121292075,0.00048351633742969364,0.004892213778332046,-0.002462750896675424,-0.0010832998303402246,0.0010044635203573713,0.0013167362782457682,0.000776670009590837,0.00035394032153957965,0.0003884401816647756,0.0001715602098546516,0.00011609957357837269,0.0006148176245503999,0.005198632731971029,-0.0002810724700120849,0.0016569810368078591,-0.0006267319010634086,0.00035410070044612963,7.288805207350618e-05,0.00017944398272734408,-5.8644024659829676e-05,-1.7779293245216514e-05
8,-0.0005191696656116745,0.005536958188845556,0.03251011222463448,-0.01684783828134038,-0.002423577144327633,-0.003931071961870646,241.3786006477677,-0.004185094036219082,0.004683767010894289,0.007989260415992717,-0.009616740253467636,-0.0026093602856353346,0.003442519514897563,-0.0003579925250617781,-0.002768714065555782,0.00020523993101602845,-0.003580620587419528,0.001880629506560125,-0.000986182419915783,-0.009470769752644496,0.0010508707674629092,1.9979718325580194e-05,-0.0007347927305467577,-0.002544149212784284,1.2318686599730184e-05,0.0001412107511757932,-9.852560114726952e-05,-0.0002449388718179355,0.0001946171321420881,-9.841909787574395e-05,-3.8772761561865295e-05,-6.706807684507817e-05
9,-0.018342023639384683,0.023110114991058778,-0.0026053219416922392,-0.005419812924377444,-0.007441394846544305,0.0026273090787156594,-0.004185094036219082,213.94220828885983,-0.0023406981765211206,0.006651228170030488,0.004745737183466352,-0.004822240896584914,-0.0005209417791704447,-0.0012010030666409577,-0.000566232610539555,0.0005551164311017868,0.0010871500796240218,-0.00590176564476428,0.002866911340045822,-0.0030535148887764494,-0.008332782453664216,-0.0007026983307853196,0.0015340988126758327,-0.00023089801775815375,-0.001059116863799846,-0.0002057143932853277,-7.64599642426392e-05,8.948426030077438e-05,-4.841893189688983e-05,0.00026113083690704165,4.203336139706553e-05,-1.4526370895139602e-05
10,0.005872142751590552,0.013916365320802695,0.004986274663705343,-0.009595352224380103,-0.009360470310374512,0.008946568380778498,0.004683767010894289,-0.0023406981765211206,157.1053823654031,-0.004316426958535635,0.00022727460964453293,-0.0010979056654991477,-0.0009124124679884282,-0.0012796645540960054,-0.0006072750789341662,0.0015299248367724714,0.0005996741810397144,0.0021700377117607667,-0.00029925001188463866,0.008669201938678992,-0.001930386212061585,0.00037467472856403964,0.000987101415567035,-9.230924231318907e-05,0.0008095954885157867,-0.0013333494603958186,-8.126743303287032e-05,0.0005508305454288317,7.822157264387336e-05,-9.908124984592475e-05,-8.053604222793049e-05,3.5852027193911804e-05
11,-0.019900704796729063,0.00772245874697158,0.013086383039657524,-0.014118791039946585,-0.0057957876012712795,0.004326542973699974,0.007989260415992717,0.006651228170030488,-0.004316426958535635,140.3270372036233,-0.004531603091812636,-0.0008787614084482238,0.003589540189121687,-0.000767173476068461,0.0025873860277553307,0.0005918986043723335,5.6544857653454155e-05,-0.00013915707206979137,-0.003075709990090345,0.006475129801401039,0.001905446120460221,0.0023936837148322196,0.0002934792122994163,-0.0012995176071068286,-0.0004500291640735905,0.0008031709878206929,-0.00012181691294377139,0.00026332840815423145,-8.649661043829317e-05,3.256228917438397e-05,-3.334564362875574e-05,-2.4979807126095003e-05
12,-0.012396832489085156,-0.003764320718921061,0.01993147960969275,0.005333269722316591,0.0010886578258831319,0.0048149550121292075,-0.009616740253467636,0.004745737183466352,0.00022727460964453293,-0.004531603091812636,89.07627153401472,0.004748151251997313,-0.0002909247606830331,0.003665963925054072,-0.004271493119467012,-0.0002900710254056959,-0.0006713885192492417,-1.6700553271626043e-05,-0.0014332378874271513,-0.000319942744714261,-0.002537563297101189,8.338724872038015e-06,-0.0006924291286012064,0.001958353508077227,-2.4353287893685852e-05,-0.0009536043038482372,-7.747618717691075e-05,0.00011361493175922768,-9.517951932091412e-05,-9.034891558600486e-05,7.916367612846995e-06,-6.716821660783981e-06
13,0.003427725678264715,0.013534501694806158,-0.008686999222994284,-0.002264481925337408,0.0018498697379623773,0.00048351633742969364,-0.0026093602856353346,-0.004822240896584914,-0.0010979056654991477,-0.0008787614084482238,0.004748151251997313,59.0567960164048,-0.0007151080397165143,0.0011436409845774593,0.0011496032470892053,0.001031389810151808,-0.0007333276747410605,-0.0003819755686848107,-0.00028032749614691996,0.0004653946687225832,-0.003170165916976476,0.00022801912728038153,0.00042904835514319303,0.00033660799071044337,4.16196096427637e-05,-0.0002730568842790973,-0.00010920338367232174,0.00015048489665422864,4.3953067795860516e-05,4.0707017517622486e-05,-5.257373288349282e-05,-5.116180361918789e-05
14,-0.0005010207998591006,0.0076420805915881134,0.005370372024586066,-0.001944398899559293,-0.001077228643703011,0.004892213778332046,0.003442519514897563,-0.0005209417791704447,-0.0009124124679884282,0.003589540189121687,-0.0002909247606830331,-0.0007151080397165143,45.16487436569715,-0.00015296818655299334,-0.0006187419504992735,-0.00042793155039736917,-0.0009317925635746046,-0.0010497572156084733,-0.00048418763998905233,-0.005374477319549575,0.001047584602645141,-0.000334303798269254,0.0010399824700628743,0.0007182949316550196,-7.842561513304107e-05,-0.00018010311455196831,-3.7553181184733607e-06,-0.0003285766055594842,-5.564177621397014e-05,-7.54017078693557e-05,2.2602008860772686e-05,-9.213486643265883e-06
15,0.0054669616773625525,0.010172677518153126,-0.0027292977374335334,-0.0008044719023887158,-0.00661219176785681,-0.002462750896675424,-0.0003579925250617781,-0.0012010030666409577,-0.0012796645540960054,-0.000767173476068461,0.003665963925054072,0.0011436409845774593,-0.00015296818655299334,46.01877695116503,0.0003637806436957402,0.0014307253359917864,0.00025569545009496104,-0.0008834339710079098,0.0009025750880803928,-0.00011828132928576997,0.0016304322498324907,-0.00020358711162322653,0.00023555327798728995,-0.0009104157233404209,-0.00026701240647255674,-3.6921853879115446e-05,-2.477055850853985e-05,-0.00013358515045653612,-7.930096574593014e-06,-1.2000532103078281e-05,-1.5690927659082418e-05,-1.6281228625793538e-05
16,-5.749703413614075e-05,0.007675594310312643,-0.011020077055949989,-0.004637745565643733,0.0014799892587876366,-0.0010832998303402246,-0.002768714065555782,-0.000566232610539555,-0.0006072750789341662,0.0025873860277553307,-0.004271493119467012,0.0011496032470892053,-0.0006187419504992735,0.0003637806436957402,36.32730513577349,0.003080379704021856,0.0005997228948164522,-0.00020187959917054464,0.0005769965880499264,0.003309721225290333,0.0025263741571683387,-5.2284268357919175e-05,-0.0002375631726045399,0.0004909281828292887,0.0001256126685116099,0.00010036694285199953,-6.682967345045787e-05,9.148900091889824e-05,4.759140179772299e-05,-7.822742245751135e-05,4.224413136092204e-05,-1.7653819324011524e-05
17,0.00224046988627764,0.0035824181205688986,-0.005740537724403333,0.0020882515917588244,0.008352418373933988,0.0010044635203573713,0.00020523993101602845,0.0005551164311017868,0.0015299248367724714,0.0005918986043723335,-0.0002900710254056959,0.001031389810151808,-0.00042793155039736917,0.0014307253359917864,0.003080379704021856,29.4248841920699,-0.0015249334975175422,0.00013538821820515,-0.00017793703109031216,0.00010403776224820666,-0.0011231672790910226,0.0003450635554071837,5.141097394506894e-05,-0.0006396576482776024,0.0006174871885341163,-0.0004994753214885931,-3.5445735918951405e-05,3.659687258056925e-05,4.4207200405946116e-05,-3.064222933016638e-05,1.977181925075419e-05,5.591126427021605e-06
18,-0.0012954486143785897,0.0007805248624978167,-0.004038830488335362,0.00045355084567868284,-0.002114065216754113,0.0013167362782457682,-0.003580620587419528,0.0010871500796240218,0.0005996741810397144,5.6544857653454155e-05,-0.0006713885192492417,-0.0007333276747410605,-0.0009317925635746046,0.00025569545009496104,0.0005997228948164522,-0.0015249334975175422,17.36309764163747,0.0010022349684600956,-0.0007347266199232274,1.5969764913630475e-05,-0.0029992842639061444,-9.66592993234036e-05,7.037751269975126e-06,-0.0007856060619820214,0.0002865709162456899,0.00031051992031326227,0.00023176725262824465,-0.00012415728441054458,-5.393364683395557e-05,6.579616489665921e-05,1.0804972671823133e-05,6.667354019904567e-06
19,0.009038453668453681,-0.0060203364495092,-0.004970404407585576,-0.0005388739039648103,-0.0027872577299414667,0.000776670009590837,0.001880629506560125,-0.00590176564476428,0.0021700377117607667,-0.00013915707206979137,-1.6700553271626043e-05,-0.0003819755686848107,-0.0010497572156084733,-0.0008834339710079098,-0.00020187959917054464,0.00013538821820515,0.0010022349684600956,19.7723108394019,0.00017028367964119355,0.0011730943177774,0.0001739004912657192,-0.00018356422250785897,0.00018106922111317157,-2.6728822668872777e-06,0.00016341595736545436,0.0007437462210395502,4.834842151174196e-05,-5.610047567136201e-05,-1.1850101989480255e-05,-4.762690165990147e-05,2.5708366181839112e-05,-6.556752966877386e-06
20,-0.0030487529052719907,-1.0123769340018161e-05,0.010168100529646175,0.0011375929386677052,0.0049933952331628765,0.00035394032153957965,-0.000986182419915783,0.002866911340045822,-0.00029925001188463866,-0.003075709990090345,-0.0014332378874271513,-0.00028032749614691996,-0.00048418763998905233,0.0009025750880803928,0.0005769965880499264,-0.00017793703109031216,-0.0007347266199232274,0.00017028367964119355,16.811550686486306,0.0018060831666506687,0.0030472281602805648,-0.00012716004746720922,0.00014095143773361357,-0.0004896401084508903,6.190228428022022e-06,9.928053036518268e-05,1.5065291766201367e-05,-1.3041482943399944e-05,2.4203265377693753e-05,-1.039669933065383e-05,9.737808258203974e-06,-8.039540868009589e-06
21,0.01572412763243495,0.00652918707508204,0.016120612672967265,0.005026822253090298,0.0022298718857529385,0.0003884401816647756,-0.009470769752644496,-0.0030535148887764494,0.008669201938678992,0.006475129801401039,-0.000319942744714261,0.0004653946687225832,-0.005374477319549575,-0.00011828132928576997,0.003309721225290333,0.00010403776224820666,1.5969764913630475e-05,0.0011730943177774,0.0018060831666506687,145.54176167285345,-0.001196876188632886,-0.00041421227595228236,0.0002723126880313358,0.002349185634681765,-0.00022696015678739254,8.075535078512017e-05,0.0003856686575464534,-4.189538251702063e-05,1.7316283784599137e-05,0.00012741248831876244,-3.2060881795552344e-06,3.90937185352518e-05
22,-0.003877926378792013,0.03502941036122381,-0.012717454102529327,-0.004777108179584501,-0.00025909887164323424,0.0001715602098546516,0.0010508707674629092,-0.008332782453664216,-0.001930386212061585,0.001905446120460221,-0.002537563297101189,-0.003170165916976476,0.001047584602645141,0.0016304322498324907,0.0025263741571683387,-0.0011231672790910226,-0.0029992842639061444,0.0001739004912657192,0.0030472281602805648,-0.001196876188632886,173.21348513741077,0.00104374582242142,-0.000860751052015272,0.0020470495291067302,-8.038893536869624e-05,-0.001385215258586507,-5.226267189114504e-05,-0.00015053235383281143,0.000160270896947937,3.8682796043347e-06,1.7154599861637822e-05,7.236730810852118e-05
23,-0.0011492933158797566,-0.002811128559056,0.0023869604641169363,0.004333587524224623,0.0013324576255990493,0.00011609957357837269,1.9979718325580194e-05,-0.0007026983307853196,0.00037467472856403964,0.0023936837148322196,8.338724872038015e-06,0.00022801912728038153,-0.000334303798269254,-0.00020358711162322653,-5.2284268357919175e-05,0.0003450635554071837,-9.66592993234036e-05,-0.00018356422250785897,-0.00012716004746720922,-0.00041421227595228236,0.00104374582242142,7.109898587782773,-6.417417929588804e-05,0.00022354634654941767,2.2374071654332583e-05,-0.0001045974936644256,3.2813140047818156e-05,0.00016409455805662396,-6.511469661246808e-05,2.8258011942412028e-05,1.7377437396550364e-07,8.871028155652448e-06
24,-0.001821130684458877,-0.00491771452344952,-0.010406212476491573,0.002411246600232958,-0.0014232644405653121,0.0006148176245503999,-0.0007347927305467577,0.0015340988126758327,0.000987101415567035,0.0002934792122994163,-0.0006924291286012064,0.00042904835514319303,0.0010399824700628743,0.00023555327798728995,-0.0002375631726045399,5.141097394506894e-05,7.037751269975126e-06,0.00018106922111317157,0.00014095143773361357,0.0002723126880313358,-0.000860751052015272,-6.417417929588804e-05,10.363251813203732,-0.00020537621662897215,5.089694366904351e-05,0.0004038762899081134,8.907653873846659e-06,-8.71474973079518e-05,-3.691757027601932e-05,-1.6597325424112706e-05,-1.0055956788397088e-05,4.017379651379773e-06
25,-0.0009015560625021837,-0.0005287128010776392,0.003108498449090435,0.0025555020879889294,0.0016973005756850503,0.005198632731971029,-0.002544149212784284,-0.00023089801775815375,-9.230924231318907e-05,-0.0012995176071068286,0.001958353508077227,0.00033660799071044337,0.0007182949316550196,-0.0009104157233404209,0.0004909281828292887,-0.0006396576482776024,-0.0007856060619820214,-2.6728822668872777e-06,-0.0004896401084508903,0.002349185634681765,0.0020470495291067302,0.00022354634654941767,-0.00020537621662897215,21.568611647280115,-2.6360262996437113e-05,-0.00019275657334795262,-1.4972257488369136e-05,0.00019082346972810243,-1.9777839414743868e-05,-3.981641220204967e-05,3.1099333602672643e-06,1.8724143770405058e-05
26,-0.004589928712262098,-0.0023634177915681114,0.004190835475353155,0.0015191931529203097,0.0016709680559293513,-0.0002810724700120849,1.2318686599730184e-05,-0.001059116863799846,0.0008095954885157867,-0.0004500291640735905,-2.4353287893685852e-05,4.16196096427637e-05,-7.842561513304107e-05,-0.00026701240647255674,0.0001256126685116099,0.0006174871885341163,0.0002865709162456899,0.00016341595736545436,6.190228428022022e-06,-0.00022696015678739254,-8.038893536869624e-05,2.2374071654332583e-05,5.089694366904351e-05,-2.6360262996437113e-05,3.9796045769376414,-8.804773677734582e-05,-3.8622893266593036e-05,-9.361135566152022e-05,1.6935072909604162e-05,4.221085571261975e-06,1.7186762182724772e-05,-1.646081965217734e-06
27,0.0041419335989995995,1.2567141595623154e-05,-0.0016232214208436785,0.00013333436725093993,-0.0017357467709758737,0.0016569810368078591,0.0001412107511757932,-0.0002057143932853277,-0.0013333494603958186,0.0008031709878206929,-0.0009536043038482372,-0.0002730568842790973,-0.00018010311455196831,-3.6921853879115446e-05,0.00010036694285199953,-0.0004994753214885931,0.00031051992031326227,0.0007437462210395502,9.928053036518268e-05,8.075535078512017e-05,-0.001385215258586507,-0.0001045974936644256,0.0004038762899081134,-0.00019275657334795262,-8.804773677734582e-05,3.5441526164733346,9.601941002465456e-05,-3.546237544320102e-05,-8.40357498175387e-06,1.2912864936789857e-05,5.374265202174611e-06,9.477805349661743e-06
28,0.0006752416120479375,0.0012734820884578698,7.288428693663803e-05,-0.00029497453316460316,0.00041029605912434967,-0.0006267319010634086,-9.852560114726952e-05,-7.64599642426392e-05,-8.126743303287032e-05,-0.00012181691294377139,-7.747618717691075e-05,-0.00010920338367232174,-3.7553181184733607e-06,-2.477055850853985e-05,-6.682967345045787e-05,-3.5445735918951405e-05,0.00023176725262824465,4.834842151174196e-05,1.5065291766201367e-05,0.0003856686575464534,-5.226267189114504e-05,3.2813140047818156e-05,8.907653873846659e-06,-1.4972257488369136e-05,-3.8622893266593036e-05,9.601941002465456e-05,0.4812148551159149,-4.713713500668637e-06,-3.151668897695937e-06,1.4471508429844806e-05,-2.621012228263781e-06,3.10970332356055e-07
29,0.00012307880595079188,0.0004296320880274964,-0.0020611663161943707,-0.0004973589770791071,-5.132708368770056e-05,0.00035410070044612963,-0.0002449388718179355,8.948426030077438e-05,0.0005508305454288317,0.00026332840815423145,0.00011361493175922768,0.00015048489665422864,-0.0003285766055594842,-0.00013358515045653612,9.148900091889824e-05,3.659687258056925e-05,-0.00012415728441054458,-5.610047567136201e-05,-1.3041482943399944e-05,-4.189538251702063e-05,-0.00015053235383281143,0.00016409455805662396,-8.71474973079518e-05,0.00019082346972810243,-9.361135566152022e-05,-3.546237544320102e-05,-4.713713500668637e-06,0.6165517963897231,2.007522403997281e-05,3.201655507415756e-06,8.458137248107829e-07,-1.3485672917141057e-06
30,-7.780664301586352e-05,-9.83617244397047e-05,0.0003594163672449023,-0.00011916171257493247,0.00022323614030279879,7.288805207350618e-05,0.0001946171321420881,-4.841893189688983e-05,7.822157264387336e-05,-8.649661043829317e-05,-9.517951932091412e-05,4.3953067795860516e-05,-5.564177621397014e-05,-7.930096574593014e-06,4.759140179772299e-05,4.4207200405946116e-05,-5.393364683395557e-05,-1.1850101989480255e-05,2.4203265377693753e-05,1.7316283784599137e-05,0.000160270896947937,-6.511469661246808e-05,-3.691757027601932e-05,-1.9777839414743868e-05,1.6935072909604162e-05,-8.40357498175387e-06,-3.151668897695937e-06,2.007522403997281e-05,0.1407711798324174,5.747749999304253e-07,1.4780052777516505e-06,-1.0222696908497164e-06
31,-0.0005994056678120924,0.0001379712500986529,0.0006695723906815342,-0.00019459005344074005,-0.00015705609831960572,0.00017944398272734408,-9.841909787574395e-05,0.00026113083690704165,-9.908124984592475e-05,3.256228917438397e-05,-9.034891558600486e-05,4.0707017517622486e-05,-7.54017078693557e-05,-1.2000532103078281e-05,-7.822742245751135e-05,-3.064222933016638e-05,6.579616489665921e-05,-4.762690165990147e-05,-1.039669933065383e-05,0.00012741248831876244,3.8682796043347e-06,2.8258011942412028e-05,-1.6597325424112706e-05,-3.981641220204967e-05,4.221085571261975e-06,1.2912864936789857e-05,1.4471508429844806e-05,3.201655507415756e-06,5.747749999304253e-07,0.096130715348512,1.5987771057951478e-06,4.765280288521653e-07
32,-7.750546444994565e-05,-9.499889811255848e-06,9.31738505944627e-05,0.0003421321196703049,-6.76392211033838e-05,-5.8644024659829676e-05,-3.8772761561865295e-05,4.203336139706553e-05,-8.053604222793049e-05,-3.334564362875574e-05,7.916367612846995e-06,-5.257373288349282e-05,2.2602008860772686e-05,-1.5690927659082418e-05,4.224413136092204e-05,1.977181925075419e-05,1.0804972671823133e-05,2.5708366181839112e-05,9.737808258203974e-06,-3.2060881795552344e-06,1.7154599861637822e-05,1.7377437396550364e-07,-1.0055956788397088e-05,3.1099333602672643e-06,1.7186762182724772e-05,5.374265202174611e-06,-2.621012228263781e-06,8.458137248107829e-07,1.4780052777516505e-06,1.5987771057951478e-06,0.015329823741608482,5.326634397987735e-07
33,-2.9464191133488615e-05,0.00010507654803513706,-2.4438563528801563e-05,3.461243489681463e-05,-3.73662892020645e-05,-1.7779293245216514e-05,-6.706807684507817e-05,-1.4526370895139602e-05,3.5852027193911804e-05,-2.4979807126095003e-05,-6.716821660783981e-06,-5.116180361918789e-05,-9.213486643265883e-06,-1.6281228625793538e-05,-1.7653819324011524e-05,5.591126427021605e-06,6.667354019904567e-06,-6.556752966877386e-06,-8.039540868009589e-06,3.90937185352518e-05,7.236730810852118e-05,8.871028155652448e-06,4.017379651379773e-06,1.8724143770405058e-05,-1.646081965217734e-06,9.477805349661743e-06,3.10970332356055e-07,-1.3485672917141057e-06,-1.0222696908497164e-06,4.765280288521653e-07,5.326634397987735e-07,0.007505584216713064
