,2,3,4,5,6,7,8,9
2,75054.9913433882,-0.9847723518510708,-0.19407825993556435,-0.09986483216479641,0.0032195132041952196,-0.011235548530020248,0.002234560033074445,-0.001872025413513123
3,-0.9847723518510708,9622.04168434533,0.07519123687614152,-0.04269126252854596,0.012463548142461036,-0.0030369042112884663,-0.0015585068434372665,9.253912766237027e-05
4,-0.19407825993556435,0.07519123687614152,3500.6284052929286,-0.012979138478034738,0.02816884738820055,0.010885013591976541,-0.0005341773596410836,-0.0006681894291782305
5,-0.09986483216479641,-0.04269126252854596,-0.012979138478034738,805.1375308563628,-0.0030499467685998114,-0.0008328879005453139,0.0007869436888477523,1.3547573413776616e-05
6,0.0032195132041952196,0.012463548142461036,0.02816884738820055,-0.0030499467685998114,157.1156834567346,0.0011320475324649068,2.292877789268007e-05,0.00023132153183150713
7,-0.011235548530020248,-0.0030369042112884663,0.010885013591976541,-0.0008328879005453139,0.0011320475324649068,27.18648833350802,-7.373157020207138e-05,-2.460012537146849e-05
8,0.002234560033074445,-0.0015585068434372665,-0.0005341773596410836,0.0007869436888477523,2.292877789268007e-05,-7.373157020207138e-05,3.936571420208314,2.567921787424745e-05
9,-0.001872025413513123,9.253912766237027e-05,-0.0006681894291782305,1.3547573413776616e-05,0.00023132153183150713,-2.460012537146849e-05,2.567921787424745e-05,0.34997666168488334
