,2,3,4,5,6,7,8,9
2,0.0,0.0,0.0,0.0,0.0,0.0,0.0,0.0
3,0.0,14957451.670062609,32.79413598058436,41.3461008192958,-34.80125797894635,-0.2972271320815994,-1.4065249735430745,-0.07491410020664085
4,0.0,32.79413598058436,1010887.0749958152,-16.115993820486562,-8.935888248250329,4.970691188999374,0.5909233545943969,0.09868612105896675
5,0.0,41.3461008192958,-16.115993820486562,418478.55315819517,1.3618523003640803,2.343345812216904,1.4691368786378565,-0.12451547292567883
6,0.0,-34.80125797894635,-8.935888248250329,1.3618523003640803,106004.0591485973,-0.13584871430021292,-0.040923417925397276,-0.04086700277120208
7,0.0,-0.2972271320815994,4.970691188999374,2.343345812216904,-0.13584871430021292,20604.052191012957,0.11369866862838368,0.032856662093715155
8,0.0,-1.4065249735430745,0.5909233545943969,1.4691368786378565,-0.040923417925397276,0.11369866862838368,1954.0264754160742,0.008176400816649323
9,0.0,-0.07491410020664085,0.09868612105896675,-0.12451547292567883,-0.04086700277120208,0.032856662093715155,0.008176400816649323,94.97181213917251
