,2,3,4,5,6,7,8
2,6930.148216497261,0.011821838571466544,0.08852619229044012,0.0074766547201361435,0.007973870887309706,-0.0019045665906770694,0.00040394154812010426
3,0.011821838571466544,1807.6194691976336,-0.011698530802902953,-0.014047210274501854,-0.0031891235798892988,0.00012221088222617868,5.547821430893216e-05
4,0.08852619229044012,-0.011698530802902953,377.3068281640996,-0.004578844245878284,-0.0013189311458459095,-0.0004689606472999881,-2.0557283334460555e-05
5,0.0074766547201361435,-0.014047210274501854,-0.004578844245878284,58.963037736842374,-0.0003272349020406635,3.459101994009443e-05,-1.389378852098138e-05
6,0.007973870887309706,-0.0031891235798892988,-0.0013189311458459095,-0.0003272349020406635,8.036123111415844,4.598812160366267e-05,4.311293351491707e-06
7,-0.0019045665906770694,0.00012221088222617868,-0.0004689606472999881,3.459101994009443e-05,4.598812160366267e-05,0.9403644693254124,8.073336699913036e-06
8,0.00040394154812010426,5.547821430893216e-05,-2.0557283334460555e-05,-1.389378852098138e-05,4.311293351491707e-06,8.073336699913036e-06,0.052283143599985926
