,3,4,5,6,7,8
3,7067273.800559449,-219.5445971013525,13.226026664823056,-2.82525777668825,-2.5948838484694163,0.32899506227443553
4,-219.5445971013525,2772116.762101012,-12.725546214095926,7.289976933270175,2.439388672854376,0.37011362953656596
5,13.226026664823056,-12.725546214095926,342527.4276373477,-0.1390346818696049,0.10202626785421416,0.17206890378448544
6,-2.82525777668825,7.289976933270175,-0.1390346818696049,51637.496486577606,0.055463835411676175,0.07560946096070416
7,-2.5948838484694163,2.439388672854376,0.10202626785421416,0.055463835411676175,2876.7835916562026,-0.0268354204011026
8,0.32899506227443553,0.37011362953656596,0.17206890378448544,0.07560946096070416,-0.0268354204011026,55.842905164170695
