,2,3,4,5,6,7,8,9
2,8164.797592682834,-0.013982150583960677,-0.011001590604480825,-0.02465595161441578,-0.013291895360041647,-0.0015766306758671562,-0.002860527090461119,0.0004925647669750702
3,-0.013982150583960677,1626.352030123583,-0.0033754962663005896,0.00765607332023665,0.001453638256792134,0.0020255297811551634,2.9928415768923103e-05,-0.00047679003134701433
4,-0.011001590604480825,-0.0033754962663005896,312.32333540648875,-0.005802453368456778,-0.0008318888061410951,0.0016594934722268207,-0.0003592487466620976,0.00017597208710157282
5,-0.02465595161441578,0.00765607332023665,-0.005802453368456778,59.95662941294739,0.0005677719789722183,-1.350368619726738e-05,7.738115906898369e-05,-0.00011590020330594372
6,-0.013291895360041647,0.001453638256792134,-0.0008318888061410951,0.0005677719789722183,11.683817579696525,-3.389444208232367e-05,6.553728116427244e-05,8.14663697604868e-05
7,-0.0015766306758671562,0.0020255297811551634,0.0016594934722268207,-1.350368619726738e-05,-3.389444208232367e-05,2.31899486590698,-1.6499194704681877e-05,-1.0307335620639409e-05
8,-0.002860527090461119,2.9928415768923103e-05,-0.0003592487466620976,7.738115906898369e-05,6.553728116427244e-05,-1.6499194704681877e-05,0.5188906523259285,4.938222222401084e-06
9,0.0004925647669750702,-0.00047679003134701433,0.00017597208710157282,-0.00011590020330594372,8.14663697604868e-05,-1.0307335620639409e-05,4.938222222401084e-06,0.14038987388393004
