,2,3,4,5,6,7,8,9
2,0.0,0.0,0.0,0.0,0.0,0.0,0.0,0.0
3,0.0,1191655.8268547363,-13.643141383189107,4.18524880488277,-10.119765052024047,-0.21032227922976213,-0.284684738800079,-0.013947390621837738
4,0.0,-13.643141383189107,1271179.3579386426,-14.903525959676344,-9.392627993379847,6.44790366289875,0.545855702811701,0.14312019098736092
5,0.0,4.18524880488277,-14.903525959676344,363011.7837565416,1.400348118709048,2.641891918766355,1.461389932783013,-0.12308638032152078
6,0.0,-10.119765052024047,-9.392627993379847,1.400348118709048,119355.95421375608,-0.06384409288932934,-0.04327549592504747,-0.03331234980181544
7,0.0,-0.21032227922976213,6.44790366289875,2.641891918766355,-0.06384409288932934,25375.056986384934,0.12613646998207512,0.037542951824909965
8,0.0,-0.284684738800079,0.545855702811701,1.461389932783013,-0.04327549592504747,0.12613646998207512,2232.1846504232517,0.008347385690831969
9,0.0,-0.013947390621837738,0.14312019098736092,-0.12308638032152078,-0.03331234980181544,0.037542951824909965,0.008347385690831969,107.68736063394621
