,3,4,5,6,7,8,9
3,170236.54669352854,-2.2738568971976303,0.8370497609765393,-2.5299412630057545,-0.07010742640992661,-0.14234236940004594,-0.013947390621837738
4,-2.2738568971976303,211863.22632313546,-2.9807051919353107,-2.3481569983448263,2.1493012209661972,0.27292785140584014,0.14312019098736092
5,0.8370497609765393,-2.9807051919353107,72602.3567513061,0.35008702967726685,0.8806306395888206,0.730694966391528,-0.12308638032152078
6,-2.5299412630057545,-2.3481569983448263,0.35008702967726685,29838.988553438587,-0.021281364296436695,-0.021637747962523896,-0.03331234980181544
7,-0.07010742640992661,2.1493012209661972,0.8806306395888206,-0.021281364296436695,8458.352328795463,0.06306823499103743,0.037542951824909965
8,-0.14234236940004594,0.27292785140584014,0.730694966391528,-0.021637747962523896,0.06306823499103743,1116.092325211606,0.008347385690831969
9,-0.013947390621837738,0.14312019098736092,-0.12308638032152078,-0.03331234980181544,0.037542951824909965,0.008347385690831969,107.68736063394621
