,2,3,4,5,6,7,8,9
2,17099.986906792492,0.09144337068998686,0.14203068283121703,-0.03505878952470082,0.03635441540515375,0.02027545741566054,-0.003928726431444577,-0.0020275916851151764
3,0.09144337068998686,4440.0442452953,-0.10717868409005903,-0.014957071239900711,0.00946359257234808,-0.002151369753533998,0.0022262792184161682,-0.00321480538261616
4,0.14203068283121703,-0.10717868409005903,1375.033503500992,-0.008079846933331093,0.004086357741224347,0.013685467963133446,0.00018455675903211174,0.000136300645419569
5,-0.03505878952470082,-0.014957071239900711,-0.008079846933331093,383.3297889487105,-0.004809769798209998,-0.005082083287293218,-0.00028629428357331997,-0.00014645743977008204
6,0.03635441540515375,0.00946359257234808,0.004086357741224347,-0.004809769798209998,87.50998371495587,0.0006948622067101617,0.0003330779318222514,9.744401066514232e-05
7,0.02027545741566054,-0.002151369753533998,0.013685467963133446,-0.005082083287293218,0.0006948622067101617,18.373416276704685,-0.0001747694379490006,0.00036867639759562544
8,-0.003928726431444577,0.0022262792184161682,0.00018455675903211174,-0.00028629428357331997,0.0003330779318222514,-0.0001747694379490006,3.8349757275672602,3.857068306879613e-05
9,-0.0020275916851151764,-0.00321480538261616,0.000136300645419569,-0.00014645743977008204,9.744401066514232e-05,0.00036867639759562544,3.857068306879613e-05,0.722307977511385
