,2,3,4,5,6,7,8,9
2,136799.8952543379,0.6401035948298411,0.8521840969872382,-0.17529394762352207,0.1454176616206128,0.06082637224697832,-0.007857452862889405,-0.0020275916851151764
3,0.6401035948298411,31080.309717066317,-0.6430721045403189,-0.07478535619951066,0.03785437028939071,-0.006454109260602722,0.004452558436832471,-0.00321480538261616
4,0.8521840969872382,-0.6430721045403189,8250.201021005636,-0.040399234666657076,0.016345430964897455,0.04105640388940084,0.0003691135180642492,0.000136300645419569
5,-0.17529394762352207,-0.07478535619951066,-0.040399234666657076,1916.6489447436056,-0.019239079192839913,-0.01524624986188006,-0.0005725885671466383,-0.00014645743977008204
6,0.1454176616206128,0.03785437028939071,0.016345430964897455,-0.019239079192839913,350.0399348598148,0.002084586620130548,0.0006661558636445361,9.744401066514232e-05
7,0.06082637224697832,-0.006454109260602722,0.04105640388940084,-0.01524624986188006,0.002084586620130548,55.12024883011559,-0.0003495388758979978,0.00036867639759562544
8,-0.007857452862889405,0.004452558436832471,0.0003691135180642492,-0.0005725885671466383,0.0006661558636445361,-0.0003495388758979978,7.669951455134218,3.857068306879613e-05
9,-0.0020275916851151764,-0.00321480538261616,0.000136300645419569,-0.00014645743977008204,9.744401066514232e-05,0.00036867639759562544,3.857068306879613e-05,0.722307977511385
