,2,3,4,5,6,7,8,9
2,4718.5465255921445,0.10079874497976536,0.033044895620219596,0.025400945706463805,0.0012110617918550468,1.1741410866047009e-05,-2.0365273243862645e-05,-0.00030232462368916534
3,0.10079874497976536,1216.9152436475276,-0.014779379415414257,0.009800849220945084,-0.0005012762824951131,0.000941938749695379,-0.000948223922905219,0.0008124042639921651
4,0.033044895620219596,-0.014779379415414257,264.9345706176191,0.002263610566617319,0.0006236634621770095,-0.001342060992565758,0.0006341609187355196,-0.0002597989875828923
5,0.025400945706463805,0.009800849220945084,0.002263610566617319,52.721392684152335,0.00040412656304086,0.00019961977790049573,8.007229825663829e-05,-6.626736791565715e-05
6,0.0012110617918550468,-0.0005012762824951131,0.0006236634621770095,0.00040412656304086,9.495611686900004,8.349739999445815e-05,4.963293561251334e-05,3.0328462067782194e-05
7,1.1741410866047009e-05,0.000941938749695379,-0.001342060992565758,0.00019961977790049573,8.349739999445815e-05,1.675256589147704,-3.0389159990699986e-05,4.032767058648939e-06
8,-2.0365273243862645e-05,-0.000948223922905219,0.0006341609187355196,8.007229825663829e-05,4.963293561251334e-05,-3.0389159990699986e-05,0.319999105443915,4.259857454554643e-06
9,-0.00030232462368916534,0.0008124042639921651,-0.0002597989875828923,-6.626736791565715e-05,3.0328462067782194e-05,4.032767058648939e-06,4.259857454554643e-06,0.07026719890240506
