,2,3,4,5,6,7,8,9
2,37748.37220473512,0.705591214858451,0.19826937372131762,0.12700472853231895,0.004844247167418836,3.522423259825687e-05,-4.0730546487704696e-05,-0.00030232462368916534
3,0.705591214858451,8518.4067055332,-0.08867627649248301,0.049004246104729955,-0.002005105129980146,0.0028258162490861897,-0.0018964478458104923,0.0008124042639921651
4,0.19826937372131762,-0.08867627649248301,1589.6074237056685,0.011318052833084118,0.0024946538487079285,-0.004026182977697147,0.0012683218374710378,-0.0002597989875828923
5,0.12700472853231895,0.049004246104729955,0.011318052833084118,263.60696342076767,0.0016165062521633399,0.0005988593337014277,0.00016014459651327972,-6.626736791565715e-05
6,0.004844247167418836,-0.002005105129980146,0.0024946538487079285,0.0016165062521633399,37.98244674759874,0.0002504921999833721,9.926587122502553e-05,3.0328462067782194e-05
7,3.522423259825687e-05,0.0028258162490861897,-0.004026182977697147,0.0005988593337014277,0.0002504921999833721,5.025769767443197,-6.077831998139844e-05,4.032767058648939e-06
8,-4.0730546487704696e-05,-0.0018964478458104923,0.0012683218374710378,0.00016014459651327972,9.926587122502553e-05,-6.077831998139844e-05,0.6399982108878142,4.259857454554643e-06
9,-0.00030232462368916534,0.0008124042639921651,-0.0002597989875828923,-6.626736791565715e-05,3.0328462067782194e-05,4.032767058648939e-06,4.259857454554643e-06,0.07026719890240506
