index,0,1,2,3,4,5,6,7,8,9,10,11,12,13,14,15,16,17,18,19,20,21,22,23,24,25,26,27,28,29,30,31,32,33,34,35,36,37,38,39,40,41
0,39241.183609221116,1.1939748633993603,-0.21200054956776476,0.44247862374610697,0.11867563690870218,-0.15072524534197698,-0.1258770565627802,-1.9847607724772431,0.6354770571753849,-0.43452641430527517,-0.8165412933775118,-0.29389248605944956,0.11572016867858288,0.02213437418377916,-0.42550097762047245,0.48217169791715336,0.3057421896111523,0.36231013278981045,-0.19501681706112947,0.02049293305336332,-0.07213569205686289,-1.6908426014345355,0.7895090139877549,0.17337766485461456,0.2639899390399565,0.10869327421482512,0.38973295304527716,-0.08539895465261457,-0.49120233066403896,-2.1001137005832917,0.20799201699641287,-0.3638180262568037,-0.17295941759275973,0.34325122744420355,-0.020869075694450956,0.7659988347362968,-0.06595541076031537,-0.44828889942171246,0.19799154231510785,0.03399697080748893,0.02449838610212321,0.045856526544026895
1,1.1939748633993603,16581.20990016136,0.621637256594269,-0.4498614818407769,-0.06197865662056814,-0.09941833157772524,-0.009392311539039064,1.3653716063000227,-0.22825473077542519,-0.36363095392304057,0.11987876325089354,-0.11746703553821543,0.022996858029574897,-0.07805621940139695,-0.5334573456143584,0.21078282539600296,0.05874923468403354,0.2586394953489773,-0.01797920778311207,0.1464470399719083,0.0965212166361051,0.33614145896355907,-0.9662346493762772,-0.5962679890909145,0.1887221974536724,0.3547754987654076,-0.02806150543786689,0.13602324915079314,0.24230351444071566,-0.24152868324536583,-0.10028250892984439,0.055156343626039314,0.004236075464043082,-0.002657131797125352,0.007994416198307052,0.8956426483114898,-0.19997731153902362,-0.10633569381363757,-0.2897765592942607,0.05932983128206557,0.045864627302394885,0.07345144332505252
2,-0.21200054956776476,0.621637256594269,6968.55951947892,-0.12478345996393984,0.0007020848241413208,0.07429958386136239,0.03922640731386584,0.08044100741503131,0.4898441395005389,-0.14493620731760282,0.07840818825838607,-0.11554986439349582,0.09507181692290785,0.055465290273616345,-0.46011657356004043,-0.5670246451906672,0.45116322861916014,-0.10348621416500806,-0.11952868702739498,0.06908379076118795,0.020844048512978813,-0.45138553638092227,0.056357509530910385,0.23049901265635755,-0.2939668594828036,0.06240702479544876,-0.03171059197790401,0.03832017847632039,0.5000123104354351,0.17119054160451072,0.14681006168563904,-0.044293505314963476,0.04224639817871426,-0.04015851446217599,0.03201172435054482,-0.6442158934285381,0.5392696839802223,-0.01817734923616977,-0.34068388136080924,-0.014266548492977624,0.09466683100704586,-0.01523222006873264
3,0.44247862374610697,-0.4498614818407769,-0.12478345996393984,2952.457475273301,-0.052634153276348544,0.02767094271922563,-0.021026328725378893,-0.6084716398657031,-0.21704042965993808,0.004029086786633004,-0.13353538850062646,0.14383387144334264,0.0005527074391344991,-0.019923662595688126,0.34000406057452626,0.03115664070352352,0.0604045832438775,0.04514416827491484,-0.00649352788367459,0.01913300917573888,0.019082798864917705,-0.6650475551242844,0.15520866364783778,-0.07322162246550266,0.01272485134498469,0.053115074934899774,-0.043055371391843254,-0.07659228944768137,0.33364373666285524,0.08272738692736395,-0.17795620536270024,-0.0681576211591964,-0.04245057870151715,-0.05552770162875723,0.01969838524340011,0.32022242060112605,-0.040295784467568006,0.1253958266603925,0.0640902431587473,0.03684347811104873,-0.039323092650395464,-0.004152954303480977
4,0.11867563690870218,-0.06197865662056814,0.0007020848241413208,-0.052634153276348544,1229.9728214548377,-0.013105866631874293,0.006509516008567409,-0.01602846967819608,0.00314549538266835,0.23526306359648833,-0.026287404802287875,0.01685824992315167,-0.010397241967270755,-0.024942525100658537,0.10924324294584326,-0.16478624828694224,-0.012933812615572299,0.1610626015696272,0.022001720725859663,-0.034770370371438826,-0.004622347785345994,-0.1620648775303811,-0.38047310981134264,0.02520288950099313,-0.041814618591200885,-0.0040194766902137994,-0.009246847755570862,-0.017171470638388493,-0.03315625036250471,0.17137404499525197,0.010356599694900681,0.07208338612647208,-2.99524203741203e-05,0.0121408198416365,0.005647994305593109,0.013024661380402185,0.12742940251849788,-0.09363090827997121,0.08854324724793672,0.014137373166845248,0.0361671799950159,-0.022076875230808018
5,-0.15072524534197698,-0.09941833157772524,0.07429958386136239,0.02767094271922563,-0.013105866631874293,452.4076477870506,0.0016739061116645096,-0.2669211921498848,0.09074559690847986,-0.03176422422152325,0.023058385063168017,0.0233773812774074,-0.004471291677677145,0.002367037913585181,0.17995204149942842,0.1941174763448117,-0.04497564606886933,-0.0447630443892676,0.013393690347116642,-0.01471122100588275,-0.008592241562444793,0.12667091036333897,-0.0032095486722859288,0.05188062141092483,-0.014368584080389385,-0.0009040228259158107,-0.003682462353300322,0.006113151566997925,-0.01318826634761837,0.04256819902895204,0.03328528013232179,0.031238901753516297,-0.022059084818467842,-0.010918334605512997,0.009010259305832644,-0.15361852172969415,0.0172878208686919,0.01193212583398151,0.04429182381295721,-0.0004507596338285357,0.000458807825983971,-0.002165270667567738
6,-0.1258770565627802,-0.009392311539039064,0.03922640731386584,-0.021026328725378893,0.006509516008567409,0.0016739061116645096,276.67635678865605,0.06451605281237334,0.001368355721295083,0.08527851729579958,0.017099668220504655,-0.02174187696560199,-0.004450946263265388,-0.010441460660150436,-0.0781219597404563,0.024518979338434575,0.020617957287006376,0.029916803372483917,0.0075217425512076885,0.011454743389413493,0.005225197107022573,-0.1611797168769624,0.010315399219198159,0.055778775830939355,0.03543592355126644,-0.007335234648005529,-0.0023232320903649605,0.002857944436885179,0.20306119279556947,-0.024018090013996206,-0.0025974593976444485,0.03545196034348993,0.02094715600943531,-0.003178378074861898,-0.005940846482161058,-0.05228327208356685,-0.014050474629687552,0.01859351479653617,-0.02803999320227094,0.02765147778967039,-0.011611141216660256,0.0023914210526247105
7,-1.9847607724772431,1.3653716063000227,0.08044100741503131,-0.6084716398657031,-0.01602846967819608,-0.2669211921498848,0.06451605281237334,53970.9396840551,-0.08766707504087402,0.5589074029317894,0.08394878340445684,-0.053817252476245164,0.34080050215338115,-0.16283977055951968,-0.9730767018354216,0.2539621071421081,-0.32644243995657174,-0.5864478308754242,-0.15844371554606204,-0.1324199589402114,-0.07802608779635495,3.1871821730742265,1.1193600224730498,-0.029826211125126952,-0.2557631468831695,0.00017268714796908938,-0.11150362596383719,0.30061444702840245,1.6999812468211373,0.2233984279004204,-0.8369335869357861,-0.08171611411835752,-0.02021904604184146,0.1464923545250403,-0.1257907927552842,0.4371556333747683,-1.5143259568137497,-0.39070472985163673,-0.5640151391078257,0.31844260380942085,0.16628790894499001,-0.13488230176914748
8,0.6354770571753849,-0.22825473077542519,0.4898441395005389,-0.21704042965993808,0.00314549538266835,0.09074559690847986,0.001368355721295083,-0.08766707504087402,22259.39599263797,0.35818221391192506,0.19782550967243712,-0.0010392118062594155,0.18518359623536315,-0.187896532465654,-1.2101793210345198,-0.024040469565432092,0.5376964960278043,-0.22535233695534262,-0.19009814018731067,-0.05062594906336505,0.07630279314202044,-0.2700902505875182,-0.4894294089372761,0.15844788452012265,0.06442783652316306,-0.02232094173213313,-0.09365908380349336,-0.07584226920175942,-0.1894725592517348,0.20991830378469845,0.4030448496167389,-0.4093184433583426,-0.11828205087209336,0.04466636772324543,0.0041259282557651435,0.5964838288884391,0.8317498263554443,-0.728290715517587,0.20957163896918551,0.16592929246793361,-0.040119995800561935,-0.03601714772714592
9,-0.43452641430527517,-0.36363095392304057,-0.14493620731760282,0.004029086786633004,0.23526306359648833,-0.03176422422152325,0.08527851729579958,0.5589074029317894,0.35818221391192506,9502.774197994146,-0.3763312791488067,0.07104313774032456,0.09630644621835627,0.07525036332426444,0.24262066954124792,0.024430746593835696,-0.35708013439191816,-0.10056497846843844,-0.04444774044466322,0.03463456345991527,0.023686231347500846,0.08020614015653604,-0.00482138110155457,0.50038310121348,-0.014891942407868798,-0.08220649301554536,0.003564861419543905,-0.0072204447246355065,0.35809999045984775,0.15209011083801724,0.4964755074573896,0.10582046429217022,0.0623534122824107,0.03713420343233978,-0.05292641831859074,0.1559607579999462,-0.28583694784872654,0.2509882553023313,0.012804013849350109,0.03328772731795886,-0.0976237367556395,0.005721802060117405
10,-0.8165412933775118,0.11987876325089354,0.07840818825838607,-0.13353538850062646,-0.026287404802287875,0.023058385063168017,0.017099668220504655,0.08394878340445684,0.19782550967243712,-0.3763312791488067,3963.384273215612,-0.040909493905243774,0.02332892335404732,-0.022311558321136613,0.4580548289684792,-0.054222512060688684,0.0686125331317422,0.02172283104212745,-0.14389969284253096,-0.019578142086774736,-0.006828182836358416,-0.23824047379742624,0.329314482897511,0.03818034749179307,0.06459545586652353,-0.045367208422612555,-0.011863998608392351,-0.00927378735777679,0.02178651378066655,0.08411990046167205,-0.11480535106885245,-0.026554474463546248,-0.06138199158681082,0.019323454341279796,0.04565361914531906,-0.6395977319660707,-0.8201979017727036,-0.019651159766220828,-0.1015441514527156,-0.03555091706446649,-0.044116962433095985,0.026755224607558383
11,-0.29389248605944956,-0.11746703553821543,-0.11554986439349582,0.14383387144334264,0.01685824992315167,0.0233773812774074,-0.02174187696560199,-0.053817252476245164,-0.0010392118062594155,0.07104313774032456,-0.040909493905243774,1619.23162074067,0.02116223254262328,-0.024241356687104202,0.1778859328915425,-0.0953688443487248,0.11741418368535668,-0.06271480378779405,0.02177444006627216,-0.025729789195687143,0.029382466155453126,-0.01747818462746145,-0.10354023945005723,-0.2308335999314815,0.09981843459182939,-0.001120838207964469,0.018925873987269953,0.01627245019453582,-0.5976379277147131,0.03613292911026154,0.08984379443633041,-0.021450840467175585,0.037174485351962064,0.045592209248268366,0.011976931439841928,0.08521355604403077,-0.023021178694681167,0.03544214872293173,0.021083363987086188,-0.04882613188291995,0.010781301075159799,-0.002503015223881609
12,0.11572016867858288,0.022996858029574897,0.09507181692290785,0.0005527074391344991,-0.010397241967270755,-0.004471291677677145,-0.004450946263265388,0.34080050215338115,0.18518359623536315,0.09630644621835627,0.02332892335404732,0.02116223254262328,660.3818483148817,0.006329619846933817,-0.07142168995902104,-0.12435323844881438,-0.00725825754744478,-0.041414215949063145,0.030944912158886118,0.00646483045504803,-0.00656737373120846,0.1884266343330887,0.09660062885478894,-0.009452064614517825,0.01168495728944611,-0.013176462416422037,0.039845650457940675,0.0053351911628432966,-0.11384936475453218,-0.04674157229753133,-0.028048691692865012,0.06584755766877934,0.0012005488281957883,-0.01152268572109949,-0.02643509865179512,0.09135937258139257,-0.029331776610380392,0.08717166029403266,-0.0698029362679006,-0.06720112770847839,-0.011194351640755145,0.011190993982789511
13,0.02213437418377916,-0.07805621940139695,0.055465290273616345,-0.019923662595688126,-0.024942525100658537,0.002367037913585181,-0.010441460660150436,-0.16283977055951968,-0.187896532465654,0.07525036332426444,-0.022311558321136613,-0.024241356687104202,0.006329619846933817,318.84702510301656,0.021699237497669027,0.04585694067801497,-0.049724762837610924,0.04840415707036219,-0.0028044983421892378,0.008396613681923605,0.004230601695234538,-0.05089421850125952,-0.00376557312918374,0.041145916438722036,0.048922449029972746,-0.01205309813152478,0.0013271615315450962,0.012391155647410383,-0.07579362514421079,0.010424255255552739,-0.0015781962566039738,-0.01348540101791549,-0.033486326368224364,-0.005360852182076606,-0.0014675261523118845,-0.14327498335867833,-0.013403289059939257,0.018960174728963528,0.03529207626345945,-0.020307516259739422,-0.006715302120628911,-0.00397942181814739
14,-0.42550097762047245,-0.5334573456143584,-0.46011657356004043,0.34000406057452626,0.10924324294584326,0.17995204149942842,-0.0781219597404563,-0.9730767018354216,-1.2101793210345198,0.24262066954124792,0.4580548289684792,0.1778859328915425,-0.07142168995902104,0.021699237497669027,39241.342262106555,0.746210746729759,0.2411929271689184,0.28249513663284176,-0.23491993897014235,0.06650509099239292,-0.13949933546487703,-0.9118547290605573,1.9290944565303179,0.10080278669825286,0.15175522439581873,-0.025600358242953224,0.02364424840450963,-0.07592370581602538,-2.0029963489133142,0.7271487976580868,-0.07893995410964233,-0.45326860805767755,-0.010596004009023113,-0.06861532450718401,-0.10022360077298952,1.3856200561838004,0.05761832408180343,-0.5574025630368106,-0.32172271090582094,-0.21476572956063883,-0.14851110686458255,-0.06903006489299385
15,0.48217169791715336,0.21078282539600296,-0.5670246451906672,0.03115664070352352,-0.16478624828694224,0.1941174763448117,0.024518979338434575,0.2539621071421081,-0.024040469565432092,0.024430746593835696,-0.054222512060688684,-0.0953688443487248,-0.12435323844881438,0.04585694067801497,0.746210746729759,16348.46808320401,-0.25855623245937276,-0.07186623266921745,-0.007496996619298812,-0.33003991193916316,0.08949663983402903,0.21840205029876583,-0.24007832358052644,-0.3645267510740114,0.09721164846713264,0.010113612147528693,0.10021563830357416,0.03576858841252514,-0.851949983347757,0.3969153872189606,0.40177018271743625,-0.12573662479055486,0.19845813290840247,0.051351457038802444,0.05006529107502829,0.06244917349753867,0.11326729645932695,-0.015051655547586454,0.070324243622941,0.08047109593235666,-0.07324788909996256,-0.019881662169449997
16,0.3057421896111523,0.05874923468403354,0.45116322861916014,0.0604045832438775,-0.012933812615572299,-0.04497564606886933,0.020617957287006376,-0.32644243995657174,0.5376964960278043,-0.35708013439191816,0.0686125331317422,0.11741418368535668,-0.00725825754744478,-0.049724762837610924,0.2411929271689184,-0.25855623245937276,6585.657966584623,-0.27570712727705254,-0.03476014508746392,0.005131665564425452,-0.004106495896312586,0.23781088281756715,-0.13846777803256563,0.3196867079860044,-0.25013205172173236,-0.0365482001920978,-0.13940555877179356,0.06345389516239915,-0.13572401976631188,0.19482009780643744,-0.36639306550138884,0.023865558645055244,0.1292982142005083,0.07166879750828534,0.0009694885843769022,-0.2213777625797329,-0.28213576687203823,-0.621506852017475,-0.07784035983619961,0.01756983872061676,0.021126308077355226,0.06455279134000343
17,0.36231013278981045,0.2586394953489773,-0.10348621416500806,0.04514416827491484,0.1610626015696272,-0.0447630443892676,0.029916803372483917,-0.5864478308754242,-0.22535233695534262,-0.10056497846843844,0.02172283104212745,-0.06271480378779405,-0.041414215949063145,0.04840415707036219,0.28249513663284176,-0.07186623266921745,-0.27570712727705254,2765.861215388892,0.00581922964322811,-0.02874748278657548,0.04140156905407261,0.3553725552545776,0.17876552385850736,-0.12741578396169254,-0.09125898264217995,0.014730203507302581,0.0019527346985875331,-0.008283718470972146,0.24762976256857752,-0.22179608126128988,0.12962654689695294,0.03527015232818715,-0.027583347076442784,-0.026378903773094854,-0.007590805966512989,-0.07460940638582235,0.4260707629695007,-0.0776873388608426,-0.12083400756053059,-0.01820888645979123,-0.01302917725627447,0.015928782328209365
18,-0.19501681706112947,-0.01797920778311207,-0.11952868702739498,-0.00649352788367459,0.022001720725859663,0.013393690347116642,0.0075217425512076885,-0.15844371554606204,-0.19009814018731067,-0.04444774044466322,-0.14389969284253096,0.02177444006627216,0.030944912158886118,-0.0028044983421892378,-0.23491993897014235,-0.007496996619298812,-0.03476014508746392,0.00581922964322811,1208.378692578315,-0.022737431157398125,-0.029631179514660627,-0.0934235494999458,-0.25007566827162486,-0.05889365000115137,0.02414059102905385,0.01166134887666964,0.0049308557371755875,0.0038522349625824256,0.23922888475942117,0.07453635842462371,-0.08894783931283362,-0.033232816199303114,0.011213326725537535,-0.02023832570777851,-0.027071762423151884,-0.1723506997086937,-0.011627638351357284,0.08782500753230195,0.021117100922991495,-0.02565817841459016,0.01668164880991877,0.010545546613459984
19,0.02049293305336332,0.1464470399719083,0.06908379076118795,0.01913300917573888,-0.034770370371438826,-0.01471122100588275,0.011454743389413493,-0.1324199589402114,-0.05062594906336505,0.03463456345991527,-0.019578142086774736,-0.025729789195687143,0.00646483045504803,0.008396613681923605,0.06650509099239292,-0.33003991193916316,0.005131665564425452,-0.02874748278657548,-0.022737431157398125,449.5805631834698,-0.005003271973135128,-0.22121189057135074,-0.02501937020743375,0.07278161202697508,-0.020959529859885705,-0.01060558369916548,-0.009171829352850415,0.01588098804195826,0.09205564799525799,-0.10234704859642127,-0.021004934157027894,-0.01538142121369162,0.016502757117933267,-0.0064636269558143045,0.0022474684840276425,0.06681185141640994,0.1875288040738036,-0.08820187073882069,-0.02441014001957158,0.012955098289383855,-0.015456211813870614,-0.014791369886540229
20,-0.07213569205686289,0.0965212166361051,0.020844048512978813,0.019082798864917705,-0.004622347785345994,-0.008592241562444793,0.005225197107022573,-0.07802608779635495,0.07630279314202044,0.023686231347500846,-0.006828182836358416,0.029382466155453126,-0.00656737373120846,0.004230601695234538,-0.13949933546487703,0.08949663983402903,-0.004106495896312586,0.04140156905407261,-0.029631179514660627,-0.005003271973135128,213.9949951616484,-0.07943292997728446,0.10252169684734337,0.025753501503768407,-0.046443274586971346,0.01568389973382683,-0.009638360731342886,0.003960989876824543,-0.004125487358700606,0.03406835553835677,0.04187808352137936,-0.030514996405791122,-0.03136177159729204,-0.004803992707471106,0.003428546611591285,-0.052590369501617225,0.051975463054588715,-0.005236946414712681,-0.006069651771306461,0.015633423848954695,-0.0030102271768258733,-0.000142457349348506
21,-1.6908426014345355,0.33614145896355907,-0.45138553638092227,-0.6650475551242844,-0.1620648775303811,0.12667091036333897,-0.1611797168769624,3.1871821730742265,-0.2700902505875182,0.08020614015653604,-0.23824047379742624,-0.01747818462746145,0.1884266343330887,-0.05089421850125952,-0.9118547290605573,0.21840205029876583,0.23781088281756715,0.3553725552545776,-0.0934235494999458,-0.22121189057135074,-0.07943292997728446,46752.682987831904,-1.2504255434506097,0.0667311653971644,1.0614265636369833,-0.08654750913454874,-0.03952023668517344,0.2529483303785856,1.5088684076872392,0.18894358942890524,0.4300782236297857,0.8183027891261381,0.20828943560985538,0.28699126298752836,0.04615202992376059,-0.1915000387498457,0.23035153948664272,0.8353590283202118,0.07619498099961826,-0.39693311168027773,-0.1075186634178461,0.13566330583225705
22,0.7895090139877549,-0.9662346493762772,0.056357509530910385,0.15520866364783778,-0.38047310981134264,-0.0032095486722859288,0.010315399219198159,1.1193600224730498,-0.4894294089372761,-0.00482138110155457,0.329314482897511,-0.10354023945005723,0.09660062885478894,-0.00376557312918374,1.9290944565303179,-0.24007832358052644,-0.13846777803256563,0.17876552385850736,-0.25007566827162486,-0.02501937020743375,0.10252169684734337,-1.2504255434506097,18889.145262385904,0.07776653295669902,0.22735087495648557,-0.21006871342722436,-0.03933919479054573,0.08873517690822108,1.0389957045144858,-0.08294113827511987,-0.2739381800900608,-0.2587234682322721,-0.28666093289963684,0.22937772911465004,-0.06908261424707522,-1.2829445744774717,0.20732681067726008,0.3746979670898061,0.06943613294809385,0.022167814348127757,0.08100116647265104,-0.07573157525482967
23,0.17337766485461456,-0.5962679890909145,0.23049901265635755,-0.07322162246550266,0.02520288950099313,0.05188062141092483,0.055778775830939355,-0.029826211125126952,0.15844788452012265,0.50038310121348,0.03818034749179307,-0.2308335999314815,-0.009452064614517825,0.041145916438722036,0.10080278669825286,-0.3645267510740114,0.3196867079860044,-0.12741578396169254,-0.05889365000115137,0.07278161202697508,0.025753501503768407,0.0667311653971644,0.07776653295669902,7646.951352404108,0.05140282532925525,0.06770949085670491,-0.08543690915743407,-0.06029180485585577,0.10924243577065437,0.05850922788062552,0.08816135503057254,-0.12045165970531369,0.2871959408412525,-0.04499432653728515,-0.018406285554816056,-0.8407354582042247,-0.8506378516792048,0.1286676832973536,-0.029317900171827026,-0.054256369823711896,-0.04119455901279298,0.060103403816486926
24,0.2639899390399565,0.1887221974536724,-0.2939668594828036,0.01272485134498469,-0.041814618591200885,-0.014368584080389385,0.03543592355126644,-0.2557631468831695,0.06442783652316306,-0.014891942407868798,0.06459545586652353,0.09981843459182939,0.01168495728944611,0.048922449029972746,0.15175522439581873,0.09721164846713264,-0.25013205172173236,-0.09125898264217995,0.02414059102905385,-0.020959529859885705,-0.046443274586971346,1.0614265636369833,0.22735087495648557,0.05140282532925525,3283.9851550555927,-0.06897691659244126,0.03474337293748804,0.002142663143806632,0.35350694024130347,-0.36772155586077576,0.25997597032070624,0.02424731676514452,-0.15475796237637293,-0.02167611581061976,0.01592837196311258,-0.09151791619207673,0.14917995004176485,-0.08569397132306282,-0.08928345831008226,0.1725246364196172,-0.059696493809510684,-0.003136364655665662
25,0.10869327421482512,0.3547754987654076,0.06240702479544876,0.053115074934899774,-0.0040194766902137994,-0.0009040228259158107,-0.007335234648005529,0.00017268714796908938,-0.02232094173213313,-0.08220649301554536,-0.045367208422612555,-0.001120838207964469,-0.013176462416422037,-0.01205309813152478,-0.025600358242953224,0.010113612147528693,-0.0365482001920978,0.014730203507302581,0.01166134887666964,-0.01060558369916548,0.01568389973382683,-0.08654750913454874,-0.21006871342722436,0.06770949085670491,-0.06897691659244126,1392.1203530742716,-0.001906926950236787,-0.0004771649556855855,0.26012840107360413,-0.09342023092124013,0.03216580574845327,0.05113770600225644,0.03125703908347332,0.012072387630852825,0.010901341381242395,0.04870339625736613,-0.16729408556952508,-0.05192572723677695,0.03899454938284266,0.05928507658478355,-0.0071875336835715495,0.008169312009222331
26,0.38973295304527716,-0.02806150543786689,-0.03171059197790401,-0.043055371391843254,-0.009246847755570862,-0.003682462353300322,-0.0023232320903649605,-0.11150362596383719,-0.09365908380349336,0.003564861419543905,-0.011863998608392351,0.018925873987269953,0.039845650457940675,0.0013271615315450962,0.02364424840450963,0.10021563830357416,-0.13940555877179356,0.0019527346985875331,0.0049308557371755875,-0.009171829352850415,-0.009638360731342886,-0.03952023668517344,-0.03933919479054573,-0.08543690915743407,0.03474337293748804,-0.001906926950236787,523.0821612925586,0.01589295565639328,0.12329967376333452,0.06633685981062676,0.01156850949949796,-0.022911124263768325,0.015342421734727142,0.03419528750189976,0.011065120805039057,0.18302186145348384,-0.07833449662398435,0.04977013550280061,0.027257421430445954,0.0184973093994413,-0.01649803556776619,0.03115401097517858
27,-0.08539895465261457,0.13602324915079314,0.03832017847632039,-0.07659228944768137,-0.017171470638388493,0.006113151566997925,0.002857944436885179,0.30061444702840245,-0.07584226920175942,-0.0072204447246355065,-0.00927378735777679,0.01627245019453582,0.0053351911628432966,0.012391155647410383,-0.07592370581602538,0.03576858841252514,0.06345389516239915,-0.008283718470972146,0.0038522349625824256,0.01588098804195826,0.003960989876824543,0.2529483303785856,0.08873517690822108,-0.06029180485585577,0.002142663143806632,-0.0004771649556855855,0.01589295565639328,233.21381774783288,-0.08055629370468322,-0.01052796309216222,0.06373389635800156,0.025015151459858536,0.013195585376896031,0.005604675601381255,0.003232550352552568,0.02421455299767073,-0.05390233272706493,-0.011810259320383532,0.02390516747078048,-0.0292170209735365,-0.016710665149871823,-0.007260089046665844
28,-0.49120233066403896,0.24230351444071566,0.5000123104354351,0.33364373666285524,-0.03315625036250471,-0.01318826634761837,0.20306119279556947,1.6999812468211373,-0.1894725592517348,0.35809999045984775,0.02178651378066655,-0.5976379277147131,-0.11384936475453218,-0.07579362514421079,-2.0029963489133142,-0.851949983347757,-0.13572401976631188,0.24762976256857752,0.23922888475942117,0.09205564799525799,-0.004125487358700606,1.5088684076872392,1.0389957045144858,0.10924243577065437,0.35350694024130347,0.26012840107360413,0.12329967376333452,-0.08055629370468322,39470.5298134115,-1.2654960843255485,0.026822008177135776,0.1695895192274844,-0.22216380418142292,-0.2129117446791505,0.12690397831292477,-0.455460908746321,0.7949623911193632,0.8959560164911328,0.033118091955719214,0.16298502281075314,0.07335813776872482,0.11699802914591415
29,-2.1001137005832917,-0.24152868324536583,0.17119054160451072,0.08272738692736395,0.17137404499525197,0.04256819902895204,-0.024018090013996206,0.2233984279004204,0.20991830378469845,0.15209011083801724,0.08411990046167205,0.03613292911026154,-0.04674157229753133,0.010424255255552739,0.7271487976580868,0.3969153872189606,0.19482009780643744,-0.22179608126128988,0.07453635842462371,-0.10234704859642127,0.03406835553835677,0.18894358942890524,-0.08294113827511987,0.05850922788062552,-0.36772155586077576,-0.09342023092124013,0.06633685981062676,-0.01052796309216222,-1.2654960843255485,16664.491291783204,0.38802029076862354,0.03874733814840552,0.016775032035844965,0.1222001168740734,0.03160684499124712,-0.7434085714453371,0.29125528316031185,-0.5131831658112914,0.17120534782447663,0.09752415520223438,0.06510208949354655,-0.020801404683488563
30,0.20799201699641287,-0.10028250892984439,0.14681006168563904,-0.17795620536270024,0.010356599694900681,0.03328528013232179,-0.0025974593976444485,-0.8369335869357861,0.4030448496167389,0.4964755074573896,-0.11480535106885245,0.08984379443633041,-0.028048691692865012,-0.0015781962566039738,-0.07893995410964233,0.40177018271743625,-0.36639306550138884,0.12962654689695294,-0.08894783931283362,-0.021004934157027894,0.04187808352137936,0.4300782236297857,-0.2739381800900608,0.08816135503057254,0.25997597032070624,0.03216580574845327,0.01156850949949796,0.06373389635800156,0.026822008177135776,0.38802029076862354,6605.864219598338,0.15868475689403502,0.046266066403246695,0.07276233713933969,0.0866364731351677,-0.6471079386857981,-0.5935536046731941,-0.17409415652039426,-0.028301991433137472,0.08120818283867104,-0.10949855287663797,0.06942068864951412
31,-0.3638180262568037,0.055156343626039314,-0.044293505314963476,-0.0681576211591964,0.07208338612647208,0.031238901753516297,0.03545196034348993,-0.08171611411835752,-0.4093184433583426,0.10582046429217022,-0.026554474463546248,-0.021450840467175585,0.06584755766877934,-0.01348540101791549,-0.45326860805767755,-0.12573662479055486,0.023865558645055244,0.03527015232818715,-0.033232816199303114,-0.01538142121369162,-0.030514996405791122,0.8183027891261381,-0.2587234682322721,-0.12045165970531369,0.02424731676514452,0.05113770600225644,-0.022911124263768325,0.025015151459858536,0.1695895192274844,0.03874733814840552,0.15868475689403502,2821.1956381209475,0.014583275924588381,0.06908769352333181,-0.003101534466612518,-0.21539891061343744,0.04227314945148035,-0.10667662555116764,-0.12413918507395942,0.08673981238200801,-0.004338594087759897,0.044537655580657774
32,-0.17295941759275973,0.004236075464043082,0.04224639817871426,-0.04245057870151715,-2.99524203741203e-05,-0.022059084818467842,0.02094715600943531,-0.02021904604184146,-0.11828205087209336,0.0623534122824107,-0.06138199158681082,0.037174485351962064,0.0012005488281957883,-0.033486326368224364,-0.010596004009023113,0.19845813290840247,0.1292982142005083,-0.027583347076442784,0.011213326725537535,0.016502757117933267,-0.03136177159729204,0.20828943560985538,-0.28666093289963684,0.2871959408412525,-0.15475796237637293,0.03125703908347332,0.015342421734727142,0.013195585376896031,-0.22216380418142292,0.016775032035844965,0.046266066403246695,0.014583275924588381,1139.455105588409,0.05496285112845395,0.0032334023066681295,0.19503854656665237,0.014519265562184412,-0.07092821885836816,-0.021787097810347506,0.053325769315517434,0.012373943876278045,-0.002751940344310834
33,0.34325122744420355,-0.002657131797125352,-0.04015851446217599,-0.05552770162875723,0.0121408198416365,-0.010918334605512997,-0.003178378074861898,0.1464923545250403,0.04466636772324543,0.03713420343233978,0.019323454341279796,0.045592209248268366,-0.01152268572109949,-0.005360852182076606,-0.06861532450718401,0.051351457038802444,0.07166879750828534,-0.026378903773094854,-0.02023832570777851,-0.0064636269558143045,-0.004803992707471106,0.28699126298752836,0.22937772911465004,-0.04499432653728515,-0.02167611581061976,0.012072387630852825,0.03419528750189976,0.005604675601381255,-0.2129117446791505,0.1222001168740734,0.07276233713933969,0.06908769352333181,0.05496285112845395,462.9154480342649,0.020676627778899215,0.08935059518137761,0.14671562465208143,-0.01634438104969555,0.06895088949534951,0.01451493063801465,-0.012274634122666536,0.0004949731457687927
34,-0.020869075694450956,0.007994416198307052,0.03201172435054482,0.01969838524340011,0.005647994305593109,0.009010259305832644,-0.005940846482161058,-0.1257907927552842,0.0041259282557651435,-0.05292641831859074,0.04565361914531906,0.011976931439841928,-0.02643509865179512,-0.0014675261523118845,-0.10022360077298952,0.05006529107502829,0.0009694885843769022,-0.007590805966512989,-0.027071762423151884,0.0022474684840276425,0.003428546611591285,0.04615202992376059,-0.06908261424707522,-0.018406285554816056,0.01592837196311258,0.010901341381242395,0.011065120805039057,0.003232550352552568,0.12690397831292477,0.03160684499124712,0.0866364731351677,-0.003101534466612518,0.0032334023066681295,0.020676627778899215,200.23570480162334,0.03307596342152165,-0.07721374369492418,-0.04918398799561384,-0.025303276115345084,-0.015563394276738017,-0.0033871687376476017,0.003671530143461635
35,0.7659988347362968,0.8956426483114898,-0.6442158934285381,0.32022242060112605,0.013024661380402185,-0.15361852172969415,-0.05228327208356685,0.4371556333747683,0.5964838288884391,0.1559607579999462,-0.6395977319660707,0.08521355604403077,0.09135937258139257,-0.14327498335867833,1.3856200561838004,0.06244917349753867,-0.2213777625797329,-0.07460940638582235,-0.1723506997086937,0.06681185141640994,-0.052590369501617225,-0.1915000387498457,-1.2829445744774717,-0.8407354582042247,-0.09151791619207673,0.04870339625736613,0.18302186145348384,0.02421455299767073,-0.455460908746321,-0.7434085714453371,-0.6471079386857981,-0.21539891061343744,0.19503854656665237,0.08935059518137761,0.03307596342152165,44661.04356336398,-0.09557113790127021,0.1280439408421815,-0.6979088581641171,0.3360402861686482,-0.06375097829787216,-0.1450751617814401
36,-0.06595541076031537,-0.19997731153902362,0.5392696839802223,-0.040295784467568006,0.12742940251849788,0.0172878208686919,-0.014050474629687552,-1.5143259568137497,0.8317498263554443,-0.28583694784872654,-0.8201979017727036,-0.023021178694681167,-0.029331776610380392,-0.013403289059939257,0.05761832408180343,0.11326729645932695,-0.28213576687203823,0.4260707629695007,-0.011627638351357284,0.1875288040738036,0.051975463054588715,0.23035153948664272,0.20732681067726008,-0.8506378516792048,0.14917995004176485,-0.16729408556952508,-0.07833449662398435,-0.05390233272706493,0.7949623911193632,0.29125528316031185,-0.5935536046731941,0.04227314945148035,0.014519265562184412,0.14671562465208143,-0.07721374369492418,-0.09557113790127021,17881.820675560255,-0.5276691594209036,0.06505438926058098,-0.09468629954113605,0.028658259613009746,-0.011125529514545637
37,-0.44828889942171246,-0.10633569381363757,-0.01817734923616977,0.1253958266603925,-0.09363090827997121,0.01193212583398151,0.01859351479653617,-0.39070472985163673,-0.728290715517587,0.2509882553023313,-0.019651159766220828,0.03544214872293173,0.08717166029403266,0.018960174728963528,-0.5574025630368106,-0.015051655547586454,-0.621506852017475,-0.0776873388608426,0.08782500753230195,-0.08820187073882069,-0.005236946414712681,0.8353590283202118,0.3746979670898061,0.1286676832973536,-0.08569397132306282,-0.05192572723677695,0.04977013550280061,-0.011810259320383532,0.8959560164911328,-0.5131831658112914,-0.17409415652039426,-0.10667662555116764,-0.07092821885836816,-0.01634438104969555,-0.04918398799561384,0.1280439408421815,-0.5276691594209036,7419.816197928087,0.03170592922504304,0.08306798387494273,0.05899586716823108,0.0005443177918840721
38,0.19799154231510785,-0.2897765592942607,-0.34068388136080924,0.0640902431587473,0.08854324724793672,0.04429182381295721,-0.02803999320227094,-0.5640151391078257,0.20957163896918551,0.012804013849350109,-0.1015441514527156,0.021083363987086188,-0.0698029362679006,0.03529207626345945,-0.32172271090582094,0.070324243622941,-0.07784035983619961,-0.12083400756053059,0.021117100922991495,-0.02441014001957158,-0.006069651771306461,0.07619498099961826,0.06943613294809385,-0.029317900171827026,-0.08928345831008226,0.03899454938284266,0.027257421430445954,0.02390516747078048,0.033118091955719214,0.17120534782447663,-0.028301991433137472,-0.12413918507395942,-0.021787097810347506,0.06895088949534951,-0.025303276115345084,-0.6979088581641171,0.06505438926058098,0.03170592922504304,3249.022043616146,-0.015482900743007937,-0.05963045681089805,-0.0011254571223772132
39,0.03399697080748893,0.05932983128206557,-0.014266548492977624,0.03684347811104873,0.014137373166845248,-0.0004507596338285357,0.02765147778967039,0.31844260380942085,0.16592929246793361,0.03328772731795886,-0.03555091706446649,-0.04882613188291995,-0.06720112770847839,-0.020307516259739422,-0.21476572956063883,0.08047109593235666,0.01756983872061676,-0.01820888645979123,-0.02565817841459016,0.012955098289383855,0.015633423848954695,-0.39693311168027773,0.022167814348127757,-0.054256369823711896,0.1725246364196172,0.05928507658478355,0.0184973093994413,-0.0292170209735365,0.16298502281075314,0.09752415520223438,0.08120818283867104,0.08673981238200801,0.053325769315517434,0.01451493063801465,-0.015563394276738017,0.3360402861686482,-0.09468629954113605,0.08306798387494273,-0.015482900743007937,1233.3598666772912,-0.04028470451849422,0.04319823054484663
40,0.02449838610212321,0.045864627302394885,0.09466683100704586,-0.039323092650395464,0.0361671799950159,0.000458807825983971,-0.011611141216660256,0.16628790894499001,-0.040119995800561935,-0.0976237367556395,-0.044116962433095985,0.010781301075159799,-0.011194351640755145,-0.006715302120628911,-0.14851110686458255,-0.07324788909996256,0.021126308077355226,-0.01302917725627447,0.01668164880991877,-0.015456211813870614,-0.0030102271768258733,-0.1075186634178461,0.08100116647265104,-0.04119455901279298,-0.059696493809510684,-0.0071875336835715495,-0.01649803556776619,-0.016710665149871823,0.07335813776872482,0.06510208949354655,-0.10949855287663797,-0.004338594087759897,0.012373943876278045,-0.012274634122666536,-0.0033871687376476017,-0.06375097829787216,0.028658259613009746,0.05899586716823108,-0.05963045681089805,-0.04028470451849422,519.8794135812143,-0.0022532461429960616
41,0.045856526544026895,0.07345144332505252,-0.01523222006873264,-0.004152954303480977,-0.022076875230808018,-0.002165270667567738,0.0023914210526247105,-0.13488230176914748,-0.03601714772714592,0.005721802060117405,0.026755224607558383,-0.002503015223881609,0.011190993982789511,-0.00397942181814739,-0.06903006489299385,-0.019881662169449997,0.06455279134000343,0.015928782328209365,0.010545546613459984,-0.014791369886540229,-0.000142457349348506,0.13566330583225705,-0.07573157525482967,0.060103403816486926,-0.003136364655665662,0.008169312009222331,0.03115401097517858,-0.007260089046665844,0.11699802914591415,-0.020801404683488563,0.06942068864951412,0.044537655580657774,-0.002751940344310834,0.0004949731457687927,0.003671530143461635,-0.1450751617814401,-0.011125529514545637,0.0005443177918840721,-0.0011254571223772132,0.04319823054484663,-0.0022532461429960616,214.77759618967775
