,2,3,4,5,6,7,8,9
2,17166.15246799363,0.09729770996693429,0.13122402421204127,-0.03787563914719684,0.03618137042810674,0.02115792629146927,-0.004919092396480912,-0.0024594798378030198
3,0.09729770996693429,4525.269150298483,-0.10802145875775192,-0.01651888960311074,0.011244115808455099,-0.002164690396975835,0.002308909131921374,-0.003399606140310642
4,0.13122402421204127,-0.10802145875775192,1373.4411993169049,-0.007493754648627568,0.004567304337828565,0.014259890480220052,0.00020605091606714209,0.0001479272363671846
5,-0.03787563914719684,-0.01651888960311074,-0.007493754648627568,374.0423120302527,-0.0047944851832694224,-0.0055957585951811745,-0.000284278204079265,-9.453390870145353e-05
6,0.03618137042810674,0.011244115808455099,0.004567304337828565,-0.0047944851832694224,90.55459956409328,0.0007678285648608332,0.0003517191496723535,0.00013592092569440515
7,0.02115792629146927,-0.002164690396975835,0.014259890480220052,-0.0055957585951811745,0.0007678285648608332,20.86494314395936,-0.00018215117695095004,0.0004233051072215195
8,-0.004919092396480912,0.002308909131921374,0.00020605091606714209,-0.000284278204079265,0.0003517191496723535,-0.00018215117695095004,4.539528516481415,4.190511030751057e-05
9,-0.0024594798378030198,-0.003399606140310642,0.0001479272363671846,-9.453390870145353e-05,0.00013592092569440515,0.0004233051072215195,4.190511030751057e-05,0.8501935487522454
