index,0,1,2,3,4,5,6,7,8,9,10,11,12,13,14,15,16,17,18,19,20,21,22,23,24,25,26,27,28,29,30,31,32,33,34,35,36,37,38,39,40,41
0,55330.054824958585,1.539433412911047,-0.23102516773125528,0.47874106607914335,0.13028022334140166,-0.17607202887905984,-0.10126104543378417,-2.787772097580011,0.9104974326232436,-0.5086076863428063,-0.7623452034510352,-0.3304165987647947,0.10597463032147998,0.0259441461594647,-0.48750136909455877,0.5550006630079882,0.20369245879587647,0.379311145185243,-0.17698264549245019,0.006480412507980937,-0.07061172790174142,-2.0258310810707196,0.9512845400549076,0.1474131816199126,0.32739360714273397,0.10748300506700349,0.37013429573477874,-0.04672719996854134,-0.6538939771005935,-2.5422079032038747,0.24936171210076752,-0.448863329929577,-0.23983411315074193,0.392738801424837,-0.003808921400684097,0.893268665872494,-0.1570118724727939,-0.43156679940848525,0.16755376226716137,0.10571804964221986,0.058928043351251826,0.05559172411564288
1,1.539433412911047,19050.109676406573,0.7257951588621205,-0.4313295614694529,-0.12115763888669205,-0.11063477470888909,-0.009340916958893053,1.6456059347152092,-0.23946631869601845,-0.408857876623991,0.06702347210053998,-0.07982822335441524,0.02283731574105501,-0.08024618257868826,-0.6826899777452418,0.2501865492766465,0.15653177616027453,0.20665060158744203,-0.016340388791570407,0.12217465792031999,0.0918535439729431,0.3819088919282821,-1.0274943774843035,-0.6576152871470593,0.1940738263825766,0.3041434874478034,-0.0433914720280141,0.1092925526691198,0.33028380988464845,-0.2272778400508876,-0.14577143050596203,0.06929714683780358,-0.004261596873817466,-0.0003571628612810403,0.03078958494519269,1.0978640302153235,-0.340904164527782,-0.16740713976149388,-0.28943822515609147,0.048365456543290095,0.046512390559974776,0.06857704096410125
2,-0.23102516773125528,0.7257951588621205,6874.584815995846,-0.07820571047169401,-7.874464734241896e-06,0.08141262576115134,0.04234230105121511,0.12955372839178897,0.5030471498771539,-0.2161298072543589,0.07276809672750384,-0.11628288274137505,0.08205120985797505,0.0398169842680148,-0.4283018675426443,-0.5593726082219809,0.40482954026699625,-0.14589729096607149,-0.10573108205517255,0.06350389509445496,0.01253793324990749,-0.47015340435629843,0.12388744690314023,0.2318083342023108,-0.2679623999882986,0.0569358008922731,-0.02280413831828778,0.025639496186341166,0.537069092864092,0.12264018927017259,0.10847678467124379,-0.017192215233043182,0.04722631250639773,-0.040398223233232625,0.03120504162731734,-0.7001455874900937,0.5718778068231233,0.003638261929539715,-0.26338353487438004,-0.00165898700210844,0.08041661538069468,-0.015071228451859498
3,0.47874106607914335,-0.4313295614694529,-0.07820571047169401,2517.9104170143687,-0.05494019952039322,0.016886993756881397,-0.010745263083810358,-0.6561605736058497,-0.23933104766631114,0.018209763494328898,-0.1270407255512043,0.12805272581295524,0.0015383460061961687,-0.01760071721072418,0.32462645293309056,0.021660359608658964,0.07137177086529978,0.035202431252279884,-0.005467916365396113,0.0223625924297364,0.013588588679979795,-0.6035401197218678,0.16252058320802126,-0.07278185824196531,0.004762203166477673,0.03225652180147211,-0.03052836827999371,-0.05317030433953224,0.34299072608795267,0.009628871073919042,-0.1724120119439611,-0.04481346971948451,-0.037274940842206325,-0.036301233856948605,0.015770916038889856,0.40670133871691816,0.09499641117374376,0.11333969280628219,0.05880187725619173,0.018449994078519737,-0.028336847242956216,-0.008521297057652664
4,0.13028022334140166,-0.12115763888669205,-7.874464734241896e-06,-0.05494019952039322,960.4353266457274,-0.009949918310539688,0.00252740997434507,0.038617169929687896,0.005481125040155731,0.21409094605490733,-0.0231006279095643,0.013635539764035955,-0.009631027394859368,-0.020010794315380963,0.13586708265140743,-0.13154661974835521,0.02486391850426984,0.10964982076779348,0.015985646572876305,-0.02511957326396729,-0.00683306455143238,-0.17413615546459815,-0.372240276971155,0.016556789978816502,-0.018434704224033628,-0.00916318242282593,-0.011190205751018015,-0.010064113340981758,-0.04116034760984449,0.12330655472814935,-0.0008977077913005445,0.05839714419446952,-0.0025369089316430076,0.007332642789907432,0.003934987683861859,-0.02331165010357212,0.11475317483138135,-0.06237423191677312,0.06610625849926281,0.011401588055638982,0.02445465916374014,-0.01532796975417004
5,-0.17607202887905984,-0.11063477470888909,0.08141262576115134,0.016886993756881397,-0.009949918310539688,337.8998120090683,-0.0011884534117993083,-0.2741987227525904,0.07309281472953096,-0.021550428685534202,0.014590309297126418,0.019237571316521967,0.0021289735358633716,0.0012393907238834084,0.15582188574578165,0.17383299169314603,-0.03778723551140009,-0.04475844884162866,0.011981288694702814,-0.011072706438228708,-0.007867657298643421,0.1360487711026343,0.013456776716446997,0.03412034040727177,-0.004791181147031824,-0.002367864742977238,-0.0019514045350718385,0.004258487981253123,-0.03470418025795872,0.01630231009284745,0.016973855496391785,0.027721137383904103,-0.012769295227106233,-0.012170263317153509,0.004333219971533913,-0.11261433658219665,0.014951349934655373,-0.009425195726059675,0.042127414385672,-0.0030704274301435186,0.0046758830279941075,0.0005014201445977194
6,-0.10126104543378417,-0.009340916958893053,0.04234230105121511,-0.010745263083810358,0.00252740997434507,-0.0011884534117993083,228.02410202003063,0.08825317764304384,-0.0032750941049623766,0.0781610815467422,0.014906885841830045,-0.016376214563385255,-0.002312056957242829,-0.00975693394024173,-0.052714880181042166,0.014379267309836487,0.014985159057649076,0.021053123797335566,0.007490381926550886,0.00784243856303298,0.004065316011232341,-0.15093748479006538,0.0016757185434137392,0.048513682718889985,0.0321515446883197,-0.006525605963914515,-0.0023264399591186977,0.0017655734938899403,0.19407657107232007,-0.04377403731004889,0.0009720359909554321,0.026946626526560404,0.018150445272255455,-0.003939954628793829,-0.006840600905287754,-0.05341181730816795,0.0005169207089867391,0.023954628237192226,-0.02342590580721818,0.02366098781178891,-0.011770516612343976,0.002146433638208794
7,-2.787772097580011,1.6456059347152092,0.12955372839178897,-0.6561605736058497,0.038617169929687896,-0.2741987227525904,0.08825317764304384,75053.81778564357,-0.17804081783449952,0.6150801991215363,0.01825206674591916,-0.10238104852561485,0.32047002866279856,-0.11542570224138123,-1.2300149867022163,0.36165098931038925,-0.5095338770523876,-0.6381309602400254,-0.22125964976352425,-0.12789587512989048,-0.06359030405619853,4.3200437955555975,1.4609415135245538,-0.013805246868505087,-0.230473622968656,0.09818112175379662,-0.1556931576445525,0.29770639510348657,2.170593632564679,0.24198633017088922,-0.9709191846219095,-0.042081892016792265,-0.003443469174394695,0.1163655924647699,-0.13646588341918575,0.5655922959854485,-1.6612292020523123,-0.5825871022909056,-0.5731967436393994,0.2863321517754166,0.23430653886328587,-0.15365686808438853
8,0.9104974326232436,-0.23946631869601845,0.5030471498771539,-0.23933104766631114,0.005481125040155731,0.07309281472953096,-0.0032750941049623766,-0.17804081783449952,27107.086336510078,0.3350815553179745,0.1055981240454153,0.004965487421033444,0.17964636121862368,-0.17534499826060804,-1.5401931041520251,-0.06818380070967783,0.5757501234754726,-0.27413192754662746,-0.16141628507956837,-0.041770622950494274,0.049492646463795184,-0.3862698690085853,-0.5904967359403704,0.08459033882801266,0.07555306850722426,-0.06168715474895964,-0.07753283780541623,-0.06344283886622297,-0.10957026782211628,0.17494011127337838,0.43736705926964853,-0.3862067630098039,-0.10418434602271058,0.04421088329687294,0.010717043595145621,0.6538830510293092,1.0207997939784244,-0.7216597021879975,0.19231088515249797,0.1213173616623373,-0.00821141127842688,-0.032118899544484186
9,-0.5086076863428063,-0.408857876623991,-0.2161298072543589,0.018209763494328898,0.21409094605490733,-0.021550428685534202,0.0781610815467422,0.6150801991215363,0.3350815553179745,9416.340126118179,-0.34569130608165005,0.03605489456887474,0.06469239419001789,0.06801335168423789,0.1876879297355178,0.01681675439933393,-0.31213802543203817,-0.06934365084966942,-0.044487918655489324,0.0458513874643911,0.024583886449335696,0.06389646651419321,-0.03684121300137598,0.4618435888514554,0.00349901340564285,-0.0854804978770147,-0.0010198539497477933,-0.01449804728859298,0.42278120107867,0.14137163297323915,0.4593688394813824,0.07425402461712807,0.030050581368578706,0.029339075392469723,-0.046402208109776515,0.25191254222335263,-0.3219735324871254,0.21817608079982473,0.013928435796160616,0.0015028694877752544,-0.10078923470033847,0.02095151331111108
10,-0.7623452034510352,0.06702347210053998,0.07276809672750384,-0.1270407255512043,-0.0231006279095643,0.014590309297126418,0.014906885841830045,0.01825206674591916,0.1055981240454153,-0.34569130608165005,3533.2124948587807,-0.04612852544554628,0.029310529901395415,-0.014474913102824111,0.4885102935226168,-0.03533727060744116,0.02689772341929773,0.02593418295445408,-0.11317019509646076,-0.009615854752657797,-0.0048297506232258805,-0.25668973429122377,0.35654933213681267,0.03273306507841663,0.056878760124139255,-0.04009689267176899,-0.006893044579501911,-0.005070222643187623,-0.02814965832270212,0.05939169437242446,-0.08277957151615734,-0.004272959212350325,-0.04023134247228609,0.019444041921480196,0.0385832809937047,-0.697751318801826,-0.8256916230676946,0.013765288020346718,-0.05213439063897385,-0.03618698565838496,-0.03810705761163654,0.011041360802650935
11,-0.3304165987647947,-0.07982822335441524,-0.11628288274137505,0.12805272581295524,0.013635539764035955,0.019237571316521967,-0.016376214563385255,-0.10238104852561485,0.004965487421033444,0.03605489456887474,-0.04612852544554628,1327.3650436196926,0.015209264852908322,-0.010530166196814171,0.20684121759999805,-0.1468220778741497,0.12854222882375008,-0.034451329649262064,0.014623555657065024,-0.01923707201712876,0.026939579961930422,-0.026266240819400703,-0.120680588289212,-0.18962843360062573,0.055765602903625595,-0.01975908252077338,0.019770861183382324,0.009274923549186671,-0.5673832212751488,0.04888823233204138,0.062241268893909525,-0.0108925111730463,0.03047894037994089,0.039887814389541275,0.011950488713700337,0.06373557697708539,-0.060472141490155444,0.04710737722942351,0.023253471780107594,-0.04457643802135363,0.01110873054996913,-0.0012112832461944137
12,0.10597463032147998,0.02283731574105501,0.08205120985797505,0.0015383460061961687,-0.009631027394859368,0.0021289735358633716,-0.002312056957242829,0.32047002866279856,0.17964636121862368,0.06469239419001789,0.029310529901395415,0.015209264852908322,486.35107681060305,-0.0035112736552856925,-0.0811937513365852,-0.11846506010884654,-0.006788905945263144,-0.018839229793435178,0.015452039947459844,0.003367869570825671,-0.0037871090386610946,0.18369286458416506,0.10082200424414978,-0.010275749623552996,0.004989696919885363,-0.020120002512099465,0.035147375030730676,0.007334848200830189,-0.1048573999532765,-0.030342903254961716,-0.025729253296342708,0.0577207441453454,-0.008509830433719228,-0.007436168530258581,-0.02107980707894805,0.10766089413407591,-0.01278392586980918,0.08709081007433978,-0.051939218740307144,-0.05815189672452219,-0.008498998421441242,0.012195592232405251
13,0.0259441461594647,-0.08024618257868826,0.0398169842680148,-0.01760071721072418,-0.020010794315380963,0.0012393907238834084,-0.00975693394024173,-0.11542570224138123,-0.17534499826060804,0.06801335168423789,-0.014474913102824111,-0.010530166196814171,-0.0035112736552856925,240.666801935116,0.0047634360956002935,0.030008305843013304,-0.05301308960674973,0.031554029863759187,0.004448313493174856,0.006169727007590095,0.001206628890923861,-0.06898476185843563,0.007999451023571533,0.03952571599792259,0.03444543147031118,-0.008518653462186158,-0.0034507812499938125,0.009615749477896179,-0.07568467136337396,0.023332954027981585,-0.0007665522397556647,-0.016406369375206138,-0.026184640275167245,-0.004291303716157513,-0.0030878093374649557,-0.14033527707292728,-0.026230086831224762,0.023386543347380218,0.02672924076904283,-0.019379891697303885,-0.004081923767505259,-0.0041411946896987226
14,-0.48750136909455877,-0.6826899777452418,-0.4283018675426443,0.32462645293309056,0.13586708265140743,0.15582188574578165,-0.052714880181042166,-1.2300149867022163,-1.5401931041520251,0.1876879297355178,0.4885102935226168,0.20684121759999805,-0.0811937513365852,0.0047634360956002935,49215.42708868292,0.7959054372677399,0.2586657356352387,0.25283663636461723,-0.2445426157707594,0.006747188873337811,-0.12666154113608635,-1.056420471876329,2.2233018899071184,0.2077599169969857,0.17097032839198903,-0.04958926942159836,0.02842316943316449,-0.05764091796351435,-2.439052977571998,0.8784062505205262,-0.10779675479699173,-0.4445650264367803,0.0683876785892773,-0.013634282839522203,-0.1179030082677039,1.72458651369479,0.05970553744655571,-0.6623897014071399,-0.21607770042382518,-0.23096029991383418,-0.1609243507622862,-0.08061406680764599
15,0.5550006630079882,0.2501865492766465,-0.5593726082219809,0.021660359608658964,-0.13154661974835521,0.17383299169314603,0.014379267309836487,0.36165098931038925,-0.06818380070967783,0.01681675439933393,-0.03533727060744116,-0.1468220778741497,-0.11846506010884654,0.030008305843013304,0.7959054372677399,17976.88824508804,-0.27284460193979315,-0.11261842121930137,0.001552614856225238,-0.31671525479332346,0.06741957152270509,0.2155781369594643,-0.2962237674420555,-0.40762077655924295,0.0723998976997278,0.03742912707092374,0.11014594509399249,0.026233802019740286,-0.9856552502981069,0.35245332573905186,0.3754106163443663,-0.14216470018812877,0.17037267930442787,0.04676545537635701,0.048975933062583396,0.16599226769465988,0.0945595260222037,0.028775062023811138,0.07529353696941521,0.08871804528426003,-0.086068409342074,-0.009686396121203943
16,0.20369245879587647,0.15653177616027453,0.40482954026699625,0.07137177086529978,0.02486391850426984,-0.03778723551140009,0.014985159057649076,-0.5095338770523876,0.5757501234754726,-0.31213802543203817,0.02689772341929773,0.12854222882375008,-0.006788905945263144,-0.05301308960674973,0.2586657356352387,-0.27284460193979315,6345.596501278781,-0.22974566003900618,-0.03938323623333481,0.0006190726212236941,-0.0023027799523612693,0.32273228350982575,-0.15710311295301568,0.3365673956890218,-0.21127455038945242,-0.02006554309125488,-0.12457025366848291,0.055391572464667055,-0.14136075988736663,0.13175806671573365,-0.3673376218208087,0.028740650845786614,0.10467147416621357,0.042984362611004044,-0.0040284038162597255,-0.2733753578335607,-0.17222117662143444,-0.6136848866015703,-0.0951111742610046,0.025830362805163327,0.014010741618633747,0.06032954398808982
17,0.379311145185243,0.20665060158744203,-0.14589729096607149,0.035202431252279884,0.10964982076779348,-0.04475844884162866,0.021053123797335566,-0.6381309602400254,-0.27413192754662746,-0.06934365084966942,0.02593418295445408,-0.034451329649262064,-0.018839229793435178,0.031554029863759187,0.25283663636461723,-0.11261842121930137,-0.22974566003900618,2323.6316079276608,-0.0028295310131790535,-0.01908892090560187,0.032628447832095606,0.3560291501426726,0.16468119825984623,-0.09637345954643758,-0.10631713304653471,0.019859602735926307,0.00045583034840359266,-0.010823794469374575,0.20620032383963816,-0.23136073697201948,0.09848293641030798,0.044207190607689774,-0.02826396874265977,-0.007646628036701656,-0.011002426654553003,-0.10137600233701657,0.3987642197140997,-0.09862793943696131,-0.0887413783382621,-0.001635813248113404,-0.010908351280874402,0.015044126573400218
18,-0.17698264549245019,-0.016340388791570407,-0.10573108205517255,-0.005467916365396113,0.015985646572876305,0.011981288694702814,0.007490381926550886,-0.22125964976352425,-0.16141628507956837,-0.044487918655489324,-0.11317019509646076,0.014623555657065024,0.015452039947459844,0.004448313493174856,-0.2445426157707594,0.001552614856225238,-0.03938323623333481,-0.0028295310131790535,900.4032482966594,-0.020457513321638355,-0.02695140729941801,-0.18248414052345088,-0.18307077264487176,-0.07590751985586633,0.024842191150997707,0.006873540587662148,0.001456726724497696,0.007756958610173404,0.17447586065131945,0.034237641159006564,-0.08423991760646658,-0.01709576380096467,0.01877648481645524,-0.01712294405176486,-0.020617634706962037,-0.2000577912290467,-0.048464569493593165,0.08791854592687488,0.012694961781468046,-0.01774112572828263,0.016299251434520084,0.006784508422536738
19,0.006480412507980937,0.12217465792031999,0.06350389509445496,0.0223625924297364,-0.02511957326396729,-0.011072706438228708,0.00784243856303298,-0.12789587512989048,-0.041770622950494274,0.0458513874643911,-0.009615854752657797,-0.01923707201712876,0.003367869570825671,0.006169727007590095,0.006747188873337811,-0.31671525479332346,0.0006190726212236941,-0.01908892090560187,-0.020457513321638355,343.2758698347868,-0.0011017897591244139,-0.2366944795437352,0.004321197218004463,0.06430387739964472,-0.013786010993367482,-0.0036079419225991363,-0.006147572921266487,0.011399020934692045,0.07998739934133121,-0.054169734771646,-0.029650704663084962,-0.008638284657850541,0.018815351566459113,-0.005731508829267603,0.0005796458099519826,0.06581251557835495,0.16071756428876927,-0.06377186037570805,-0.018565931070346323,0.0053018728451851085,-0.008829197834393782,-0.011726911806123317
20,-0.07061172790174142,0.0918535439729431,0.01253793324990749,0.013588588679979795,-0.00683306455143238,-0.007867657298643421,0.004065316011232341,-0.06359030405619853,0.049492646463795184,0.024583886449335696,-0.0048297506232258805,0.026939579961930422,-0.0037871090386610946,0.001206628890923861,-0.12666154113608635,0.06741957152270509,-0.0023027799523612693,0.032628447832095606,-0.02695140729941801,-0.0011017897591244139,171.32636162918,-0.08316542110713557,0.10003097376826929,0.025615673813843803,-0.0413593412140706,0.021902914163693735,-0.004407287305075611,0.0005862727095597795,-0.03139187124308317,0.04450737116971801,0.015390980720078301,-0.02664984405323042,-0.022733470920340542,-0.0028324873235748465,0.003575749181671323,-0.0459575631028067,0.04173068918709011,-0.0009072297365572928,-0.005495445696199294,0.010336285543128099,-0.0013887365122808833,-0.0012371917512560785
21,-2.0258310810707196,0.3819088919282821,-0.47015340435629843,-0.6035401197218678,-0.17413615546459815,0.1360487711026343,-0.15093748479006538,4.3200437955555975,-0.3862698690085853,0.06389646651419321,-0.25668973429122377,-0.026266240819400703,0.18369286458416506,-0.06898476185843563,-1.056420471876329,0.2155781369594643,0.32273228350982575,0.3560291501426726,-0.18248414052345088,-0.2366944795437352,-0.08316542110713557,59917.39145602395,-1.5340105776941875,-0.0006093862963662028,1.0072698365791026,-0.08145408912149536,-0.029106386141113914,0.22445683802621838,1.912797173231896,0.26698984689347693,0.5394146621269509,0.8288607076395197,0.1790616679286919,0.25924253852950785,0.0606112492069591,-0.24020847403859902,0.4216681812137015,0.844484403166217,0.10158368185146241,-0.45188302079537607,-0.10543742029184687,0.12456539003760173
22,0.9512845400549076,-1.0274943774843035,0.12388744690314023,0.16252058320802126,-0.372240276971155,0.013456776716446997,0.0016757185434137392,1.4609415135245538,-0.5904967359403704,-0.03684121300137598,0.35654933213681267,-0.120680588289212,0.10082200424414978,0.007999451023571533,2.2233018899071184,-0.2962237674420555,-0.15710311295301568,0.16468119825984623,-0.18307077264487176,0.004321197218004463,0.10003097376826929,-1.5340105776941875,21362.484297719635,0.1494232989328706,0.21927153320663784,-0.21850996673815998,-0.06385606362720636,0.09190052159414523,1.148352925084782,-0.09389448386701046,-0.2710522165105986,-0.2130518223139368,-0.24602519594564787,0.2466442437013828,-0.061266636029291374,-1.6308040072194234,0.23870377609472565,0.3534497937150135,0.026138963879096404,0.04769473075402153,0.0651966677605649,-0.06665545234796649
23,0.1474131816199126,-0.6576152871470593,0.2318083342023108,-0.07278185824196531,0.016556789978816502,0.03412034040727177,0.048513682718889985,-0.013805246868505087,0.08459033882801266,0.4618435888514554,0.03273306507841663,-0.18962843360062573,-0.010275749623552996,0.03952571599792259,0.2077599169969857,-0.40762077655924295,0.3365673956890218,-0.09637345954643758,-0.07590751985586633,0.06430387739964472,0.025615673813843803,-0.0006093862963662028,0.1494232989328706,7615.9510499102225,0.04447885214274458,0.05833221160403893,-0.07320019057811547,-0.050496774890445434,0.1794650298822607,0.06774455619696516,0.051717665518634624,-0.10152652394916582,0.23859482784099523,-0.033964094721321135,-0.014658570762579495,-0.9855103022324461,-0.9444930735041229,0.09714361621716457,-0.04502243051823993,-0.030794195050803573,-0.043671519783617434,0.05225396176547448
24,0.32739360714273397,0.1940738263825766,-0.2679623999882986,0.004762203166477673,-0.018434704224033628,-0.004791181147031824,0.0321515446883197,-0.230473622968656,0.07555306850722426,0.00349901340564285,0.056878760124139255,0.055765602903625595,0.004989696919885363,0.03444543147031118,0.17097032839198903,0.0723998976997278,-0.21127455038945242,-0.10631713304653471,0.024842191150997707,-0.013786010993367482,-0.0413593412140706,1.0072698365791026,0.21927153320663784,0.04447885214274458,2686.5237115069485,-0.05259856172844806,0.03797327603854003,0.0037353132161295627,0.25232848840576966,-0.27113399893616336,0.21244183953978227,0.00729476207637288,-0.12181564483443771,-0.005239023184395105,0.0024738645687213284,-0.1023724407050783,0.11349489865277981,-0.07288291444309593,-0.07098325837412024,0.12022308719630195,-0.03591770880041842,-0.002164005329478932
25,0.10748300506700349,0.3041434874478034,0.0569358008922731,0.03225652180147211,-0.00916318242282593,-0.002367864742977238,-0.006525605963914515,0.09818112175379662,-0.06168715474895964,-0.0854804978770147,-0.04009689267176899,-0.01975908252077338,-0.020120002512099465,-0.008518653462186158,-0.04958926942159836,0.03742912707092374,-0.02006554309125488,0.019859602735926307,0.006873540587662148,-0.0036079419225991363,0.021902914163693735,-0.08145408912149536,-0.21850996673815998,0.05833221160403893,-0.05259856172844806,1004.4319414687055,-0.002637371603813176,0.0004405936526571906,0.18779112790184121,-0.037231392701037466,0.035437147893231484,0.03311482726475211,0.020283935110131258,0.004416883705870548,0.00966814474703648,-0.0032667690749480925,-0.15468422845380486,-0.06196614613196634,0.03814080893953103,0.03749910129737444,-0.013565468013585399,0.005365861490744261
26,0.37013429573477874,-0.0433914720280141,-0.02280413831828778,-0.03052836827999371,-0.011190205751018015,-0.0019514045350718385,-0.0023264399591186977,-0.1556931576445525,-0.07753283780541623,-0.0010198539497477933,-0.006893044579501911,0.019770861183382324,0.035147375030730676,-0.0034507812499938125,0.02842316943316449,0.11014594509399249,-0.12457025366848291,0.00045583034840359266,0.001456726724497696,-0.006147572921266487,-0.004407287305075611,-0.029106386141113914,-0.06385606362720636,-0.07320019057811547,0.03797327603854003,-0.002637371603813176,411.2923419252981,0.008464169941809761,0.08088418143001866,0.05995755337979658,0.0238523556684831,-0.020420633690162626,0.00890670636262147,0.021587318309336332,0.010564284566942863,0.15463727639588953,-0.05666951245059106,0.03834810782119126,0.018752966283505198,0.005141519110602201,-0.01103730367418365,0.022943965048885667
27,-0.04672719996854134,0.1092925526691198,0.025639496186341166,-0.05317030433953224,-0.010064113340981758,0.004258487981253123,0.0017655734938899403,0.29770639510348657,-0.06344283886622297,-0.01449804728859298,-0.005070222643187623,0.009274923549186671,0.007334848200830189,0.009615749477896179,-0.05764091796351435,0.026233802019740286,0.055391572464667055,-0.010823794469374575,0.007756958610173404,0.011399020934692045,0.0005862727095597795,0.22445683802621838,0.09190052159414523,-0.050496774890445434,0.0037353132161295627,0.0004405936526571906,0.008464169941809761,163.9354903293631,-0.06988563801364847,-0.006978375036108287,0.054168195410018743,0.018125635438343047,0.011929511859890989,0.006058105581088789,0.0008322919066425595,0.023734447474865087,-0.035378039541495966,-0.01000025795085649,0.027697752074583096,-0.020017699795400756,-0.010585529548468607,-0.0038629485199788826
28,-0.6538939771005935,0.33028380988464845,0.537069092864092,0.34299072608795267,-0.04116034760984449,-0.03470418025795872,0.19407657107232007,2.170593632564679,-0.10957026782211628,0.42278120107867,-0.02814965832270212,-0.5673832212751488,-0.1048573999532765,-0.07568467136337396,-2.439052977571998,-0.9856552502981069,-0.14136075988736663,0.20620032383963816,0.17447586065131945,0.07998739934133121,-0.03139187124308317,1.912797173231896,1.148352925084782,0.1794650298822607,0.25232848840576966,0.18779112790184121,0.08088418143001866,-0.06988563801364847,46350.16314719874,-1.4069925751464947,0.02918177960643977,0.1527550020439171,-0.22774804517079847,-0.1839559084346837,0.10935387269695276,-0.41318828139719116,0.9402791953145785,0.9529231573274622,0.03995912372223245,0.15475796597911817,0.10117404520403105,0.09761242365198841
29,-2.5422079032038747,-0.2272778400508876,0.12264018927017259,0.009628871073919042,0.12330655472814935,0.01630231009284745,-0.04377403731004889,0.24198633017088922,0.17494011127337838,0.14137163297323915,0.05939169437242446,0.04888823233204138,-0.030342903254961716,0.023332954027981585,0.8784062505205262,0.35245332573905186,0.13175806671573365,-0.23136073697201948,0.034237641159006564,-0.054169734771646,0.04450737116971801,0.26698984689347693,-0.09389448386701046,0.06774455619696516,-0.27113399893616336,-0.037231392701037466,0.05995755337979658,-0.006978375036108287,-1.4069925751464947,17163.845601144578,0.35463329737157345,0.05482658655155195,0.029256576138428823,0.11642605935712474,0.024699741713964468,-0.8773146990086406,0.30927972517035224,-0.4922123847013547,0.15961193108362015,0.07342392823273068,0.07035390946738714,-0.003908614620936997
30,0.24936171210076752,-0.14577143050596203,0.10847678467124379,-0.1724120119439611,-0.0008977077913005445,0.016973855496391785,0.0009720359909554321,-0.9709191846219095,0.43736705926964853,0.4593688394813824,-0.08277957151615734,0.062241268893909525,-0.025729253296342708,-0.0007665522397556647,-0.10779675479699173,0.3754106163443663,-0.3673376218208087,0.09848293641030798,-0.08423991760646658,-0.029650704663084962,0.015390980720078301,0.5394146621269509,-0.2710522165105986,0.051717665518634624,0.21244183953978227,0.035437147893231484,0.0238523556684831,0.054168195410018743,0.02918177960643977,0.35463329737157345,5967.864759162802,0.11114413576565561,0.03055301065824897,0.06409343245593195,0.07242296358105321,-0.5956574319853054,-0.5879650618001886,-0.18314405419102153,-0.013175394556068056,0.06550067699318647,-0.10027203889130691,0.056352052103315335
31,-0.448863329929577,0.06929714683780358,-0.017192215233043182,-0.04481346971948451,0.05839714419446952,0.027721137383904103,0.026946626526560404,-0.042081892016792265,-0.3862067630098039,0.07425402461712807,-0.004272959212350325,-0.0108925111730463,0.0577207441453454,-0.016406369375206138,-0.4445650264367803,-0.14216470018812877,0.028740650845786614,0.044207190607689774,-0.01709576380096467,-0.008638284657850541,-0.02664984405323042,0.8288607076395197,-0.2130518223139368,-0.10152652394916582,0.00729476207637288,0.03311482726475211,-0.020420633690162626,0.018125635438343047,0.1527550020439171,0.05482658655155195,0.11114413576565561,2055.7743653814764,0.003641045092895977,0.053781563276446856,-0.007629036274456728,-0.22796140418799898,0.05669827680101308,-0.10935460376091591,-0.08893925817311128,0.047078150887260556,0.0090247430401095,0.032529154980286766
32,-0.23983411315074193,-0.004261596873817466,0.04722631250639773,-0.037274940842206325,-0.0025369089316430076,-0.012769295227106233,0.018150445272255455,-0.003443469174394695,-0.10418434602271058,0.030050581368578706,-0.04023134247228609,0.03047894037994089,-0.008509830433719228,-0.026184640275167245,0.0683876785892773,0.17037267930442787,0.10467147416621357,-0.02826396874265977,0.01877648481645524,0.018815351566459113,-0.022733470920340542,0.1790616679286919,-0.24602519594564787,0.23859482784099523,-0.12181564483443771,0.020283935110131258,0.00890670636262147,0.011929511859890989,-0.22774804517079847,0.029256576138428823,0.03055301065824897,0.003641045092895977,839.6304411079444,0.03997839852795688,0.00457911729751,0.1764450034411249,0.009253690084188445,-0.03388005074410642,-0.00039806821747980853,0.04414437261680046,0.0028030881304778313,-0.005086234101807262
33,0.392738801424837,-0.0003571628612810403,-0.040398223233232625,-0.036301233856948605,0.007332642789907432,-0.012170263317153509,-0.003939954628793829,0.1163655924647699,0.04421088329687294,0.029339075392469723,0.019444041921480196,0.039887814389541275,-0.007436168530258581,-0.004291303716157513,-0.013634282839522203,0.04676545537635701,0.042984362611004044,-0.007646628036701656,-0.01712294405176486,-0.005731508829267603,-0.0028324873235748465,0.25924253852950785,0.2466442437013828,-0.033964094721321135,-0.005239023184395105,0.004416883705870548,0.021587318309336332,0.006058105581088789,-0.1839559084346837,0.11642605935712474,0.06409343245593195,0.053781563276446856,0.03997839852795688,343.52787625975697,0.01808216356376378,0.11086364372285844,0.12153639004786024,-0.019373285520639473,0.04746719313695311,0.014861972421189735,-0.010271409339667557,-0.002554284377504481
34,-0.003808921400684097,0.03078958494519269,0.03120504162731734,0.015770916038889856,0.003934987683861859,0.004333219971533913,-0.006840600905287754,-0.13646588341918575,0.010717043595145621,-0.046402208109776515,0.0385832809937047,0.011950488713700337,-0.02107980707894805,-0.0030878093374649557,-0.1179030082677039,0.048975933062583396,-0.0040284038162597255,-0.011002426654553003,-0.020617634706962037,0.0005796458099519826,0.003575749181671323,0.0606112492069591,-0.061266636029291374,-0.014658570762579495,0.0024738645687213284,0.00966814474703648,0.010564284566942863,0.0008322919066425595,0.10935387269695276,0.024699741713964468,0.07242296358105321,-0.007629036274456728,0.00457911729751,0.01808216356376378,155.94472834982093,0.0306500656764636,-0.06537976172385074,-0.03039834112751238,-0.017695184631826396,-0.009966825138708463,-0.002826307931560783,0.0030046926111058554
35,0.893268665872494,1.0978640302153235,-0.7001455874900937,0.40670133871691816,-0.02331165010357212,-0.11261433658219665,-0.05341181730816795,0.5655922959854485,0.6538830510293092,0.25191254222335263,-0.697751318801826,0.06373557697708539,0.10766089413407591,-0.14033527707292728,1.72458651369479,0.16599226769465988,-0.2733753578335607,-0.10137600233701657,-0.2000577912290467,0.06581251557835495,-0.0459575631028067,-0.24020847403859902,-1.6308040072194234,-0.9855103022324461,-0.1023724407050783,-0.0032667690749480925,0.15463727639588953,0.023734447474865087,-0.41318828139719116,-0.8773146990086406,-0.5956574319853054,-0.22796140418799898,0.1764450034411249,0.11086364372285844,0.0306500656764636,54967.843561756796,-0.10900119660567675,0.14474711739280263,-0.682606162128851,0.29947683966517796,-0.05787461977221696,-0.150517251200635
36,-0.1570118724727939,-0.340904164527782,0.5718778068231233,0.09499641117374376,0.11475317483138135,0.014951349934655373,0.0005169207089867391,-1.6612292020523123,1.0207997939784244,-0.3219735324871254,-0.8256916230676946,-0.060472141490155444,-0.01278392586980918,-0.026230086831224762,0.05970553744655571,0.0945595260222037,-0.17222117662143444,0.3987642197140997,-0.048464569493593165,0.16071756428876927,0.04173068918709011,0.4216681812137015,0.23870377609472565,-0.9444930735041229,0.11349489865277981,-0.15468422845380486,-0.05666951245059106,-0.035378039541495966,0.9402791953145785,0.30927972517035224,-0.5879650618001886,0.05669827680101308,0.009253690084188445,0.12153639004786024,-0.06537976172385074,-0.10900119660567675,18659.759131050567,-0.4919630663250773,0.05357040896804746,-0.07559008292072683,0.03294535087939787,0.0009624868142836837
37,-0.43156679940848525,-0.16740713976149388,0.003638261929539715,0.11333969280628219,-0.06237423191677312,-0.009425195726059675,0.023954628237192226,-0.5825871022909056,-0.7216597021879975,0.21817608079982473,0.013765288020346718,0.04710737722942351,0.08709081007433978,0.023386543347380218,-0.6623897014071399,0.028775062023811138,-0.6136848866015703,-0.09862793943696131,0.08791854592687488,-0.06377186037570805,-0.0009072297365572928,0.844484403166217,0.3534497937150135,0.09714361621716457,-0.07288291444309593,-0.06196614613196634,0.03834810782119126,-0.01000025795085649,0.9529231573274622,-0.4922123847013547,-0.18314405419102153,-0.10935460376091591,-0.03388005074410642,-0.019373285520639473,-0.03039834112751238,0.14474711739280263,-0.4919630663250773,6985.285778169626,0.005285387917552776,0.06638827520683531,0.0504353539143364,-0.00248962868294382
38,0.16755376226716137,-0.28943822515609147,-0.26338353487438004,0.05880187725619173,0.06610625849926281,0.042127414385672,-0.02342590580721818,-0.5731967436393994,0.19231088515249797,0.013928435796160616,-0.05213439063897385,0.023253471780107594,-0.051939218740307144,0.02672924076904283,-0.21607770042382518,0.07529353696941521,-0.0951111742610046,-0.0887413783382621,0.012694961781468046,-0.018565931070346323,-0.005495445696199294,0.10158368185146241,0.026138963879096404,-0.04502243051823993,-0.07098325837412024,0.03814080893953103,0.018752966283505198,0.027697752074583096,0.03995912372223245,0.15961193108362015,-0.013175394556068056,-0.08893925817311128,-0.00039806821747980853,0.04746719313695311,-0.017695184631826396,-0.682606162128851,0.05357040896804746,0.005285387917552776,2525.3045974372485,-0.02246964318542385,-0.035425084505454646,0.0014718424179009238
39,0.10571804964221986,0.048365456543290095,-0.00165898700210844,0.018449994078519737,0.011401588055638982,-0.0030704274301435186,0.02366098781178891,0.2863321517754166,0.1213173616623373,0.0015028694877752544,-0.03618698565838496,-0.04457643802135363,-0.05815189672452219,-0.019379891697303885,-0.23096029991383418,0.08871804528426003,0.025830362805163327,-0.001635813248113404,-0.01774112572828263,0.0053018728451851085,0.010336285543128099,-0.45188302079537607,0.04769473075402153,-0.030794195050803573,0.12022308719630195,0.03749910129737444,0.005141519110602201,-0.020017699795400756,0.15475796597911817,0.07342392823273068,0.06550067699318647,0.047078150887260556,0.04414437261680046,0.014861972421189735,-0.009966825138708463,0.29947683966517796,-0.07559008292072683,0.06638827520683531,-0.02246964318542385,935.5907855064136,-0.02511752071174129,0.030167480618583976
40,0.058928043351251826,0.046512390559974776,0.08041661538069468,-0.028336847242956216,0.02445465916374014,0.0046758830279941075,-0.011770516612343976,0.23430653886328587,-0.00821141127842688,-0.10078923470033847,-0.03810705761163654,0.01110873054996913,-0.008498998421441242,-0.004081923767505259,-0.1609243507622862,-0.086068409342074,0.014010741618633747,-0.010908351280874402,0.016299251434520084,-0.008829197834393782,-0.0013887365122808833,-0.10543742029184687,0.0651966677605649,-0.043671519783617434,-0.03591770880041842,-0.013565468013585399,-0.01103730367418365,-0.010585529548468607,0.10117404520403105,0.07035390946738714,-0.10027203889130691,0.0090247430401095,0.0028030881304778313,-0.010271409339667557,-0.002826307931560783,-0.05787461977221696,0.03294535087939787,0.0504353539143364,-0.035425084505454646,-0.02511752071174129,408.2779197283171,-0.00040432478377513037
41,0.05559172411564288,0.06857704096410125,-0.015071228451859498,-0.008521297057652664,-0.01532796975417004,0.0005014201445977194,0.002146433638208794,-0.15365686808438853,-0.032118899544484186,0.02095151331111108,0.011041360802650935,-0.0012112832461944137,0.012195592232405251,-0.0041411946896987226,-0.08061406680764599,-0.009686396121203943,0.06032954398808982,0.015044126573400218,0.006784508422536738,-0.011726911806123317,-0.0012371917512560785,0.12456539003760173,-0.06665545234796649,0.05225396176547448,-0.002164005329478932,0.005365861490744261,0.022943965048885667,-0.0038629485199788826,0.09761242365198841,-0.003908614620936997,0.056352052103315335,0.032529154980286766,-0.005086234101807262,-0.002554284377504481,0.0030046926111058554,-0.150517251200635,0.0009624868142836837,-0.00248962868294382,0.0014718424179009238,0.030167480618583976,-0.00040432478377513037,161.40788318792784
