,3,4,5,6,7,8,9
3,946850.547172709,22.07649902169089,-0.27792405993038555,-5.572248342395786,0.6079559956828474,-0.531923550290584,0.005644814230924539
4,22.07649902169089,391888.2716162013,9.430666891382286,1.5213654954061648,3.107911954191997,-0.6848671895136487,-0.04086488217321086
5,-0.27792405993038555,9.430666891382286,115589.72631605515,0.525219417119116,-0.6507649894318267,0.49679433567164816,0.0279892027965351
6,-5.572248342395786,1.5213654954061648,0.525219417119116,35464.955252780856,-0.3866483245326568,-0.11019524890606155,0.09923916012687903
7,0.6079559956828474,3.107911954191997,-0.6507649894318267,-0.3866483245326568,6775.1178523439385,0.0431898131396247,0.0033359652158999496
8,-0.531923550290584,-0.6848671895136487,0.49679433567164816,-0.11019524890606155,0.0431898131396247,735.1787356301282,0.00020223873318592542
9,0.005644814230924539,-0.04086488217321086,0.0279892027965351,0.09923916012687903,0.0033359652158999496,0.00020223873318592542,65.5706647169149
