,2,3,4,5,6,7,8,9
2,0.0,0.0,0.0,0.0,0.0,0.0,0.0,0.0
3,0.0,6627953.830208654,132.45899413015124,-1.3896202996523093,-22.288993369584837,1.8238679870484353,-1.0638471005811683,0.005644814230924539
4,0.0,132.45899413015124,2351329.62969734,47.15333445691127,6.085461981625094,9.323735862575894,-1.3697343790272098,-0.04086488217321086
5,0.0,-1.3896202996523093,47.15333445691127,577948.6315802655,2.100877668476414,-1.95229496829546,0.9935886713433091,0.0279892027965351
6,0.0,-22.288993369584837,6.085461981625094,2.100877668476414,141859.8210111252,-1.1599449735979757,-0.22039049781211478,0.09923916012687903
7,0.0,1.8238679870484353,9.323735862575894,-1.95229496829546,-1.1599449735979757,20325.353557031038,0.08637962627924921,0.0033359652158999496
8,0.0,-1.0638471005811683,-1.3697343790272098,0.9935886713433091,-0.22039049781211478,0.08637962627924921,1470.3574712602745,0.00020223873318592542
9,0.0,0.005644814230924539,-0.04086488217321086,0.0279892027965351,0.09923916012687903,0.0033359652158999496,0.00020223873318592542,65.5706647169149
