,2,3,4,5,6,7,8
2,0.0,0.0,0.0,0.0,0.0,0.0,0.0
3,0.0,6901357.581334326,-288.35987830162065,15.612170898986891,-0.8744880984919033,-5.088059815154005,1.2435549624763247
4,0.0,-288.35987830162065,4597811.53053095,-35.862670584130726,15.362989702664992,9.209872385476096,1.535669831156569
5,0.0,15.612170898986891,-35.862670584130726,1341900.2266544364,2.57221549433015,0.06588357972901206,1.0629425715947773
6,0.0,-0.8744880984919033,15.362989702664992,2.57221549433015,182291.18212918815,-0.02965447505187154,0.4463543630650812
7,0.0,-5.088059815154005,9.209872385476096,0.06588357972901206,-0.02965447505187154,15689.511274914143,-0.20412602000402413
8,0.0,1.2435549624763247,1.535669831156569,1.0629425715947773,0.4463543630650812,-0.20412602000402413,584.6104919767597
