,0,2,3,4,5,6,7,8,9,10,11,12,13,14,15,16,17,18,20,22,23,24,25,26,27,28,29,30,31,32,33,34,38,39,40,41,42,43,44,45,46,47,48,49,50,52,54,55,56,57,58,59,60,61,62,63
0,53.27153355627392,0.0012604622278196542,-5.421391729733005e-05,-0.002349995794300781,0.0009287058187664269,0.002726781858672395,-0.0006979467790286186,-0.0007568754102222952,0.00034265927025448376,-0.0006244182993527323,5.916284337045379e-05,0.0017746999571720931,-0.0005148565048250993,-6.942430028831478e-05,-0.001778044252372766,-0.0010585724482465079,-0.0008314489402283222,-0.00027736643280142857,-0.00048121492394913974,0.0004529512886571269,-0.002079658115222092,-0.0005150369544762598,0.0012612393958607504,-0.002437761136496862,0.0007994957477228553,6.37538122681424e-05,-0.0004482209658055892,-0.0009944152718361265,0.000334734424242853,-0.00034153517863098665,0.0012332380526254413,0.000671430551441735,-0.00038257045683644795,0.0003557330013182646,0.0013009496370380916,0.0008731260812296746,0.00037371789635180287,0.00034764995230951527,0.001969339363799927,0.0033788684747075855,-0.0011161192553666899,0.0001254978669930947,-0.0013638242666748112,0.0013684063357514177,-0.0006450560290626124,0.000782740419223089,-0.00013195132114190406,-0.00130830997919709,-0.003578053522153545,-0.0005976659331709659,0.00017861435678061995,-0.000434274795624432,0.00013386856106660923,6.0270573867437325e-05,0.0023201850324626504,0.0011147696855355346
2,0.0012604622278196542,72.90998690203973,-0.0006336287072283191,-0.004797492879207727,-0.001368225089568537,-0.0032287312903037,0.0004481332764584343,0.0003560633878111303,-6.722546693059841e-06,-0.002312825859541843,0.0013933435130246718,0.0003094726311555056,-0.00012154556688295738,-0.0004785022685596597,0.00017308066432368505,0.004186736619816082,0.0022212598245690256,0.0024102415482674436,0.0009970417952253276,0.0010723576730617885,0.000178700705118982,0.00034389089093677695,-0.00037682610437618296,-0.0005943868066941053,-0.0004745245075416076,0.00046382596043642224,-0.0006157946310087613,0.0026189999268595994,-0.0013111027338977873,0.0008938498796783804,0.00036081822193302377,0.002191932867566339,-0.0007300658650800149,0.00014771203822355807,-0.0003414776138771149,0.0015778906927476509,0.0012805465371205846,-0.0007698401199563518,0.00011928399383677773,0.000978203341723345,-0.0007132818238339788,0.0020330485274977143,0.0013991021744327442,0.0009387010281260949,-0.001150059280325976,-0.001466467539137978,-8.456393050896134e-05,8.337978404945567e-05,-0.0024672306867126515,-0.0028579360152788144,9.306239393352866e-05,-0.0031660943521491193,0.00026382566813444716,-0.00041618612927557064,-0.0022236891429584277,0.0009263877490093663
3,-5.421391729733005e-05,-0.0006336287072283191,21.123612747706602,-0.0004440382270696906,-5.7872648332453476e-05,0.0009089825134825161,0.0005474802672980731,0.0004040637349986197,0.00026464302313594255,0.001183179416763949,-0.0003379840073902548,-0.00016738334866671,-0.00048041532260602885,0.0012119966607237467,-0.00044026867765596336,-0.0005061897753161643,-0.0007234331791414732,-0.0006268287723651356,-8.442190011287975e-05,8.122552117313637e-05,3.229504113431865e-05,0.0005002138241061006,0.0002753783798666861,-0.0018398513630384357,-0.0010958652981705038,-0.00023092163840182796,-0.0009282993803023732,0.0009229948771395265,-7.804151185405112e-05,0.0010778916136435794,-0.0009305516767095124,0.0011931867663401861,0.0014783323096318975,-0.0002765368956877402,0.0002527115077584091,0.00012198923041776718,0.0008260658961043625,0.0006783361987968488,-0.001043859573046369,2.671717534361317e-05,0.0006403332403340134,-0.0014329187416225013,0.00022843201793971212,-0.0006259805381125421,-0.00019310177844653552,-0.0007851235506980181,-0.0003144049797728773,0.0011354265936438512,4.5078739199034066e-05,0.000692907500901162,-0.00047251782305332335,0.0006389543408089473,0.000385372408673083,0.0006968062611181933,-0.0003803975271610819,0.000503932617426188
4,-0.002349995794300781,-0.004797492879207727,-0.0004440382270696906,87.97299710872045,0.0018784096920847879,0.0014582579236148442,-0.0010622159741469782,0.0007935214255434705,-0.0003220842896491305,-0.00040365483020982784,-0.0029447166061677067,0.0008023835756285011,-0.00029729376832053736,-0.0022631025186972097,0.0006131858418980755,-0.0031839834089369733,-0.0009707578344773542,0.0025001835854880717,0.0025460776895014784,0.0008005099020619292,0.0015021426507606057,-0.0019420669180899785,0.0004506371585379698,0.00015209879008332982,0.0010006024542567537,7.313918023694881e-05,-0.0022844381227172523,-0.0008879241748782566,0.0017925274859344562,0.0020306760189045506,0.000280857714364276,0.00047627399131080567,0.0003596308444378826,-0.00014705912623971985,-0.0010827061940369774,0.000861659495952722,1.0391899513107764e-05,0.0015478504457372775,0.002111403717735661,0.002527513297827996,0.00212854865309754,-0.0026139919454953695,0.0013061735468099047,0.003628746290845743,0.0013073750252443326,-0.0003252568828732442,0.0014666216610102285,0.00031799962221225293,0.0018463651104678536,0.002022040285800001,0.0002858246584315139,-0.002220566711768199,0.00013403937996382141,-0.0013656307344894804,0.002313601517469044,-0.001742119757402803
5,0.0009287058187664269,-0.001368225089568537,-5.7872648332453476e-05,0.0018784096920847879,55.21551751769021,-0.0025831735657928,-0.00041527595185313987,0.0002273689807613068,-0.0004706999705361585,-0.001308427963398421,0.0006878980123817919,-0.0025424019739718317,-6.0643504363049326e-05,0.00013793789924439057,7.603895883691685e-05,-0.0013390106999111612,-0.00023255838420608048,-0.0006425681715488688,0.0015310480743038412,-0.0013861082423944529,-0.0013462216434271819,0.0002904893862385205,0.0005034200983163107,0.002098225570987671,-0.0002459037615981051,-0.0005368761511164974,-0.00041950425845719826,0.000837498050936453,0.000848699273237072,-0.0002742859958284066,0.0009110265273345198,-0.000872793570237041,-0.0015587506634950207,0.001369627509858403,0.00016666241947506797,-0.0002484641472683349,0.004549919269708384,-0.0013463468054925622,0.0015633998382262133,0.0008568533344681711,0.0002093717727557852,-0.0006098734369659078,-0.0012562972306914006,0.0011317581949961025,-0.0038223788868103604,-0.0004531854219878062,0.0004444633615846529,0.0006418266351872442,0.0003122994097285477,-0.0003877674788829588,-0.0004339382929142624,-0.0022608923786594424,1.3873557571548688e-05,-0.000217859673188547,0.0028727139038449523,0.0009788978551524064
6,0.002726781858672395,-0.0032287312903037,0.0009089825134825161,0.0014582579236148442,-0.0025831735657928,40.17236337641652,9.037628222789004e-05,-0.00011902273154698885,0.0005648916667684335,0.000240326972948437,-0.00020826682036465175,-3.2697337707088634e-05,-0.0010148485032789854,0.0015063431867910618,0.0017050496444372,-7.288223798846147e-05,-0.0007124956744348547,-0.0010517366817832186,0.0015058461533784555,0.0003014284353137151,0.00043976189248341215,0.0011411915058100047,0.0002646282465188419,0.0009838572949453588,0.0004518182058821271,-0.0001251292340295823,-0.0007571225314937879,-0.001048352559036297,-0.00017310486487424046,0.0006177694540997342,-0.0004779638702397566,-0.0003015983794705098,0.002620448375560275,0.0008020709776986436,0.00030593004523356813,-0.0008337518549415922,0.0010466650833830062,-9.798348727652298e-05,0.0021459912578508183,0.00041195126008733733,0.0010224149791456657,0.000394973462164957,0.0016583881415994713,0.002547773044896006,0.00034839471900126464,-0.0004373932081826002,-6.307106912448894e-05,0.0006217425729370016,0.00035109702081345884,-0.0005466825153020995,0.0016250014696662638,-0.0005464210331151895,0.00014833317805106085,-0.00048206805181092306,-0.000527768811674736,0.001476771707085318
7,-0.0006979467790286186,0.0004481332764584343,0.0005474802672980731,-0.0010622159741469782,-0.00041527595185313987,9.037628222789004e-05,22.801312924214955,8.94671697131384e-05,0.00018366781734726606,0.00010518984878938552,-0.001355255691664749,-0.0008869990597273564,-0.0017412553739838126,5.638369022168587e-05,-0.0011508554120796726,0.0012925827808879919,0.0006054501960141913,3.8319472143677504e-05,0.0007409068438342218,-0.0004416071643277104,0.0004712804282308442,-0.0004999721098646023,-0.00036054794204862413,0.0017318192058030084,-0.00016100078875581683,0.0006366965101080221,-0.001039082405264819,0.0007675412183364017,0.0016396925333781519,-0.0009500085659297155,-0.00045304619916734063,0.0011081316034175857,-0.001274049953301304,0.0011955779233695073,0.0017618175367434949,-0.0010866306787801765,-0.0026859364236661853,0.0006703474328005461,-0.0003610259226318932,-0.0008423097751673437,0.0007083212327345104,-0.00047867726523367286,0.000509767115986735,0.0001255307114110498,0.00043976086700669813,-0.0006409879748536062,-0.0006978565737939345,0.0006552516204264862,-0.00072357143071538,-0.0008132257874043404,0.00027302673194641705,-0.0006262209896476074,0.000663481704025629,0.0002052297112246276,0.0004024371935232535,-0.0005974897288283833
8,-0.0007568754102222952,0.0003560633878111303,0.0004040637349986197,0.0007935214255434705,0.0002273689807613068,-0.00011902273154698885,8.94671697131384e-05,1.7805118480060163,7.172600966296837e-05,-0.00010952734612577965,-0.00023335001664607897,0.00021542776925358406,3.176681782147001e-05,-0.00017554371451725082,-0.00012553356441302854,0.0001334515024074093,0.0002899479230824744,7.260156585770612e-05,1.6493267256616248e-05,0.00019530532617061873,-4.242733461003102e-05,6.470130629598077e-05,9.558821969805678e-05,-0.00011561353211514366,-0.00011453229622633286,-0.00018278564197523445,-0.00011198191202647845,-7.814582851136537e-05,8.617700369186405e-05,-0.00010354378734912755,-8.633218659024443e-05,0.00026720437458783395,-0.0003995273736374492,2.9292985630321863e-05,0.00020785504091923708,-0.0003028786403624779,-0.0006039331844236429,0.00021689748176010075,0.00010204134820695225,-9.71769467594673e-05,5.0049033687774014e-05,-0.00012282675870608137,-5.0295756392196916e-05,0.0002880076576611253,-0.00020466657906147926,-0.00020559306001634677,-4.423170477306268e-05,0.0003323518920389324,-0.00014310442944997237,-0.0003843512094176597,-0.00011293129329973482,-0.00019346787404027037,2.1733574280255423e-05,0.0003140491281174394,5.207899512605677e-05,1.7026749580164485e-05
9,0.00034265927025448376,-6.722546693059841e-06,0.00026464302313594255,-0.0003220842896491305,-0.0004706999705361585,0.0005648916667684335,0.00018366781734726606,7.172600966296837e-05,8.49395958837295,8.463566020391255e-05,0.0006134805162350452,0.0008404194274389793,3.817759942385717e-05,0.0006026706060588721,0.00030073416731603346,0.0003108761942401645,-0.0006841242938603935,0.0002496457325564235,-0.00036086129576551096,-0.00014465172882540225,-0.0005980080039859615,-0.0005692550585304822,0.00015158951049068674,-0.00011687331078826656,0.00019135312542181915,0.0010375926809341718,0.0002840235602714174,0.0001705080470947216,-0.00011627731732806526,0.0003359759365815291,0.0005577639508376934,-0.000584920864223412,0.00019183194777270038,0.0008414657218970073,-0.0009839352278059646,-0.0007613739790726178,-2.0320560785466133e-06,1.1276145262087393e-05,-7.000678563695583e-05,0.0007888157111674096,-0.0005708227464098243,1.2599123002162034e-05,0.00025083742486790535,0.0006134353152163163,-5.679912823380113e-06,0.0001491035466044905,-2.5106213140038564e-05,0.0005508212720294825,0.0006544689052667151,-0.0012068922444983512,-0.00018868190720019613,-0.0012926589236200528,-0.0004054583293942997,3.479752974725384e-05,-0.0012137975153168018,-0.00018816942874712018
10,-0.0006244182993527323,-0.002312825859541843,0.001183179416763949,-0.00040365483020982784,-0.001308427963398421,0.000240326972948437,0.00010518984878938552,-0.00010952734612577965,8.463566020391255e-05,33.37510505848323,0.000407328103209109,-0.0003620238662137313,9.333251142108962e-05,0.0007173145014334649,0.0023565383633876885,0.0010412793187166867,0.00037574144900204113,-0.0010793319607009372,0.0007339023955117716,0.0002874761972275697,-0.00043610315117924715,0.00022469909908541115,-0.0005139636531200772,0.0008598334475514058,0.0003430319399964406,-0.00087686873677775,0.0008472064170790292,0.0012865561393977968,-0.0007895397926825379,-0.0010103721002021658,0.0011266669212442548,-0.0009284727642098734,0.002558482087669143,0.0023130419557628357,-0.0008566157324130386,-0.00027115172836420333,-0.00022256051113573097,0.00023901135627781074,0.0023690195730565185,-0.00010623189281393588,-0.0018223405116841243,0.0008716111068037401,-0.0012891092281487925,-0.000881421087155407,0.0023240592505070342,-0.0006974418055169557,4.541931459860578e-05,-0.00025619045429313626,0.0012514477487208422,-0.00025792067158112396,0.0007195655277296484,0.00135502170845042,-0.00015391940468366955,0.0003360836180719448,-6.763857787881861e-05,0.00019572418635118336
11,5.916284337045379e-05,0.0013933435130246718,-0.0003379840073902548,-0.0029447166061677067,0.0006878980123817919,-0.00020826682036465175,-0.001355255691664749,-0.00023335001664607897,0.0006134805162350452,0.000407328103209109,35.607806982768835,7.056671968913572e-05,0.0004667570027249067,0.00047360027418637664,0.001303155813751756,0.00016062951724595163,-0.0002401030766815145,-0.001248608330512,-0.002498245931689985,-0.0003518109015673586,-0.0011658185311004593,0.0004419572362937353,0.0010441268101832627,0.002121281303130894,-8.221955787857247e-05,0.00028318899771466585,0.0008234944019349709,-0.000852139412891745,-0.00026959553599913475,-0.001445307424333536,-0.0010062746294413356,0.000642296443847997,-0.0009765207667998221,-0.0015535406561339269,-0.0008774472690605135,-0.0010027098659432742,-0.0009980251532531919,-0.001300755922998877,-0.00140999457355232,-0.0009299384939163964,-0.0008184926450309635,-0.001246203861254541,0.0001071320034402619,-0.00021314336347024698,0.0006381824885620601,-0.00010939789989141029,-0.0008867041675395557,-0.0001296575913718786,-0.002816110297426794,0.00028139422292449833,-0.0009674576131276826,0.001177999173866596,0.00042741526217581497,-3.180146574176465e-05,-0.0016545064483049579,-0.00010579450717721072
12,0.0017746999571720931,0.0003094726311555056,-0.00016738334866671,0.0008023835756285011,-0.0025424019739718317,-3.2697337707088634e-05,-0.0008869990597273564,0.00021542776925358406,0.0008404194274389793,-0.0003620238662137313,7.056671968913572e-05,43.93196491714171,0.002015708519795889,8.156500966842384e-05,0.0025611566402767407,-0.0007007079667778272,-0.0019102292364894544,-0.0008400736624874962,0.002123490436611226,-0.00042340378084553714,-0.0008064432544512266,0.0015572223455516249,-0.00024593717813390693,0.000144381734263766,-9.948391969051291e-05,-0.0017817720653102226,0.0011787271341737462,-0.0003259800017586354,0.00020680946852646919,-0.0004844998449448016,-0.0016254337341328608,0.00036264735890429025,-0.0015445872310332661,-0.0010688729907654725,0.0006807359921394881,0.0003691617016485674,0.0011926056543453995,-0.0008389442036836526,0.0008309109384562081,-0.0007901451289099246,0.00012672193555628047,-0.00043693043484459076,0.00020722965667840378,-0.0004880305026485275,0.0005437780671840275,0.001383482194098432,0.00014897192810345124,-0.00013395866187239123,-0.0018418330287504165,0.0001962784380585875,0.00012481761873217421,-0.0009702214274562019,0.0004866936299696173,-0.0006756610216906735,2.1462935321350897e-05,-0.0010809778200979382
13,-0.0005148565048250993,-0.00012154556688295738,-0.00048041532260602885,-0.00029729376832053736,-6.0643504363049326e-05,-0.0010148485032789854,-0.0017412553739838126,3.176681782147001e-05,3.817759942385717e-05,9.333251142108962e-05,0.0004667570027249067,0.002015708519795889,26.79121691862135,0.0002895356798013682,-0.0017916362971986692,0.0009567655387702164,-0.0011595571469392295,0.0007635053262140814,0.0016740440043322995,-0.00018456416850194622,0.0007500569365678994,0.0006355107047071657,-0.0009244360393848937,-0.0013450841724176501,-0.0010280209165275584,5.295800233248006e-05,0.0023130284105835224,0.0016273245753007314,0.00012748676894151016,-0.0005050686057366366,-0.00011917408603243149,0.0006726815625903438,-0.002063160489534173,-2.2170374344934197e-06,-0.001270344951569596,-0.0005783476850989683,0.0030248991482690487,-0.0006513929168823373,-0.0002262709267327053,0.0005784114550104519,-0.0002460876764093016,-0.0004458669973463178,-0.001994535668138094,-0.00047919306963511554,-0.0030011389733362614,-0.0008627518898938051,9.254719300977049e-05,-0.00035291818749986283,-0.0024330060431767635,-0.001431966459664062,-0.00017331359795941562,-0.0024361434219172732,0.0007039966549779863,-0.00032693429465836685,0.0014647652517817628,-0.0006594136652438705
14,-6.942430028831478e-05,-0.0004785022685596597,0.0012119966607237467,-0.0022631025186972097,0.00013793789924439057,0.0015063431867910618,5.638369022168587e-05,-0.00017554371451725082,0.0006026706060588721,0.0007173145014334649,0.00047360027418637664,8.156500966842384e-05,0.0002895356798013682,34.8703996357079,0.00023111179894361332,-0.0005955362329902518,0.00047677419728343174,0.0006416498929522756,-0.0004364325612045793,0.0007619581706714538,0.00135130201581605,7.37766687304931e-05,-2.5094968642628768e-05,0.0005380340538054021,0.0005643824733432289,0.00035152785104465236,-0.0005684335211271963,5.035080892425783e-05,0.0010780277544511685,0.0007477643977600288,-0.0004610681785315495,-0.0008539100879535039,-0.0006091346383763839,-0.0010379798428034291,0.0015208247809384992,-0.0007185266035801874,-0.0014414975342687648,-7.543344844113763e-05,0.0016936948351194095,-0.0009317089683492357,0.0003620463307890746,-0.0018547052456393,-7.342800241716207e-05,0.002748098161964298,0.0005114465754836192,-0.0006609426331586098,-0.0002476255320634026,0.0011928776623252796,0.0019331598436273748,-0.0005186968989515415,-0.00015904368498886718,-0.00218100361362746,0.00022350688135586128,0.001151197937096851,-0.001249901505560859,-0.0008384909188051069
15,-0.001778044252372766,0.00017308066432368505,-0.00044026867765596336,0.0006131858418980755,7.603895883691685e-05,0.0017050496444372,-0.0011508554120796726,-0.00012553356441302854,0.00030073416731603346,0.0023565383633876885,0.001303155813751756,0.0025611566402767407,-0.0017916362971986692,0.00023111179894361332,40.974359705051654,0.0034621223364577924,0.00221201439666575,0.0034259716282932584,-0.000735229965683944,-0.0012559236941040515,-7.657079555714445e-05,-0.0017619444845772706,0.0005374723283738372,0.0012503201594159469,-0.0003965362704105777,-0.002274381914250037,0.0005736991736503668,0.0009246354881072152,7.955752618938615e-05,0.001963624209457817,-0.0009055817718972708,0.0002829947333986477,0.0016070038455910512,-0.0011803719917106886,-5.401007986413356e-05,-0.0018026891354903046,0.00037403067845710096,0.000946281524013266,-0.0004499178327991672,-0.0023992991074207127,-0.00021426473868977884,0.0007938632981203882,-0.0014286523396896964,-0.001402429561223489,0.0004359924495696681,-0.0009774303547469324,3.356142790084341e-05,0.0012700027518679547,-0.00045540791971002056,0.0010636234143324894,-0.0014995280698029887,0.0027097414151333794,0.00016207584206331412,-0.0010196575622780154,-1.1008699922954364e-05,0.0008209481620091497
16,-0.0010585724482465079,0.004186736619816082,-0.0005061897753161643,-0.0031839834089369733,-0.0013390106999111612,-7.288223798846147e-05,0.0012925827808879919,0.0001334515024074093,0.0003108761942401645,0.0010412793187166867,0.00016062951724595163,-0.0007007079667778272,0.0009567655387702164,-0.0005955362329902518,0.0034621223364577924,57.01958472731452,0.0009965299040240036,0.0005462349339146382,0.0002789170180165343,-0.002211117386259165,0.002513841000688188,-0.0012695202581028313,0.0005547951191987592,-0.001227667856778624,0.0005329811053632331,-0.001815181508343735,0.00184041927872253,0.0008071693159200728,-0.003388788094326836,-0.0024623209190819907,-0.00041395203738050926,0.0007550300947908375,0.000403963193194439,0.0006702100227177694,0.0008993600442808378,0.001459250219226793,-0.000563842457509215,-0.0006223360207285099,0.00037304096022719864,0.001078266682040636,-0.0004587607965591863,0.0006036922037867493,0.0010984703540444648,-0.0009207204410007939,0.0015921012714424174,0.0025747311893083544,0.00011875071931587568,-0.0003261932911673891,0.0008219381312301335,0.0006561296850228077,-8.496370987952019e-05,-0.0017394325552730632,0.00023642594358651872,0.002069159365448536,-0.0012446301081166324,-0.0005704158884569247
17,-0.0008314489402283222,0.0022212598245690256,-0.0007234331791414732,-0.0009707578344773542,-0.00023255838420608048,-0.0007124956744348547,0.0006054501960141913,0.0002899479230824744,-0.0006841242938603935,0.00037574144900204113,-0.0002401030766815145,-0.0019102292364894544,-0.0011595571469392295,0.00047677419728343174,0.00221201439666575,0.0009965299040240036,53.09150785707906,-0.001593057107743465,-0.0007406356693957001,0.0006006607652997293,0.0017976228893024544,-0.0006544590248964034,-0.0004934581515266248,-3.94237458861154e-05,-0.0005794340094758926,-0.0006675177005882455,-0.0008914083280022647,0.00016137481146720955,-0.0013472435584373059,0.0003038728077867946,0.0018485392235509648,-0.00031386978747023647,0.0008419504175539297,0.00159961985989789,0.0001006081928683518,0.00020917747264367835,7.189041700836343e-05,-0.00011925992419086552,0.0002216688849079136,0.001107971732195201,0.0023479648669385367,0.0003060238511337442,0.0003314757690880587,0.001387626702527178,0.0007057109263337293,-0.0012942341666789565,7.4112513701439745e-06,-0.000572107252861581,0.0005449084301881115,-0.0027533774581158274,-0.0012453309697199196,-0.0009086563833963434,0.00044986452879800713,0.00013656563079539073,0.0013033499653705238,-0.00018625753545621642
18,-0.00027736643280142857,0.0024102415482674436,-0.0006268287723651356,0.0025001835854880717,-0.0006425681715488688,-0.0010517366817832186,3.8319472143677504e-05,7.260156585770612e-05,0.0002496457325564235,-0.0010793319607009372,-0.001248608330512,-0.0008400736624874962,0.0007635053262140814,0.0006416498929522756,0.0034259716282932584,0.0005462349339146382,-0.001593057107743465,44.32818843377413,-0.0005481244867163854,-0.0002469144338618312,0.0003087669051619061,9.706562498867141e-06,-0.0007679148414017531,-0.0007693850219513723,-3.04857040950188e-05,0.0012583358322192505,-0.0009871084232018442,0.000947752968118549,0.0026113017579144394,-0.0013197884592160084,0.0006592664448293293,0.0013117822258454954,0.0005454092527311952,-0.0004790836838503533,-0.002374597227169718,-0.001191383493428517,0.002598701363766107,-0.0008570632382662346,-0.0002528274486779248,-0.002722132041843941,-0.0003017906656781682,-0.0023387669103639664,0.0004776136119398696,-0.0003371683945175135,-0.0007783095002663596,-0.0002126343963326571,-0.0009557169886552215,-0.0002427679946422795,0.0008676145111377657,-0.00120423713163119,-0.0012905148202773742,0.0014809309690539643,0.00032217781422019435,0.0009369545342576339,0.0006503478174021236,-0.0006386467841844589
20,-0.00048121492394913974,0.0009970417952253276,-8.442190011287975e-05,0.0025460776895014784,0.0015310480743038412,0.0015058461533784555,0.0007409068438342218,1.6493267256616248e-05,-0.00036086129576551096,0.0007339023955117716,-0.002498245931689985,0.002123490436611226,0.0016740440043322995,-0.0004364325612045793,-0.000735229965683944,0.0002789170180165343,-0.0007406356693957001,-0.0005481244867163854,33.46607070915721,0.00022962592824294945,-0.0002674549709863221,0.0005840685599330514,-0.00020742166103714134,0.0009145170791853512,0.0005841303675819033,0.001607875906018233,0.00010247803308707955,-0.001146150617996944,0.0011484359067492744,-0.0014433048621646208,2.787553991267646e-06,0.002237653102092506,-0.0006269116698465921,-0.000828244524055399,0.0018079237543789472,-0.0002731416325534145,0.0015182862494336098,-0.001053504388372139,0.001688951165811717,0.00036763826663240175,-0.0021769801151139585,8.846065327053321e-05,0.0015867318751469712,0.0018317269904273477,-3.734636162462134e-05,0.0011722912355218035,0.0001447267358907126,0.00127628045879099,-0.0001260269500067011,0.0011991358105069717,0.0005743902264424317,-0.001076771474905579,0.0001836813522307134,0.00020405584152477193,0.0007315854039172716,-0.00029009438038159934
22,0.0004529512886571269,0.0010723576730617885,8.122552117313637e-05,0.0008005099020619292,-0.0013861082423944529,0.0003014284353137151,-0.0004416071643277104,0.00019530532617061873,-0.00014465172882540225,0.0002874761972275697,-0.0003518109015673586,-0.00042340378084553714,-0.00018456416850194622,0.0007619581706714538,-0.0012559236941040515,-0.002211117386259165,0.0006006607652997293,-0.0002469144338618312,0.00022962592824294945,16.83515697771183,-0.0006960307559389264,0.00015324899174912692,0.0003087874427212645,0.00016721132795393255,0.000610765232485302,6.005613202745502e-05,-0.00040221171319982735,-0.00021441734052387063,0.0007764041041472717,0.00011693587731655276,-0.000481585351874362,-0.0004735132823353684,0.0003963634316235411,0.0009238556444952879,0.0013046136205419568,-0.0010313796631111574,0.0008653664687613222,-0.0011372499146864706,4.985991634700291e-05,-2.4722828166455865e-05,9.382064666573118e-05,0.0006108702388377969,-0.001257027895946328,0.0006710825846739843,-3.0340807180352815e-05,0.0006637360849077431,-0.0004959446178991266,0.00025555852560362765,-0.00018885464165254844,0.000944221675592536,-5.184953046695648e-05,-0.0028808490770706823,-8.143727452626313e-05,4.7580935819690235e-05,0.0005074999354575545,-0.00027234718852279415
23,-0.002079658115222092,0.000178700705118982,3.229504113431865e-05,0.0015021426507606057,-0.0013462216434271819,0.00043976189248341215,0.0004712804282308442,-4.242733461003102e-05,-0.0005980080039859615,-0.00043610315117924715,-0.0011658185311004593,-0.0008064432544512266,0.0007500569365678994,0.00135130201581605,-7.657079555714445e-05,0.002513841000688188,0.0017976228893024544,0.0003087669051619061,-0.0002674549709863221,-0.0006960307559389264,29.40224765631581,0.00024307168256827022,0.00019466856927379344,0.00016770177624223013,-0.00026628777225252563,0.00039537106851461514,-0.0005277629069525805,-0.00032845708662653374,0.001243443633884704,0.0001399404559279337,0.0007739123647637101,-0.00030102846252748333,-0.0011648173665709312,-4.460216876903157e-05,-0.0012499816392138666,-0.0006932180743508985,0.001054393257635259,-0.00014774161778629053,-0.0010408426112547612,-0.0004067891149349914,0.0006948654782843068,-0.0006393424358533287,-0.00039844863005369653,-0.0001313283116610374,-0.0010283767191301039,-0.00031002244503258036,8.965390786968992e-05,-0.0002879258381215079,-0.0005900951447039483,0.0022644902504087307,-0.00037425059641561125,0.0008175772519672509,0.00047195301941295567,-0.00013206752956576972,0.0005464391675485486,-6.152117488747511e-06
24,-0.0005150369544762598,0.00034389089093677695,0.0005002138241061006,-0.0019420669180899785,0.0002904893862385205,0.0011411915058100047,-0.0004999721098646023,6.470130629598077e-05,-0.0005692550585304822,0.00022469909908541115,0.0004419572362937353,0.0015572223455516249,0.0006355107047071657,7.37766687304931e-05,-0.0017619444845772706,-0.0012695202581028313,-0.0006544590248964034,9.706562498867141e-06,0.0005840685599330514,0.00015324899174912692,0.00024307168256827022,19.6225335226879,0.0005223945737813407,0.0009443099374038866,0.0006372376811119047,0.0010191286699653091,-1.2695352451929754e-05,4.502507515285942e-05,-0.0008800464503385693,0.00023988507877789364,0.0010690933324504926,-0.00016880849456417791,0.0008448426944730501,0.0007687221604472206,-0.0008779942126888909,0.00014914101669565851,0.00087597302619038,0.0001357362621962368,0.0025802909276453237,-0.0021259178747459664,0.000298400865058259,0.001543885432083975,0.0007085480448417741,-0.0007051133643898219,0.0007539676001294919,0.00013481963988001768,0.0005137179067496929,8.26021708510881e-06,-0.0016517953317213346,0.0005973365885273586,0.00024131283464624194,-0.0022876213280804553,-0.0004641991546136388,-0.001008962101404711,5.592018967693216e-05,-0.00012924198226501072
25,0.0012612393958607504,-0.00037682610437618296,0.0002753783798666861,0.0004506371585379698,0.0005034200983163107,0.0002646282465188419,-0.00036054794204862413,9.558821969805678e-05,0.00015158951049068674,-0.0005139636531200772,0.0010441268101832627,-0.00024593717813390693,-0.0009244360393848937,-2.5094968642628768e-05,0.0005374723283738372,0.0005547951191987592,-0.0004934581515266248,-0.0007679148414017531,-0.00020742166103714134,0.0003087874427212645,0.00019466856927379344,0.0005223945737813407,8.302112628648821,0.0009164374007854253,0.00026811714626150503,-0.0007714266958503062,7.565853783003807e-05,-8.698408837736113e-05,-0.0006178987109634683,-0.00017867252310486493,-0.00018756330601447314,7.352149113227676e-05,-0.0009373879295756478,0.00024054311963618127,0.00029174101713484274,-0.00025259592509655886,-0.001090759072744231,0.0007464989770316254,-0.000689744791161904,-0.0006989852879454466,0.0003961662255528392,-0.0007290730731481875,-0.0004704533371621409,-0.0001963186351999604,0.0013215516009081785,-0.0007515342410073484,-6.951901590252799e-05,0.0009149864469138757,0.0001479481881522504,-0.0008170369194153642,-0.0003414431932266689,-0.0011625827320977725,-7.172238257868122e-05,-0.0009252597421949553,-0.0007862099554085196,0.0001207375136996113
26,-0.002437761136496862,-0.0005943868066941053,-0.0018398513630384357,0.00015209879008332982,0.002098225570987671,0.0009838572949453588,0.0017318192058030084,-0.00011561353211514366,-0.00011687331078826656,0.0008598334475514058,0.002121281303130894,0.000144381734263766,-0.0013450841724176501,0.0005380340538054021,0.0012503201594159469,-0.001227667856778624,-3.94237458861154e-05,-0.0007693850219513723,0.0009145170791853512,0.00016721132795393255,0.00016770177624223013,0.0009443099374038866,0.0009164374007854253,39.24169911568051,0.0002037887574842443,0.0007003956243643264,-0.0003473216882458665,-0.0019001452389942033,0.001331073940381261,0.001112797837951996,-0.0008629505386277092,-0.0006596797446815823,0.0012871005969625545,-0.0011287393483418702,-0.0006948523900254051,-0.0014001229808566714,0.0019335994830676623,0.000923871297197365,1.1848439907488511e-05,-0.002390739117960158,0.00021388369959180815,-0.0006887513237342711,0.0010515620197376696,0.0014228073528876539,-0.0003026538075564668,1.3220611592632323e-05,-0.00023150495164598085,0.0012583439712152318,-0.00018028288901932634,0.001319290108127034,-0.001087317304299134,8.626918188696053e-05,0.0001571202856648343,-2.664240333080954e-05,0.0013354641755529827,-0.0002895053827584067
27,0.0007994957477228553,-0.0004745245075416076,-0.0010958652981705038,0.0010006024542567537,-0.0002459037615981051,0.0004518182058821271,-0.00016100078875581683,-0.00011453229622633286,0.00019135312542181915,0.0003430319399964406,-8.221955787857247e-05,-9.948391969051291e-05,-0.0010280209165275584,0.0005643824733432289,-0.0003965362704105777,0.0005329811053632331,-0.0005794340094758926,-3.04857040950188e-05,0.0005841303675819033,0.000610765232485302,-0.00026628777225252563,0.0006372376811119047,0.00026811714626150503,0.0002037887574842443,8.698789794838037,-0.0006944282559615536,-0.0005290807985572854,-0.00016782900660826605,0.0002061683585877293,0.0004085925974738327,-0.00019652477177069323,-8.790666306416307e-05,-0.0002566478739912389,-0.00040712902255124033,0.0008251281771075868,-0.0004351707551777947,-0.0009450194479893031,-0.00038842413163411643,0.001080949895927554,-0.0003563242588175174,-0.0006573564167696346,-0.00028179212258766317,-0.0008878028882716773,0.0012717301500018228,0.00014986241524230342,-0.0003137497647515089,-0.00016334400552777605,0.0003259265858271362,0.0008313589337148056,0.0004426289354488504,-0.001179340016223866,0.0010944230597208467,-0.00011440454329968424,6.144450556410356e-05,0.00030108121847892866,3.785037980552735e-05
28,6.37538122681424e-05,0.00046382596043642224,-0.00023092163840182796,7.313918023694881e-05,-0.0005368761511164974,-0.0001251292340295823,0.0006366965101080221,-0.00018278564197523445,0.0010375926809341718,-0.00087686873677775,0.00028318899771466585,-0.0017817720653102226,5.295800233248006e-05,0.00035152785104465236,-0.002274381914250037,-0.001815181508343735,-0.0006675177005882455,0.0012583358322192505,0.001607875906018233,6.005613202745502e-05,0.00039537106851461514,0.0010191286699653091,-0.0007714266958503062,0.0007003956243643264,-0.0006944282559615536,26.18519250850453,0.0004918466242581316,0.0009808833992086625,0.001321740397858604,-0.0008824385558609578,0.0002902941389347999,-0.00022979313929447442,-0.0004114306940675322,-0.0011010290349740182,0.0014976362938551057,0.00045250524247064157,0.0025947610173303213,0.0009666447473080842,0.0016080539140643213,-3.963093696502899e-07,-0.0019683876304455437,0.0018304171323169703,-0.00020076658864087867,0.001039768029205366,5.031683481328968e-05,-0.0005634327165998206,-2.4138839104947897e-05,0.00036043425311230626,9.91780663822236e-05,0.0002172291277720382,-0.0005993685778354279,-0.0015198873440916071,0.0002640574810604791,-0.0002330609426167899,0.0009486059178444463,-0.0004392964461362067
29,-0.0004482209658055892,-0.0006157946310087613,-0.0009282993803023732,-0.0022844381227172523,-0.00041950425845719826,-0.0007571225314937879,-0.001039082405264819,-0.00011198191202647845,0.0002840235602714174,0.0008472064170790292,0.0008234944019349709,0.0011787271341737462,0.0023130284105835224,-0.0005684335211271963,0.0005736991736503668,0.00184041927872253,-0.0008914083280022647,-0.0009871084232018442,0.00010247803308707955,-0.00040221171319982735,-0.0005277629069525805,-1.2695352451929754e-05,7.565853783003807e-05,-0.0003473216882458665,-0.0005290807985572854,0.0004918466242581316,18.05412198505315,-0.0003843451780949107,0.0009702418665923081,-0.0005148357360899636,-0.0005297761095790498,-0.0010007926726663622,-0.0007556052842975172,4.68592992947139e-05,-0.0006465253266623648,-0.0005850117384529358,1.805949008769963e-05,-0.00031487352396309055,0.001070172833800203,-0.0005621745779136938,0.00031578666777928356,-0.0021654776796348175,0.0001198089539427327,0.0007292202511701813,-0.0009945685215343373,0.001849087495350334,0.00033531227512036664,-0.0007476007840914343,0.0013158093655280065,-0.0009077074100380417,-0.0004852117743311976,-0.0006133400236271898,8.236811242464084e-05,-0.0009229042808758501,0.0003428905280022573,-5.616488219254213e-05
30,-0.0009944152718361265,0.0026189999268595994,0.0009229948771395265,-0.0008879241748782566,0.000837498050936453,-0.001048352559036297,0.0007675412183364017,-7.814582851136537e-05,0.0001705080470947216,0.0012865561393977968,-0.000852139412891745,-0.0003259800017586354,0.0016273245753007314,5.035080892425783e-05,0.0009246354881072152,0.0008071693159200728,0.00016137481146720955,0.000947752968118549,-0.001146150617996944,-0.00021441734052387063,-0.00032845708662653374,4.502507515285942e-05,-8.698408837736113e-05,-0.0019001452389942033,-0.00016782900660826605,0.0009808833992086625,-0.0003843451780949107,17.8839510374527,-0.0012283252322449673,-0.0005908876081315043,-6.870981246255875e-05,0.0005929797804453572,0.00015917682409647118,0.0003998260198164028,-0.001069228014128924,0.0002756375723192226,0.0006072476901638651,-0.0006964434512580942,-0.00010954344475876628,-0.0010987841793877982,-0.0003061216221431799,0.0008520169884440058,0.0003595835227133204,-0.0012304024139553741,5.438129467095921e-05,0.00028161103390800387,0.00016329079536098035,-0.000554764570345304,0.0012945762508822839,-0.0013524192392436363,5.777793378764427e-05,0.0010890872113554686,0.0005201676771650532,0.0001590795335348782,9.262705133692357e-05,0.0008846515132914408
31,0.000334734424242853,-0.0013111027338977873,-7.804151185405112e-05,0.0017925274859344562,0.000848699273237072,-0.00017310486487424046,0.0016396925333781519,8.617700369186405e-05,-0.00011627731732806526,-0.0007895397926825379,-0.00026959553599913475,0.00020680946852646919,0.00012748676894151016,0.0010780277544511685,7.955752618938615e-05,-0.003388788094326836,-0.0013472435584373059,0.0026113017579144394,0.0011484359067492744,0.0007764041041472717,0.001243443633884704,-0.0008800464503385693,-0.0006178987109634683,0.001331073940381261,0.0002061683585877293,0.001321740397858604,0.0009702418665923081,-0.0012283252322449673,42.23235528503491,-0.0018087198644098346,-0.0008454267332299642,2.1356655318077916e-05,0.0009773431719592167,-0.0018055385624565678,-0.0023697869395806585,0.0008729420148378329,0.002444735921420888,0.0005837473532057352,0.0010035425411529318,-0.0014931162810349974,0.00017319151474096226,0.0008444092870666892,-0.000539921224839981,0.001195321552164983,0.0012085887856848109,-0.0005556667140140355,0.0010859540139153622,-0.0003380153960421589,-0.0009635694283701301,0.0003526265826625239,0.0008461937348268426,-0.0002690535297128217,-0.0004181968245656944,-0.001752043353967534,-0.0003377922052703444,-0.0006154133886098741
32,-0.00034153517863098665,0.0008938498796783804,0.0010778916136435794,0.0020306760189045506,-0.0002742859958284066,0.0006177694540997342,-0.0009500085659297155,-0.00010354378734912755,0.0003359759365815291,-0.0010103721002021658,-0.001445307424333536,-0.0004844998449448016,-0.0005050686057366366,0.0007477643977600288,0.001963624209457817,-0.0024623209190819907,0.0003038728077867946,-0.0013197884592160084,-0.0014433048621646208,0.00011693587731655276,0.0001399404559279337,0.00023988507877789364,-0.00017867252310486493,0.001112797837951996,0.0004085925974738327,-0.0008824385558609578,-0.0005148357360899636,-0.0005908876081315043,-0.0018087198644098346,28.3661359842705,-0.00047533999377642554,-0.0013593455170749914,-0.001260670989234029,-0.0008672378068746552,-0.0004980779222647707,-0.00012673697568771938,0.0019052856759265424,0.000342086650507591,0.0008821223463782129,0.0005519549434493747,0.0007926719283936194,-0.000508378713954369,-0.0011165650098239096,0.0018600981367037153,0.0009678083790538389,-0.0015033757029508906,-0.00041485831865762073,-0.00017883429328785817,0.003346359430989135,-0.0013711826107072615,-0.00023113875911735771,-0.0010815339583852745,0.0004599500277510556,0.0006254791493583158,-0.0002193145397011216,0.00023462407713456648
33,0.0012332380526254413,0.00036081822193302377,-0.0009305516767095124,0.000280857714364276,0.0009110265273345198,-0.0004779638702397566,-0.00045304619916734063,-8.633218659024443e-05,0.0005577639508376934,0.0011266669212442548,-0.0010062746294413356,-0.0016254337341328608,-0.00011917408603243149,-0.0004610681785315495,-0.0009055817718972708,-0.00041395203738050926,0.0018485392235509648,0.0006592664448293293,2.787553991267646e-06,-0.000481585351874362,0.0007739123647637101,0.0010690933324504926,-0.00018756330601447314,-0.0008629505386277092,-0.00019652477177069323,0.0002902941389347999,-0.0005297761095790498,-6.870981246255875e-05,-0.0008454267332299642,-0.00047533999377642554,15.711827447755207,-0.0004388430552913152,0.0009189246421959493,0.00060937582341977,0.0010968350801450586,0.0003145438370915273,-3.228804876800997e-05,-0.0002018767544812986,0.000990659184537215,-0.0010980718959298034,0.0005114415868005599,0.0018978452933720257,-0.0004871915242716967,-0.001516280921291074,-0.00018760292628364577,0.0008509585530860447,-0.00015267616465332288,-0.00021508513240394036,0.0004464248532786707,0.0006730469946783876,0.0011723595658489616,-0.0011420592613802859,0.0002848056160376664,0.00024936710473748855,0.0009221581014777367,0.00046187727104304627
