,0,2,3,4,5,6,7,8,9,10,11,12,13,14,15,16,17,18,20,22,23,24,25,26,27,28,29,30,31,32,33,34,38,39,40,41,42,43,44,45,46,47,48,49,50,52,54,55,56,57,58,59,60,61,62,63
0,2983.2058791506756,0.06932542253010918,-0.0029275515340309415,-0.12454977709800388,0.04829270257591348,0.1390658747922143,-0.03489733895142449,-0.03708689510088334,0.016447644972218217,-0.029347660069595802,0.0027214907950438173,0.07986149807261565,-0.022653686212272105,-0.002985244912404276,-0.0746778585996475,-0.04340147037805757,-0.03325795760912686,-0.010817290879270103,-0.018286167110078837,0.016759197680321462,-0.07486769214806284,-0.01802629340667719,0.042882139459277976,-0.0804461175044414,0.025583863927130638,0.001976368180306269,-0.013446628974165674,-0.028838042883244874,0.0093725638788016,-0.009221449823036455,0.032064189368268714,0.01678576378604315,-0.009181690964067797,0.008181859030325546,0.028620892014851598,0.018335647705817824,0.007474357927034625,0.006605349093883858,0.035448108548414486,0.05744076407002508,-0.017857908085866084,0.0018824680048975593,-0.019093539733447313,0.017789282364770783,-0.007740672348751404,0.008610144611454661,-0.0013195132114190487,-0.011774789812773988,-0.02862442817722498,-0.004183661532195959,0.001071686140683965,-0.0021713739781221496,0.0005354742442664943,0.00018081172160203034,0.00464037006492522,0.0011147696855355346
2,0.06932542253010918,4010.049279615103,-0.03421595019033402,-0.2542671225980461,-0.0711477046575643,-0.1646652958055959,0.02240666382296534,0.01744710600275777,-0.0003226822412638793,-0.10870281539847616,0.06409380159911204,0.013926268402020076,-0.005348004942849938,-0.020575597548070704,0.007269387901619259,0.1716562014124334,0.08885039298283093,0.0939994203825311,0.03788758821857067,0.039677233903264025,0.006433225384286622,0.01203618118278848,-0.012812087548792784,-0.01961476462090702,-0.015184784241329158,0.014378604773519718,-0.018473838930268847,0.07595099787892297,-0.03671087654913984,0.024133946751317577,0.009381273770256493,0.05479832168915427,-0.017521580761925448,0.003397376879121076,-0.007512507505299779,0.03313570454770722,0.02561093074242439,-0.014626962279170541,0.0021471118890643835,0.016629456809297467,-0.011412509181344049,0.030495727912470853,0.019587430442059437,0.012203113365639374,-0.0138007113639098,-0.01613114293051844,-0.0008456393050894601,0.0007504180564454258,-0.019737845493699654,-0.020005552106952134,0.0005583743636010579,-0.015830471760746083,0.0010553026725377463,-0.001248558387826754,-0.004447378285916862,0.0009263877490093663
3,-0.0029275515340309415,-0.03421595019033402,1140.6750883765374,-0.02353402603470105,-0.0030093777132902265,0.046358108187621413,0.02737401336491016,0.019799123014928397,0.012702865110515087,0.05560943258785132,-0.015547264339936301,-0.007532250689995683,-0.02113827419468235,0.05211585641114908,-0.018491284461549084,-0.020753780787976475,-0.02893732716562546,-0.02444632212223697,-0.0032080322042883315,0.003005344283404707,0.001162621480845331,0.017507483843698532,0.009362864915463408,-0.060715094980283456,-0.035067689541467426,-0.007158570790456667,-0.0278489814090753,0.026766851437041522,-0.002185162331911731,0.029103073568379222,-0.024194343594441607,0.02982966915850198,0.03547997543116299,-0.006360348600821685,0.005559653170695981,0.002561773838769535,0.016521317922084295,0.01288838777714297,-0.018789472314833876,0.0004541919808406873,0.01024533184534251,-0.021493781124335122,0.003198048251155416,-0.008137746995464077,-0.002317221341357171,-0.008636359057678466,-0.003144049797729092,0.010218839342794904,0.0003606299135930195,0.0048503525063080125,-0.0028351069383202527,0.003194771704044536,0.0015414896346924445,0.002090418783354614,-0.0007607950543221958,0.000503932617426188
4,-0.12454977709800388,-0.2542671225980461,-0.02353402603470105,4662.568846764873,0.09767730398842699,0.07437115410433973,-0.0531107987073241,0.03888254985163023,-0.015460045903161343,-0.01897177701985486,-0.13545696388367084,0.036107260903299895,-0.013080925806102173,-0.09731340830399794,0.025753805359708264,-0.13054331976648392,-0.038830313379083846,0.09750715983401807,0.0967509522010425,0.029618866376283585,0.05407713542738184,-0.06797234213313554,0.015321663390277122,0.0050192600727555535,0.03201927853621225,0.002267314587341357,-0.06853314368149972,-0.02574980107146827,0.050190769606162054,0.05482825251043854,0.007302300573474174,0.011906849782769001,0.008631140266511529,-0.0033823599035044016,-0.02381953626880881,0.01809484941501349,0.00020783799026384165,0.029409158469011487,0.038005266919242206,0.042967726063082856,0.03405677844956196,-0.03920987918243044,0.018286429655338162,0.04717370178098957,0.01568850030293269,-0.0035778257116058317,0.014666216610101484,0.002861996599910488,0.014770920883743547,0.014154282000600704,0.0017149479505891043,-0.011102833558840846,0.0005361575198553104,-0.004096892203468737,0.004627203034938112,-0.001742119757402803
5,0.04829270257591348,-0.0711477046575643,-0.0030093777132902265,0.09767730398842699,2871.206910920256,-0.13174185185545942,-0.02076379759265946,0.011141080057304437,-0.022593598585742707,-0.061496114279733914,0.03164330856951533,-0.11440808882877279,-0.0026683141919522898,0.005931329667496174,0.00319363627115155,-0.05489943869635972,-0.009302335368240459,-0.025060158690408365,0.058179826823538554,-0.05128600496860589,-0.04846397916342271,0.010167128518341813,0.01711628334275964,0.06924144384259605,-0.007868920371143263,-0.016643160684603135,-0.01258512775371412,0.024287443477147532,0.02376357965065301,-0.007405721887367218,0.023686689710694674,-0.021819839255942088,-0.03741001592387112,0.03150143272673694,0.0036665732284476833,-0.0052177470926260084,0.0909983853941604,-0.025580589304356718,0.028141197088073947,0.01456650668595441,0.003349948364093746,-0.009148101554483442,-0.017588161229679832,0.01471285653494853,-0.04586854664172121,-0.004985039641866355,0.00444463361584611,0.005776439716684864,0.0024983952778272023,-0.0027143723521792407,-0.0026036297574855614,-0.011304461893298196,5.549423028617278e-05,-0.0006535790195657105,0.005745427807689875,0.0009788978551524064
6,0.1390658747922143,-0.1646652958055959,0.046358108187621413,0.07437115410433973,-0.13174185185545942,2048.790532198709,0.0045188141113860335,-0.005832113845803752,0.02711480000490439,0.011295367728579005,-0.009580273736776116,-0.0014713801968420563,-0.04465333414427122,0.064772757032003,0.07161208506633199,-0.0029881717575371398,-0.028499826977396524,-0.041017730589581386,0.05722215382837299,0.011152852106605323,0.01583142812940611,0.039941702703339035,0.008997360381641,0.03246729073319458,0.014458182588225047,-0.0038790062549138105,-0.022713675944811065,-0.030402224212063057,-0.004846936216482013,0.016679775260685793,-0.012427060626235137,-0.007539959486760987,0.06289076101344916,0.01844763248707253,0.006730460995132384,-0.017508788953779626,0.020933301667653413,-0.0018616862582523709,0.03862784264131739,0.007003171421482856,0.016358639666327578,0.005924601932472887,0.02321743398239014,0.033121049583651065,0.004180736628013975,-0.004811325290008606,-0.0006307106912446871,0.0055956831564327935,0.0028087761665068316,-0.003826777607114091,0.009750008817997775,-0.0027321051655754634,0.0005933327122042459,-0.001446204155432701,-0.0010555376233496224,0.001476771707085318
7,-0.03489733895142449,0.02240666382296534,0.02737401336491016,-0.0531107987073241,-0.02076379759265946,0.0045188141113860335,1140.0656462110885,0.004383891315947223,0.008816055232668131,0.004943922893102505,-0.06234176181658988,-0.039914957687743315,-0.07661523645520861,0.0024244986795271244,-0.04833592730734803,0.05299589401640239,0.02421800784050959,0.0014944594135982352,0.028154460065690588,-0.016339465080115297,0.01696609541631147,-0.017499023845257193,-0.012258630029652723,0.05715003379150343,-0.005152025240184533,0.019737591813346812,-0.031172472157949514,0.022258695331759955,0.04591139093457429,-0.02565023128009443,-0.0117792011783526,0.027703290085445014,-0.03057719887923842,0.027498292237484703,0.03875998580836405,-0.022819244254386764,-0.05371872847331835,0.012736601223208197,-0.006498466607375929,-0.014319266177846528,0.011333139723753138,-0.007180158978505722,0.007136739623813347,0.0016318992483441005,0.005277130404079806,-0.007050867723388468,-0.006978565737940537,0.005897264583837807,-0.005788571445723121,-0.005692580511830359,0.0016381603916785852,-0.0031311049482383034,0.0026539268161025103,0.0006156891336739181,0.0008048743870465236,-0.0005974897288283833
8,-0.03708689510088334,0.01744710600275777,0.019799123014928397,0.03888254985163023,0.011141080057304437,-0.005832113845803752,0.004383891315947223,87.24508055228127,0.0034428484638234108,-0.005147785267901434,-0.010734100765717557,0.009694249616411283,0.0013977399841431774,-0.007548379724241652,-0.005272409705346976,0.005471511598698057,0.01159791692328986,0.002831461068449136,0.0006267441557524947,0.007226297068312073,-0.0015273840459601262,0.002264545720360255,0.0032499994697328186,-0.0038152465597972533,-0.003665033479241843,-0.005666354901232189,-0.003359457360792286,-0.0022662290268301607,0.0024129561033728072,-0.0027956822584263197,-0.002244636851346376,0.006680109364696748,-0.009588656967298567,0.0006737386694973989,0.004572810900223454,-0.0063604514476107155,-0.012078663688474307,0.004121052153441564,0.0018367442677260516,-0.0016520080949112802,0.0008007845390044485,-0.0018424013805911127,-0.0007041405894906942,0.0037440995495940338,-0.002455998948737653,-0.002261523660180369,-0.00044231704773064535,0.0029911670283506316,-0.001144835435599911,-0.0026904584659234684,-0.0006775877597984791,-0.000967339370201336,8.693429712102394e-05,0.0009421473843523201,0.00010415799025211467,1.7026749580164485e-05
9,0.016447644972218217,-0.0003226822412638793,0.012702865110515087,-0.015460045903161343,-0.022593598585742707,0.02711480000490439,0.008816055232668131,0.0034428484638234108,407.7100602421433,0.003977876029583718,0.028220103746809992,0.03781887423472016,0.0016798143746534291,0.025914836060525668,0.012630835027275189,0.01274592396384924,-0.0273649717544196,0.009736183569705703,-0.013712729239090162,-0.00535211396654304,-0.02152828814351579,-0.019923927048567512,0.00515404335668462,-0.003856819256009774,0.006123300013497467,0.032165373108963204,0.008520706808145099,0.004944733365746947,-0.003255764885186469,0.009071350287704496,0.014501862721776776,-0.014623021605579873,0.004603966746542421,0.019353711603631564,-0.02164657501173026,-0.015988853560524693,-4.064112157321048e-05,0.00021424675997900366,-0.0012601221414655938,0.013409867089847108,-0.009133163942556722,0.00018898684503108285,0.0035117239481496144,0.007974659097811468,-6.815895387967828e-05,0.0016401390126492442,-0.00025106213140063297,0.004957391448265014,0.0052357512421345506,-0.008448245711488308,-0.0011320914432012038,-0.006463294618099767,-0.0016218333175771324,0.0001043925892417506,-0.0024275950306336756,-0.00018816942874712018
10,-0.029347660069595802,-0.10870281539847616,0.05560943258785132,-0.01897177701985486,-0.061496114279733914,0.011295367728579005,0.004943922893102505,-0.005147785267901434,0.003977876029583718,1568.6299377493822,0.018737092747612368,-0.016291073979623243,0.0041066305025309405,0.030844523561641555,0.0989746112622889,0.042692452067353094,0.015029657960097254,-0.04209394646732778,0.02788829102946412,0.010636619297427707,-0.015699713442448006,0.007864468468002445,-0.01747476420608675,0.02837450376919939,0.01097702207988517,-0.02718293084012101,0.025416192512370216,0.03731012804252103,-0.022107114195114956,-0.027280046705463527,0.029293339952340115,-0.023211819105243923,0.06140357010404344,0.05319996498254589,-0.018845546113087294,-0.005694186295649286,-0.004451210222715079,0.00454121576928199,0.04264235231500772,-0.0018059421778345416,-0.029157448186949424,0.013074166602053874,-0.01804752919408335,-0.011458474133019224,0.027888711006081777,-0.007671859860687598,0.0004541931459860655,-0.0023057140886379767,0.010011581989766821,-0.0018054447010675224,0.004317393166377734,0.006775108542251998,-0.0006156776187347049,0.001008250854215817,-0.00013527715575760056,0.00019572418635118336
11,0.0027214907950438173,0.06409380159911204,-0.015547264339936301,-0.13545696388367084,0.03164330856951533,-0.009580273736776116,-0.06234176181658988,-0.010734100765717557,0.028220103746809992,0.018737092747612368,1637.9591212072633,0.003175502386011372,0.020537308119900954,0.020364811790006026,0.054732544177568364,0.0065858102070999415,-0.00960412306725624,-0.04869572488996835,-0.09493334540419339,-0.013017003357990943,-0.04196946711960467,0.015468503270280582,0.035500311546226855,0.07000228300332902,-0.0026310258521082767,0.008778858929151824,0.024704832058040364,-0.024712042973854178,-0.007548675007971862,-0.03902330045700024,-0.026163140365464924,0.016057411096201603,-0.023436498403191737,-0.03573143509106883,-0.019303839919335684,-0.021056907184812602,-0.01996050306506624,-0.024714362536975717,-0.025379902323940697,-0.01580895439657636,-0.013095882320494207,-0.01869305791881913,0.0014998480481643079,-0.002770863725112249,0.0076581898627448705,-0.0012033768988046764,-0.008867041675395893,-0.001166918322346973,-0.022528882379411953,0.001969759560471558,-0.005804745678765716,0.005889995869332987,0.0017096610487034366,-9.540439722528008e-05,-0.0033090128966099096,-0.00010579450717721072
12,0.07986149807261565,0.013926268402020076,-0.007532250689995683,0.036107260903299895,-0.11440808882877279,-0.0014713801968420563,-0.039914957687743315,0.009694249616411283,0.03781887423472016,-0.016291073979623243,0.003175502386011372,1976.9384212713155,0.08869117487098199,0.0035072954157230937,0.10756857889161231,-0.028729026637885135,-0.07640916945964348,-0.03276287283699345,0.08069263659116169,-0.015665939891285206,-0.02903195716024515,0.054502782094297535,-0.008361864056553871,0.004764597230721303,-0.0031834854300918404,-0.05523493402460591,0.035361814025220525,-0.009453420051003582,0.005790665118740198,-0.013081495813513946,-0.04226127708745677,0.009066183972607375,-0.037070093544781337,-0.024584078787598097,0.014976191827066217,0.007752395734618995,0.023852113086906292,-0.015939939869987534,0.014956396892210995,-0.013432467191465092,0.002027550968899913,-0.006553956522666383,0.0029012151934983076,-0.00634439653442994,0.00652533680620774,0.015218304135083998,0.0014897192810336105,-0.0012056279568512594,-0.014734664230004224,0.0013739490664103431,0.000748905712393005,-0.004851107137280906,0.001946774519878623,-0.002026983065072049,4.292587064267632e-05,-0.0010809778200979382
13,-0.022653686212272105,-0.005348004942849938,-0.02113827419468235,-0.013080925806102173,-0.0026683141919522898,-0.04465333414427122,-0.07661523645520861,0.0013977399841431774,0.0016798143746534291,0.0041066305025309405,0.020537308119900954,0.08869117487098199,1178.8135444186712,0.012450034231450814,-0.0752487244823683,0.039227387089586875,-0.046382285877569776,0.029776707722320266,0.06361367216461164,-0.0068288742345825005,0.027002049716451856,0.0222428746647682,-0.031430825339090626,-0.04438777768978746,-0.03289666932888797,0.0016416980723091138,0.06939085231751221,0.04719241268372205,0.0035696295303556916,-0.013636852354895954,-0.003098526236842368,0.016817039064761514,-0.049515851748825154,-5.0991860990937834e-05,-0.02794758893453918,-0.012145301387077806,0.060497982965385236,-0.012376465420759913,-0.004072876681188464,0.00983299473517669,-0.0039374028225481325,-0.006688004960195083,-0.02792349935393021,-0.006229509905256189,-0.03601366768003648,-0.009490270788831644,0.0009254719300976653,-0.0031762636874993204,-0.01946404834541468,-0.010023765217648499,-0.0010398815877563328,-0.012180717109585924,0.0028159866199119546,-0.0009808028839750629,0.002929530503563533,-0.0006594136652438705
14,-0.002985244912404276,-0.020575597548070704,0.05211585641114908,-0.09731340830399794,0.005931329667496174,0.064772757032003,0.0024244986795271244,-0.007548379724241652,0.025914836060525668,0.030844523561641555,0.020364811790006026,0.0035072954157230937,0.012450034231450814,1499.4271843354666,0.009706695555626924,-0.024416985552535696,0.019070967891333376,0.025024345825163438,-0.016584437325779664,0.028192452314838384,0.04864687256937134,0.002582183405565074,-0.0008532289338472617,0.017755123775584913,0.0180602391469742,0.010897363382377593,-0.017053005633812457,0.0014601734588034268,0.03018477712463109,0.020189638739509273,-0.011987772641812111,-0.021347752198837496,-0.014619231321032919,-0.02387353638446931,0.0334581451806422,-0.01508905867518763,-0.02882995068536617,-0.0014332355203817105,0.03048650703215054,-0.015839052461936277,0.005792741292624095,-0.027820578684599615,-0.0010279920338406839,0.03572527610553629,0.006137358905806936,-0.007270368964746973,-0.0024762553206340364,0.010735898960927645,0.015465278749018412,-0.0036308782926620996,-0.0009542621099336159,-0.010905018068136771,0.0008940275254235616,0.0034535938112903062,-0.0024998030111215287,-0.0008384909188051069
15,-0.0746778585996475,0.007269387901619259,-0.018491284461549084,0.025753805359708264,0.00319363627115155,0.07161208506633199,-0.04833592730734803,-0.005272409705346976,0.012630835027275189,0.0989746112622889,0.054732544177568364,0.10756857889161231,-0.0752487244823683,0.009706695555626924,1720.923107611276,0.1419470157947507,0.08848057586662635,0.13361289350335945,-0.0279387386959637,-0.04646917668184858,-0.002756548640061772,-0.06166805696022526,0.018274059164708468,0.04126056526073485,-0.012689160653136723,-0.0705058393417771,0.017210975209509205,0.026814429155112146,0.0022276107333055644,0.053017853655344324,-0.023545126069318967,0.007074868334965431,0.038568092294175106,-0.02714855580933794,-0.001188221757009981,-0.03785647184530521,0.0074806135691470425,0.017979348956252923,-0.00809852099038577,-0.04078808482614866,-0.003428235819034929,0.011907949471806354,-0.02000113275565361,-0.018231584295901868,0.005231909394840236,-0.010751733902215212,0.00033561427900852486,0.011430024766811651,-0.003643263357679915,0.007445363900327035,-0.008997168418817796,0.013548707075666315,0.0006483033682532219,-0.0030589726868339995,-2.201739984593952e-05,0.0008209481620091497
16,-0.04340147037805757,0.1716562014124334,-0.020753780787976475,-0.13054331976648392,-0.05489943869635972,-0.0029881717575371398,0.05299589401640239,0.005471511598698057,0.01274592396384924,0.042692452067353094,0.0065858102070999415,-0.028729026637885135,0.039227387089586875,-0.024416985552535696,0.1419470157947507,2337.80297381987,0.03986119616094147,0.02130316242266635,0.010598846684619152,-0.08181134329158185,0.09049827602473993,-0.044433209033597466,0.01886303405276484,-0.04051303927371625,0.01705539537161668,-0.056270626758670325,0.055212578361709126,0.023407910161691293,-0.09488606664115609,-0.06648266481521385,-0.010762752971894817,0.01887575236977264,0.00969511663666952,0.01541483052251012,0.019785920974176266,0.030644254603752405,-0.011276849150182122,-0.011824384393842056,0.006714737284088735,0.018330533594693235,-0.007340172744948053,0.009055383056803519,0.015378584956623585,-0.011969365733010384,0.019105215257310754,0.028322043082389274,0.0011875071931587169,-0.0029357396205060594,0.006575505049842306,0.004592907795158725,-0.0005097822592771279,-0.008697162776365154,0.0009457037743461069,0.0062074780963457124,-0.002489260216233319,-0.0005704158884569247
17,-0.03325795760912686,0.08885039298283093,-0.02893732716562546,-0.038830313379083846,-0.009302335368240459,-0.028499826977396524,0.02421800784050959,0.01159791692328986,-0.0273649717544196,0.015029657960097254,-0.00960412306725624,-0.07640916945964348,-0.046382285877569776,0.019070967891333376,0.08848057586662635,0.03986119616094147,2123.6603142836566,-0.062129227201958064,-0.028144155437052395,0.022224448316112463,0.06471442401488757,-0.022906065871368706,-0.01677757715191517,-0.001300983614237556,-0.01854188830322922,-0.020693048718226806,-0.026742249840068472,0.004679869532576907,-0.03772281963624764,0.008204565810248343,0.04806201981232368,-0.007846744686757558,0.02020681002129763,0.03679125677765966,0.0022133802430998662,0.004392726925513827,0.0014378083401697683,-0.002265938559627094,0.003990039928344685,0.01883551944731978,0.037567437871027606,0.004590357767006667,0.004640660767232583,0.01803914713284868,0.008468531116003828,-0.014236575833468155,7.411251370147205e-05,-0.005148965275754928,0.004359267441505366,-0.019273642206811544,-0.007471985818319204,-0.00454328191698186,0.0017994581151920055,0.0004096968923861398,0.002606699930741102,-0.00018625753545621642
18,-0.010817290879270103,0.0939994203825311,-0.02444632212223697,0.09750715983401807,-0.025060158690408365,-0.041017730589581386,0.0014944594135982352,0.002831461068449136,0.009736183569705703,-0.04209394646732778,-0.04869572488996835,-0.03276287283699345,0.029776707722320266,0.025024345825163438,0.13361289350335945,0.02130316242266635,-0.062129227201958064,1728.7993489165947,-0.02082873049521588,-0.009135834052883587,0.011115608585854071,0.0003397296874671564,-0.026109104607661342,-0.025389705724401725,-0.0009755425310390336,0.03900841079881269,-0.029613252696051185,0.027484836075438647,0.07311644922157012,-0.035634288398830975,0.017140927565559613,0.03279455564612329,0.013089822065552353,-0.011018924728559653,-0.05224113899773718,-0.02501905336200215,0.05197402727532208,-0.01628420152706138,-0.004550894076201078,-0.04627624471134256,-0.004828650650849983,-0.035081503655461845,0.006686590567158498,-0.0043831891287275946,-0.009339714003197663,-0.0023389783596595077,-0.009557169886552854,-0.0021849119517824904,0.006940916089101357,-0.008429659921418524,-0.007743088921664248,0.007404654845270245,0.0012887112568807757,0.0028108636027727686,0.0013006956348042792,-0.0006386467841844589
20,-0.018286167110078837,0.03788758821857067,-0.0032080322042883315,0.0967509522010425,0.058179826823538554,0.05722215382837299,0.028154460065690588,0.0006267441557524947,-0.013712729239090162,0.02788829102946412,-0.09493334540419339,0.08069263659116169,0.06361367216461164,-0.016584437325779664,-0.0279387386959637,0.010598846684619152,-0.028144155437052395,-0.02082873049521588,1271.7106869478648,0.00849615934498468,-0.00962837895550611,0.02044239959765716,-0.007052336475262296,0.030179063613121216,0.018692171762620027,0.049844153086564966,0.003074340992611676,-0.03323836792191386,0.03215620538900265,-0.03896923127843013,7.247640378023577e-05,0.055941327552283704,-0.015045880076323015,-0.019049624053280423,0.03977432259634055,-0.0057359742836231315,0.030365724988668116,-0.02001658337907449,0.030401120984607025,0.006249850532749143,-0.0348316818418227,0.0013269097990585403,0.02221424625205771,0.02381245087555764,-0.0004481563394940646,0.01289520359073936,0.0014472673589068614,0.011486524129118998,-0.001008215600053825,0.008393950673547763,0.003446341358654572,-0.005383857374527908,0.0007347254089228486,0.0006121675245742915,0.0014631708078345286,-0.00029009438038159934
22,0.016759197680321462,0.039677233903264025,0.003005344283404707,0.029618866376283585,-0.05128600496860589,0.011152852106605323,-0.016339465080115297,0.007226297068312073,-0.00535211396654304,0.010636619297427707,-0.013017003357990943,-0.015665939891285206,-0.0068288742345825005,0.028192452314838384,-0.04646917668184858,-0.08181134329158185,0.022224448316112463,-0.009135834052883587,0.00849615934498468,622.9008081752951,-0.025057107213800993,0.00536371471121853,0.010498773052524446,0.005517973822483267,0.019544487439528784,0.0018617400928582835,-0.012066351395995352,-0.006218102875196863,0.021739314916121997,0.0031572686875468692,-0.012521219148735345,-0.011837832058384117,0.009512722358969227,0.021248679823392617,0.02870149965192223,-0.021658972925330935,0.01730732937521392,-0.02160774837904386,0.0008974784942457799,-0.00042028807882548975,0.0015011303466512095,0.009163053582565963,-0.017598390543249347,0.008724073600760987,-0.00036408968616466047,0.007301096933984934,-0.004959446178991499,0.0023000267304327353,-0.0015108371332204081,0.006609551729147502,-0.0003110971828017566,-0.014404245385353901,-0.00032574909810506966,0.00014274280745907027,0.0010149998709150802,-0.00027234718852279415
23,-0.07486769214806284,0.006433225384286622,0.001162621480845331,0.05407713542738184,-0.04846397916342271,0.01583142812940611,0.01696609541631147,-0.0015273840459601262,-0.02152828814351579,-0.015699713442448006,-0.04196946711960467,-0.02903195716024515,0.027002049716451856,0.04864687256937134,-0.002756548640061772,0.09049827602473993,0.06471442401488757,0.011115608585854071,-0.00962837895550611,-0.025057107213800993,1058.4809156269146,0.008507508889888205,0.006618731355310683,0.005534158615993707,-0.008521208712076138,0.012256503123961997,-0.015832887208574422,-0.009525255512169636,0.03481642174876906,0.003778392310055916,0.020121721483850386,-0.007525711563183632,-0.02795561679769517,-0.0010258498816862205,-0.02749959606271037,-0.014557579561366647,0.02108786515270652,-0.0028070907379388866,-0.01873516700259112,-0.006915414953895261,0.011117847652546609,-0.009590136537796322,-0.0055782808207511855,-0.001707268051593593,-0.012340520629561893,-0.0034102468953586293,0.0008965390786970194,-0.002591332543093231,-0.004720761157631668,0.015851431752860575,-0.002245503578493602,0.0040878862598364065,0.0018878120776518125,-0.000396202588697344,0.0010928783350971432,-6.152117488747511e-06
24,-0.01802629340667719,0.01203618118278848,0.017507483843698532,-0.06797234213313554,0.010167128518341813,0.039941702703339035,-0.017499023845257193,0.002264545720360255,-0.019923927048567512,0.007864468468002445,0.015468503270280582,0.054502782094297535,0.0222428746647682,0.002582183405565074,-0.06166805696022526,-0.044433209033597466,-0.022906065871368706,0.0003397296874671564,0.02044239959765716,0.00536371471121853,0.008507508889888205,686.7886732942866,0.01776141550856036,0.03116222793433129,0.02039160579557056,0.0315929887689223,-0.0003808605735633177,0.0013057271794304933,-0.0246413006094751,0.006476897127005069,0.027796426643711524,-0.004220212364106282,0.02027622466735964,0.0176806096902886,-0.01931587267916181,0.003131961350607996,0.017519460523811804,0.0025789889817287837,0.04644523669761258,-0.036140603870675615,0.004774413840931878,0.023158281481257714,0.009919672627786263,-0.009166473737067594,0.009047611201555226,0.001483016038679567,0.005137179067497405,7.434195376589569e-05,-0.013214362653770632,0.004181356119691701,0.0014478770078774255,-0.011438106640401938,-0.00185679661845471,-0.0030268863042139747,0.00011184037935380729,-0.00012924198226501072
25,0.042882139459277976,-0.012812087548792784,0.009362864915463408,0.015321663390277122,0.01711628334275964,0.008997360381641,-0.012258630029652723,0.0032499994697328186,0.00515404335668462,-0.01747476420608675,0.035500311546226855,-0.008361864056553871,-0.031430825339090626,-0.0008532289338472617,0.018274059164708468,0.01886303405276484,-0.01677757715191517,-0.026109104607661342,-0.007052336475262296,0.010498773052524446,0.006618731355310683,0.01776141550856036,282.2718293740739,0.030242434225926637,0.008579748680365415,-0.0239142275713588,0.0022697561348993043,-0.0025225385629436686,-0.01730116390697441,-0.004824158123834818,-0.004876645956376289,0.0018380372783087368,-0.02249731030981883,0.005532491751631181,0.006418302376967049,-0.005304514427028653,-0.021815181454881268,0.01418348056360204,-0.012415406240917968,-0.011882749895069225,0.006338659608844937,-0.01093609609722247,-0.006586346720270023,-0.0025521422575986896,0.01585861921089834,-0.008266876651080831,-0.0006951901590252589,0.008234878022224732,0.0011835855052179192,-0.0057192584359069066,-0.0020486591593601405,-0.00581291366048868,-0.00028688953031472103,-0.002775779226584824,-0.0015724199108170234,0.0001207375136996113
26,-0.0804461175044414,-0.01961476462090702,-0.060715094980283456,0.0050192600727555535,0.06924144384259605,0.03246729073319458,0.05715003379150343,-0.0038152465597972533,-0.003856819256009774,0.02837450376919939,0.07000228300332902,0.004764597230721303,-0.04438777768978746,0.017755123775584913,0.04126056526073485,-0.04051303927371625,-0.001300983614237556,-0.025389705724401725,0.030179063613121216,0.005517973822483267,0.005534158615993707,0.03116222793433129,0.030242434225926637,1294.9760708175131,0.006521240239490241,0.02171226435530384,-0.010419650647377656,-0.055104211930856246,0.03727007033068284,0.030045541624693178,-0.02243671400432097,-0.01649199361703286,0.030890414327088556,-0.025961005011857736,-0.015286752580555249,-0.029402582597989946,0.038671989661355335,0.017553554646748813,0.00021327191833093038,-0.04064256500531368,0.0034221391934660685,-0.010331269856016009,0.014721868276327842,0.01849649558754233,-0.0036318456906767947,0.00014542672751825241,-0.002315049516459802,0.011325095740936895,-0.0014422631121549312,0.009235030756890288,-0.0065239038257944686,0.0004313459094346228,0.000628481142659319,-7.992720999234365e-05,0.002670928351105949,-0.0002895053827584067
27,0.025583863927130638,-0.015184784241329158,-0.035067689541467426,0.03201927853621225,-0.007868920371143263,0.014458182588225047,-0.005152025240184533,-0.003665033479241843,0.006123300013497467,0.01097702207988517,-0.0026310258521082767,-0.0031834854300918404,-0.03289666932888797,0.0180602391469742,-0.012689160653136723,0.01705539537161668,-0.01854188830322922,-0.0009755425310390336,0.018692171762620027,0.019544487439528784,-0.008521208712076138,0.02039160579557056,0.008579748680365415,0.006521240239490241,278.3612734347828,-0.02152727593480241,-0.015872423956720064,-0.004867041191640612,0.0057727140404568835,0.011032000131792914,-0.00510964406603844,-0.0021976665766036594,-0.006159548975788166,-0.009363967518673579,0.018152819896365482,-0.009138585858730394,-0.01890038895978306,-0.007380058501049447,0.019457098126691063,-0.006057512399898485,-0.010517702668314064,-0.0042268818388154095,-0.01242924043580112,0.016532491950023844,0.0017983489829071883,-0.0034512474122665193,-0.00163344005527785,0.002933339272444033,0.006650871469719549,0.0030984025481418354,-0.007076040097343138,0.005472115298604308,-0.00045761817319871765,0.0001843335166923284,0.0006021624369578422,3.785037980552735e-05
28,0.001976368180306269,0.014378604773519718,-0.007158570790456667,0.002267314587341357,-0.016643160684603135,-0.0038790062549138105,0.019737591813346812,-0.005666354901232189,0.032165373108963204,-0.02718293084012101,0.008778858929151824,-0.05523493402460591,0.0016416980723091138,0.010897363382377593,-0.0705058393417771,-0.056270626758670325,-0.020693048718226806,0.03900841079881269,0.049844153086564966,0.0018617400928582835,0.012256503123961997,0.0315929887689223,-0.0239142275713588,0.02171226435530384,-0.02152727593480241,811.7409677636795,0.014755398727736686,0.028445618577041983,0.03700873114005814,-0.02382584100823978,0.007547647612305211,-0.005744828482361421,-0.009874336657618237,-0.025323667804407132,0.03294799846481639,0.009502610091885114,0.051895220346611,0.018366250198857056,0.02894497045315271,-6.737259281509906e-06,-0.03149420208712842,0.0274562569847537,-0.0028107322409743943,0.013516984379668532,0.0006038020177616266,-0.006197759882597897,-0.00024138839104931192,0.003243908278009372,0.0007934245310574497,0.0015206038944043103,-0.0035962114670124914,-0.0075994367204580485,0.0010562299242418947,-0.0006991828278503361,0.0018972118356888597,-0.0004392964461362067
29,-0.013446628974165674,-0.018473838930268847,-0.0278489814090753,-0.06853314368149972,-0.01258512775371412,-0.022713675944811065,-0.031172472157949514,-0.003359457360792286,0.008520706808145099,0.025416192512370216,0.024704832058040364,0.035361814025220525,0.06939085231751221,-0.017053005633812457,0.017210975209509205,0.055212578361709126,-0.026742249840068472,-0.029613252696051185,0.003074340992611676,-0.012066351395995352,-0.015832887208574422,-0.0003808605735633177,0.0022697561348993043,-0.010419650647377656,-0.015872423956720064,0.014755398727736686,541.6236595518542,-0.011146010164755001,0.027166772264587625,-0.013900564874431642,-0.013774178849059899,-0.025019816816662998,-0.018134526823131856,0.0010777638837785363,-0.014223557186569747,-0.012285246507511711,0.00036118980175029245,-0.0059825969552981745,0.019263111008399416,-0.00955696782453314,0.005052586684473433,-0.03248216519451794,0.0016773253551986716,0.009479863265213884,-0.011934822258412078,0.02033996244885572,0.0033531227512037447,-0.006728407056822903,0.010526474924223525,-0.0063539518702665065,-0.0029112706459871788,-0.003066700118135425,0.0003294724496985455,-0.0027687128426275086,0.0006857810560044911,-5.616488219254213e-05
30,-0.028838042883244874,0.07595099787892297,0.026766851437041522,-0.02574980107146827,0.024287443477147532,-0.030402224212063057,0.022258695331759955,-0.0022662290268301607,0.004944733365746947,0.03731012804252103,-0.024712042973854178,-0.009453420051003582,0.04719241268372205,0.0014601734588034268,0.026814429155112146,0.023407910161691293,0.004679869532576907,0.027484836075438647,-0.03323836792191386,-0.006218102875196863,-0.009525255512169636,0.0013057271794304933,-0.0025225385629436686,-0.055104211930856246,-0.004867041191640612,0.028445618577041983,-0.011146010164755001,518.6345800860952,-0.03439310650286611,-0.01595396541954749,-0.001786455124028704,0.01482449451113628,0.0038202437783118226,0.009195998455778542,-0.023523016310847397,0.005788389018699724,0.012144953803276935,-0.013232425573900765,-0.0019717820056578154,-0.018679331049592473,-0.004897945954287082,0.012780254826660004,0.00503416931798812,-0.015995231381419336,0.0006525755360524437,0.0030977213729875934,0.0016329079536094818,-0.004992881133107462,0.010356610007058675,-0.009466934674705912,0.000346667602725733,0.005445436056777588,0.002080670708660226,0.00047723860060465173,0.00018525410267381147,0.0008846515132914408
31,0.0093725638788016,-0.03671087654913984,-0.002185162331911731,0.050190769606162054,0.02376357965065301,-0.004846936216482013,0.04591139093457429,0.0024129561033728072,-0.003255764885186469,-0.022107114195114956,-0.007548675007971862,0.005790665118740198,0.0035696295303556916,0.03018477712463109,0.0022276107333055644,-0.09488606664115609,-0.03772281963624764,0.07311644922157012,0.03215620538900265,0.021739314916121997,0.03481642174876906,-0.0246413006094751,-0.01730116390697441,0.03727007033068284,0.0057727140404568835,0.03700873114005814,0.027166772264587625,-0.03439310650286611,1182.5059479804756,-0.04883543633906389,-0.021981095063975973,0.0005339163829520346,0.0234562361270257,-0.0415273869364972,-0.052135312670769145,0.01833178231159581,0.04889471842842309,0.011091199710912363,0.018063765740750744,-0.025382976777594844,0.0027710642358594983,0.012666139305997892,-0.0075588971477596216,0.015539180178141898,0.014503065428219377,-0.006112333854152689,0.010859540139152994,-0.003042138564378755,-0.007708555426961573,0.0024683860786373834,0.0050771624089616255,-0.001345267648564816,-0.0016727872982627917,-0.005256130061902332,-0.0006755844105406885,-0.0006154133886098741
32,-0.009221449823036455,0.024133946751317577,0.029103073568379222,0.05482825251043854,-0.007405721887367218,0.016679775260685793,-0.02565023128009443,-0.0027956822584263197,0.009071350287704496,-0.027280046705463527,-0.03902330045700024,-0.013081495813513946,-0.013636852354895954,0.020189638739509273,0.053017853655344324,-0.06648266481521385,0.008204565810248343,-0.035634288398830975,-0.03896923127843013,0.0031572686875468692,0.003778392310055916,0.006476897127005069,-0.004824158123834818,0.030045541624693178,0.011032000131792914,-0.02382584100823978,-0.013900564874431642,-0.01595396541954749,-0.04883543633906389,765.8856715753521,-0.012358839838185386,-0.033983637926877794,-0.03025610374162349,-0.019946469558124093,-0.010957714289828186,-0.002661476489442278,0.038105713518523356,0.0064996463596431134,0.015878202234807813,0.009383234038642153,0.012682750854297474,-0.007625680709315804,-0.01563191013753163,0.024181275777149614,0.011613700548645224,-0.01653713273245969,-0.004148583186576163,-0.001609508639590656,0.026770875447911374,-0.00959827827495115,-0.0013868325547040869,-0.005407669791926116,0.0018398001110043168,0.0018764374480749787,-0.00043862907940223794,0.00023462407713456648
33,0.032064189368268714,0.009381273770256493,-0.024194343594441607,0.007302300573474174,0.023686689710694674,-0.012427060626235137,-0.0117792011783526,-0.002244636851346376,0.014501862721776776,0.029293339952340115,-0.026163140365464924,-0.04226127708745677,-0.003098526236842368,-0.011987772641812111,-0.023545126069318967,-0.010762752971894817,0.04806201981232368,0.017140927565559613,7.247640378023577e-05,-0.012521219148735345,0.020121721483850386,0.027796426643711524,-0.004876645956376289,-0.02243671400432097,-0.00510964406603844,0.007547647612305211,-0.013774178849059899,-0.001786455124028704,-0.021981095063975973,-0.012358839838185386,408.50751364164137,-0.010971076382282108,0.022054191412701634,0.014015643938650808,0.024130371763191428,0.006605420578924436,-0.0006457609753599894,-0.0038356583351422803,0.017831865321671497,-0.018667222230811357,0.008183065388811927,0.028467679400578986,-0.006820681339802777,-0.019711651976783238,-0.0022512351154036422,0.009360544083946057,-0.0015267616465330168,-0.0019357661916359348,0.00357139882622938,0.0047113289627488866,0.007034157395093782,-0.005710296306901418,0.0011392224641506676,0.0007481013142124541,0.0018443162029555128,0.00046187727104304627
34,0.01678576378604315,0.05479832168915427,0.02982966915850198,0.011906849782769001,-0.021819839255942088,-0.007539959486760987,0.027703290085445014,0.006680109364696748,-0.014623021605579873,-0.023211819105243923,0.016057411096201603,0.009066183972607375,0.016817039064761514,-0.021347752198837496,0.007074868334965431,0.01887575236977264,-0.007846744686757558,0.03279455564612329,0.055941327552283704,-0.011837832058384117,-0.007525711563183632,-0.004220212364106282,0.0018380372783087368,-0.01649199361703286,-0.0021976665766036594,-0.005744828482361421,-0.025019816816662998,0.01482449451113628,0.0005339163829520346,-0.033983637926877794,-0.010971076382282108,585.1883753478937,-0.040281716126653426,0.02227480348672506,0.004931006909909758,-0.021615523005365334,-0.0014676269362479866,0.0005085315375027425,-0.026366121945898387,0.010899420807764244,0.0028095729034100184,0.005009204410234166,0.006894567303513581,0.01910657578734917,0.010384540022728438,-0.005082072011831251,0.00026020631108611327,-0.010526230890366087,-6.507246468586874e-05,-0.003980314262537463,-0.00105991607013027,0.0002920604716334452,-0.0007079293892131341,-0.00028550180880183515,-0.0007168450836461711,-0.0008823581179581509
38,-0.009181690964067797,-0.017521580761925448,0.03547997543116299,0.008631140266511529,-0.03741001592387112,0.06289076101344916,-0.03057719887923842,-0.009588656967298567,0.004603966746542421,0.06140357010404344,-0.023436498403191737,-0.037070093544781337,-0.049515851748825154,-0.014619231321032919,0.038568092294175106,0.00969511663666952,0.02020681002129763,0.013089822065552353,-0.015045880076323015,0.009512722358969227,-0.02795561679769517,0.02027622466735964,-0.02249731030981883,0.030890414327088556,-0.006159548975788166,-0.009874336657618237,-0.018134526823131856,0.0038202437783118226,0.0234562361270257,-0.03025610374162349,0.022054191412701634,-0.040281716126653426,1630.4726805757057,0.014881805418202165,0.004955946392305253,-0.05451371701375325,-0.047518983305048,0.010290958018515867,-0.05962434507573109,0.04949394555596426,-0.015181676541344046,0.014130334509570375,-0.025919798808411543,0.014539810417140598,0.016247523031203435,0.0009225017500687257,-0.010343329672929053,-0.0075985820216585105,0.003519052508206993,-0.004692099706820546,-0.005302656265488995,0.0017225880567297536,-0.005251729410086611,-0.003982721881420764,0.0021557469880300493,-0.0017095441008274737
