,0,2,3,4,5,6,7,8,9,10,11,12,13,14,15,16,17,18,20,22,23,24,25,26,27,28,29,30,31,32,33,34,38,39,40,41,42,43,44,45,46,47,48,49,50,52,54,55,56,57,58,59,60,61,62,63
0,57.207309634391024,0.0012772476649017437,-7.27471869174385e-05,-0.002540055519357337,0.0009361830595274357,0.002983832175042428,-0.0008544490234087798,-0.0008099377764047407,0.0003850686336252692,-0.0007305935726187946,-0.00013084255538491136,0.0020087991212896688,-0.0006031127502234857,-0.0001174009424700766,-0.0016611218181923676,-0.0010745922679662268,-0.0009139679240601506,-0.00019312898461410402,-0.00047002853755791777,0.000526099387775008,-0.002293644392477357,-0.0005476878032292989,0.0014128673739795506,-0.0026685299317174655,0.0008508547084101073,0.0001081810899976865,-0.0005114126923713436,-0.0011197446205403717,0.0003027147450978739,-0.00037024725320721283,0.0012493744892405293,0.000787186123409172,-0.00047389470898408833,0.0003761396190732927,0.0014257586362872129,0.0008157663636520982,0.00027399508456960427,0.00044328081762892355,0.0023114661194705848,0.0034760664637192478,-0.0012070888883788126,9.669783420000112e-05,-0.0014936456941733718,0.0013782664353384907,-0.0008375312851070143,0.0007814701285496292,-0.00014818651142233733,-0.001583838732570702,-0.003946894827180057,-0.0007126913731428089,0.00023503955061184576,-0.0004260299346052678,0.00013991779528511644,9.298198559692638e-05,0.0022779027169438576,0.0011509958671445332
2,0.0012772476649017437,82.09183438570332,-0.0007715392742341826,-0.005419508159119608,-0.0014380405710769939,-0.003708793282022647,0.00045827924386546165,0.0003746744580722897,6.848104599956079e-05,-0.0024262066024431654,0.00152876682654189,0.00037656235085407603,-7.346151916898194e-05,-0.0005510907175047756,0.00033593425681484773,0.004369387277077775,0.0024870359759737344,0.0027325239443975894,0.0009957379709772335,0.0011506346820279337,0.0002675472224269082,0.000365724517696776,-0.0004039862304036512,-0.0006811304212194483,-0.0006283752464918795,0.0005839331603238855,-0.0007887110565256161,0.002954422081714154,-0.0014437711363583048,0.0010570701320620987,0.0003998329071037075,0.0024643948389101414,-0.0007096777725490313,3.104328848272669e-05,-0.0003738906141894729,0.0016261951628268715,0.001372664514402038,-0.0007738923127464486,9.286788933362889e-05,0.0010876338233669687,-0.0008756968356624297,0.0020266383625928983,0.0016408174666515574,0.0010771926630009615,-0.0013250481805291887,-0.0015697872611071663,-8.108480859531984e-05,-3.8037523693545684e-05,-0.002643518305646533,-0.0031044125639124957,-1.650161700699834e-05,-0.003591999469015009,0.000254742665458929,-0.00045400594948669684,-0.0023682531039409234,0.0010724054576532317
3,-7.27471869174385e-05,-0.0007715392742341826,22.613357527608155,-0.0005240694708178981,-6.627214918877985e-05,0.0009754545197819006,0.0005675879628399423,0.0004317523786198971,0.0002898897816310083,0.0012433625296165924,-0.0003767672546064644,-0.00017473866896819913,-0.0005065788623966745,0.0013337111053474265,-0.0004849986698953477,-0.0005945228662545259,-0.0007619770313475148,-0.0006697271995062019,-9.796129485601739e-05,7.938067121409415e-05,3.4743988685384704e-05,0.0005420568293576733,0.00030743242017522725,-0.0018952335449938604,-0.0012248820196483637,-0.00026019646768249004,-0.001051962248790347,0.0009948162455754488,-7.008485845984404e-05,0.0011404915092913972,-0.001015401822629041,0.0013022336574402362,0.0015846266568139385,-0.0003045613273485428,0.0002550476125569358,0.00010379141330497669,0.0008545497994614988,0.0007132211140961427,-0.0011148141350723186,1.3938291207315383e-05,0.0006876022345801104,-0.0015283751790442434,0.0002602602010189814,-0.0007042309125522781,-0.00017934249008006296,-0.0008299150445282886,-0.0003619536664156349,0.0012534663178187643,4.67713014204138e-05,0.0007828799913520098,-0.0005066626782345941,0.00071658397573858,0.00041184321309037315,0.0007601401772553321,-0.0003724093048324922,0.0005487936024135598
4,-0.002540055519357337,-0.005419508159119608,-0.0005240694708178981,94.09252826840199,0.002022909577622136,0.0015750803937352692,-0.0010295081438449875,0.0008566301723500886,-0.00034331366605758857,-0.00038518986278707743,-0.0032731177661732666,0.0007812315522901673,-0.00032843764981212636,-0.0024461760451171886,0.0006626375084407756,-0.0034571295193408947,-0.0010775355190556415,0.002712524681243454,0.0027537698285143453,0.0008664180260238489,0.0015997683552174764,-0.0020258527494011473,0.0003886636133294122,0.00013375893677143567,0.0011228833017667555,7.62781889790326e-05,-0.002538230278238205,-0.0009598076732966762,0.0019338178603072083,0.002161147104471354,0.0003831175711817426,0.0005186885320016988,0.0003514110771937824,-0.0002241143844905376,-0.0010938904994326909,0.0009424184304682126,-5.20242718195157e-05,0.0016387025993778563,0.002242667364255503,0.0026905981931537406,0.00219465706213754,-0.0027627608894066702,0.001364958936315475,0.003945077162365639,0.0012950996291538944,-0.00035509860585793325,0.0015848236699059558,0.00032921138998888417,0.0019334585764272199,0.0021247558132365604,0.0003683572409188869,-0.0024802464312956743,0.00013221863697275698,-0.0015084560181926065,0.002481694054408594,-0.0019125188129931734
5,0.0009361830595274357,-0.0014380405710769939,-6.627214918877985e-05,0.002022909577622136,57.49057920173068,-0.002684948826481908,-0.0004773827345461021,0.0002452343505107531,-0.0005046330794063237,-0.0013844497254268467,0.0007870646332120471,-0.002713496713845995,-4.10420071250617e-05,0.00015812836236259834,0.00014018517337018442,-0.001345995072026236,-0.000221720218948887,-0.0007198550460179345,0.001670197171859822,-0.0014658711958950355,-0.0013881981102930776,0.0002718412128830231,0.0006066233656501743,0.002267682918192019,-0.0003533770243219119,-0.0005825322929292824,-0.0004714866077007566,0.0008964228446836082,0.0009155988514569749,-0.00030899438739814746,0.0009761947452007845,-0.0009141146596590493,-0.0015898336773369943,0.0015259588986626241,0.0002182872318714367,-0.0002712515194229345,0.004813705254591174,-0.0014069892121666059,0.0015088120351138328,0.0009183454329135089,0.0001768465886530765,-0.0006266232741355152,-0.0013868238378147927,0.001213954111364123,-0.004088965283767876,-0.0004847154483959545,0.0005473224832562567,0.0006761531532718486,0.0003082694149030036,-0.00041841956972490566,-0.0003977747637135197,-0.002419133725764832,1.6000419341090805e-05,-0.00022241559843261732,0.0030020018665270374,0.0010539798410670782
6,0.002983832175042428,-0.003708793282022647,0.0009754545197819006,0.0015750803937352692,-0.002684948826481908,43.714546538595734,0.000133765015816464,-0.00012533503969698695,0.0006348349630429741,0.0002781292713897091,-0.00018330293405056366,-8.165129597149278e-06,-0.00106790493664234,0.0016258624949992903,0.0018510470391963324,1.9529165287128437e-06,-0.0007530437204665572,-0.0011780573720104662,0.0015668749838886134,0.00030522318380660376,0.00045825238167429246,0.0012429958304259082,0.000295637236215579,0.001066134815795288,0.0005353885926591229,-8.265738784527787e-05,-0.0008497168591652046,-0.0011520845500607982,-0.00011291622584042809,0.000691856137532249,-0.0004983619429764996,-0.0002923971605133454,0.0027363954373834554,0.000871427513914642,0.0002992713857569134,-0.0009252389011172145,0.0010091524453091085,-8.840376731872959e-05,0.002245362643371688,0.00043614710336647647,0.0011159197946075054,0.00039045137404824674,0.0018438314816636946,0.0027530781844081888,0.0004165294040158241,-0.00042975910292230424,-0.0001147381734479624,0.0007169099951659517,0.00044637900533101883,-0.0005469893204110656,0.0017423463654256779,-0.0006776649171191596,0.00016942800367355807,-0.000530593900934559,-0.000599879452913843,0.0016319176773462421
7,-0.0008544490234087798,0.00045827924386546165,0.0005675879628399423,-0.0010295081438449875,-0.0004773827345461021,0.000133765015816464,24.622661210745093,0.00010208053910722167,0.00020991599474739714,0.0001331120928658683,-0.001530446197114147,-0.0009687891728352955,-0.0019284234606648917,4.948482550863978e-05,-0.001250842036521168,0.0014921647612811382,0.0006204412765271108,5.88245845801759e-05,0.0007628449911657798,-0.0004534901693517357,0.0004384177768613223,-0.0005086305236740167,-0.00039394016760135257,0.001896495759311134,-0.00015473469656515586,0.0006370918690950126,-0.0012030854030548393,0.0008219401018699661,0.0018242605862201788,-0.0010171030856879037,-0.0004926251596262726,0.0012554261864461734,-0.0013413680118466629,0.0012698013687757828,0.0018830425057148516,-0.001157987748647872,-0.002929806867862198,0.0007118790916387348,-0.00038683364474318305,-0.0009007627011055042,0.0007628686719857526,-0.0004714878417723948,0.0005985539478258282,0.0001460649370921146,0.0004785195067784961,-0.0006647940455678543,-0.0007718196393788333,0.0007163652610191231,-0.000750475716923394,-0.0008502219265613634,0.0002765618664093917,-0.0007153314219356986,0.0007309314766102562,0.00021991942965628983,0.00038168215929219824,-0.0006655414122486303
8,-0.0008099377764047407,0.0003746744580722897,0.0004317523786198971,0.0008566301723500886,0.0002452343505107531,-0.00012533503969698695,0.00010208053910722167,1.9241003662996157,8.097448253737251e-05,-0.00011572769194627668,-0.0002411579200493314,0.00023802700033411569,3.518287968040152e-05,-0.00019794367301247803,-0.00013686038489065807,0.00013211847154025324,0.0003192798900050873,7.328776492421616e-05,-9.671659460534385e-06,0.0002107895754043928,-4.64065535443223e-05,6.690199739880023e-05,0.00010041286282007362,-0.00012720616516518734,-0.0001336983883385987,-0.00020084723843513043,-0.0001328019566120042,-7.90443991299938e-05,9.43330007715831e-05,-0.00010948457413790864,-9.422558329160866e-05,0.0002956977221039006,-0.00043348303114036554,3.229896347611177e-05,0.00022226444989471232,-0.0003391825306766933,-0.0006469357556245469,0.00023849496205575666,0.00012802261430095233,-0.0001056609858036982,6.076010559096526e-05,-0.000133298890351229,-5.374094290425211e-05,0.0003065921289472595,-0.0002094534756832059,-0.0002133219028436178,-5.3283303986522076e-05,0.00036619857476831533,-0.00016408725349454026,-0.0004117740419706842,-0.00012105042389455282,-0.00023021950927868646,2.3205067765026276e-05,0.000346135398969413,5.8505630215045165e-05,1.937218697705369e-05
9,0.0003850686336252692,6.848104599956079e-05,0.0002898897816310083,-0.00034331366605758857,-0.0005046330794063237,0.0006348349630429741,0.00020991599474739714,8.097448253737251e-05,9.365557496511459,8.553179140079364e-05,0.0007046481014262627,0.0009048433881642487,3.1255936960333184e-05,0.0006699381160369997,0.0003336134057727482,0.00034729436429212923,-0.0007192176959232526,0.0002662105760955245,-0.0004406703083813956,-0.0001504967188193236,-0.000668501967121074,-0.0006221827167408872,0.00017139422513561445,-0.00011072061676862445,0.0002274339808196294,0.001143251443893341,0.0003097506605675488,0.000180663848712231,-0.0001198730155122278,0.00037806238722252393,0.0006186938580506544,-0.0006525178149609215,0.0001763583710321852,0.0009259013595723246,-0.0010542055315170369,-0.0008411559535210461,3.5199532646088666e-05,2.4697443561526658e-05,-0.00011253354089374628,0.0008220254066744661,-0.0006144273229969951,6.380338177379801e-06,0.0002565408814289933,0.0006873167686742775,3.45982399642081e-05,0.0001410405863182025,-1.2524461148034362e-06,0.0006253128523470436,0.0007179070475897365,-0.0012856521828842576,-0.00024097574123569963,-0.0014572706715471118,-0.0004414517154912666,3.905126279834871e-05,-0.001348013884980188,-0.0002211693395561188
10,-0.0007305935726187946,-0.0024262066024431654,0.0012433625296165924,-0.00038518986278707743,-0.0013844497254268467,0.0002781292713897091,0.0001331120928658683,-0.00011572769194627668,8.553179140079364e-05,35.865829348963324,0.0004320190698348282,-0.0003936512716526641,9.959146298501844e-05,0.0007877706096184113,0.002530872274864017,0.0011703388000166746,0.0003989421647413404,-0.0012187269620688704,0.0006754253884095452,0.00030027605745727763,-0.0005089604436048395,0.00021463622006925387,-0.0005703349202422096,0.0009393586321259695,0.00038924956771288613,-0.0009543793026921518,0.0009347684113183845,0.0014099551214191086,-0.0008269916921321297,-0.0010842711415509567,0.0012617558722619723,-0.001018597326422798,0.0027063639698322295,0.002520476744138329,-0.0009637068011777311,-0.0002943002546276347,-0.00029014879150241667,0.0002282495368830715,0.0024155467672387033,-0.00011723194249455926,-0.001966463602867829,0.0009206606010337933,-0.0014043637114460193,-0.0009520400062604014,0.00257253573004855,-0.0007660499943830278,1.9721727455969564e-05,-0.000306772163223185,0.001403314575786607,-0.00024409457935959763,0.000792421391167156,0.0015352035340236666,-0.00017152198501275642,0.00036132104008659117,-3.754107030115629e-05,0.00020082033780807643
11,-0.00013084255538491136,0.00152876682654189,-0.0003767672546064644,-0.0032731177661732666,0.0007870646332120471,-0.00018330293405056366,-0.001530446197114147,-0.0002411579200493314,0.0007046481014262627,0.0004320190698348282,39.657336822719586,1.1553294263137526e-05,0.0005196078044342558,0.0005111794222047397,0.0013245275069556097,0.00022020827951615716,-0.00028251729028641966,-0.0012716109612328252,-0.002982040320891644,-0.00035832120420126786,-0.0013434836079198723,0.0004851911016287982,0.0011784732486776225,0.0023057598507245946,1.9851703285381043e-05,0.0002830835221230866,0.0009544005868887401,-0.0009312061198916467,-0.00029779637698026603,-0.0015738244741386768,-0.0010290154651916353,0.0006422606019985098,-0.001166282428652832,-0.0016707724058865182,-0.000779210514241347,-0.0009776750622100157,-0.0012225191538907422,-0.0012968307560196405,-0.0015359893210120607,-0.001041213439566387,-0.0009125680656157395,-0.0013186992321489316,0.0001890981604005761,-0.00036139037396504465,0.0007395017420359802,-8.355857380410666e-05,-0.001003996332157216,-0.0002043489852216177,-0.0030608258134062123,0.00010586845175236881,-0.0010871178538368574,0.0013555451951291519,0.00047672290306501557,-0.00012375706504764642,-0.0018611507887865506,-0.0001652808757151985
12,0.0020087991212896688,0.00037656235085407603,-0.00017473866896819913,0.0007812315522901673,-0.002713496713845995,-8.165129597149278e-06,-0.0009687891728352955,0.00023802700033411569,0.0009048433881642487,-0.0003936512716526641,1.1553294263137526e-05,48.09695862841391,0.0022185983148934594,6.366334778235938e-05,0.002711890885688886,-0.0006632206973493481,-0.002078057539803687,-0.0009224106722747785,0.002250692689369191,-0.000445478322542045,-0.0008517995228792341,0.0016473822598381067,-0.0002494740768953196,0.0001304571171360356,-0.00013172454233208026,-0.0019913589063272064,0.0013332465609603478,-0.0003001475575814377,0.00015393927568817402,-0.0005039737068637657,-0.0017326219683365647,0.00040959433772910835,-0.0016805193636039337,-0.0012301194879435681,0.0006908486481552191,0.00043667601814503825,0.0011216082762920772,-0.0008987421440120387,0.0010520228672556235,-0.0008565026874629345,0.00016628249911461313,-0.0005200985607255076,0.00020298499507993517,-0.0005555454745717112,0.0005230062089611188,0.0014573860439298398,0.00013807841846703162,-0.00018661349498086215,-0.0019121903846049343,0.0002356450829535912,0.00015207647781732473,-0.0010627068392910198,0.0005116265532016297,-0.0006962527676376003,-4.7222838869141004e-05,-0.0011835256363703518
13,-0.0006031127502234857,-7.346151916898194e-05,-0.0005065788623966745,-0.00032843764981212636,-4.10420071250617e-05,-0.00106790493664234,-0.0019284234606648917,3.518287968040152e-05,3.1255936960333184e-05,9.959146298501844e-05,0.0005196078044342558,0.0022185983148934594,29.436545610285396,0.00031621086951392227,-0.0018891058332483916,0.0009707905905017359,-0.0012547881267586632,0.0008480121878839133,0.001839217999469596,-0.00020427049179516034,0.0008161341567470751,0.000688222238586327,-0.0010279879645155592,-0.0014403709712927889,-0.001180077006459643,4.671455291379507e-05,0.0026027912645194447,0.0017664934532665162,0.00011566296236025358,-0.0005331942251886355,-0.0001374467127806583,0.0007576997167142118,-0.0022239919980248475,-2.1643229216989698e-05,-0.0013576712022628774,-0.0006398778670358044,0.003389466618925735,-0.0007225930708547742,-0.00026494905126175455,0.0006448306548160886,-0.0002808055975599404,-0.00043219805461881827,-0.002218316535413241,-0.00053983099630281,-0.0033021518864320377,-0.0009109401421089715,0.0001587576853590983,-0.00039624461151330394,-0.0026280971683775097,-0.0015744296934095499,-0.00017603405305668168,-0.0027062764449586863,0.0007753390797417287,-0.00032528288112535294,0.0015310662918170464,-0.0007255234751698749
14,-0.0001174009424700766,-0.0005510907175047756,0.0013337111053474265,-0.0024461760451171886,0.00015812836236259834,0.0016258624949992903,4.948482550863978e-05,-0.00019794367301247803,0.0006699381160369997,0.0007877706096184113,0.0005111794222047397,6.366334778235938e-05,0.00031621086951392227,38.759939939664434,0.000253869557031139,-0.000693426663673835,0.0005172270063899429,0.0006873370548527676,-0.0004513699497971075,0.0008245838900213875,0.0014207976507806253,6.49385182649286e-05,-1.4061009927777804e-05,0.0006216626567004818,0.000617663572666691,0.0004029623515579007,-0.0006462600892578292,5.5348968703274774e-05,0.0011605563360438075,0.0008150741105705164,-0.0004895147585063975,-0.0009378398323965721,-0.0006338108057943603,-0.001153679772931185,0.001619731696768142,-0.0007665594561217084,-0.001544030529034913,-8.694995598706347e-05,0.0018105400491761974,-0.0009890374822258336,0.0003940742089781347,-0.0019395876700474266,-7.494004526866703e-05,0.0030365598000952577,0.000609750978439757,-0.0007176195494380692,-0.0002536852664952933,0.0013258792434259453,0.002046714218950475,-0.0005496336678272442,-0.00012882576811592227,-0.0024035230145972126,0.00024797539104912965,0.0012875003685630644,-0.0013720272440573527,-0.0009322603309568946
15,-0.0016611218181923676,0.00033593425681484773,-0.0004849986698953477,0.0006626375084407756,0.00014018517337018442,0.0018510470391963324,-0.001250842036521168,-0.00013686038489065807,0.0003336134057727482,0.002530872274864017,0.0013245275069556097,0.002711890885688886,-0.0018891058332483916,0.000253869557031139,42.56975706526734,0.0036305051501258167,0.0023385293024969543,0.003692907481770085,-0.0007017533887371831,-0.0013174419708193812,-9.770940037057295e-05,-0.0018539172524605619,0.0005119822286821715,0.0013201639930529416,-0.0005277105355653442,-0.0024049042613167567,0.0006802483324271305,0.0009717288331323687,7.120465075813433e-05,0.0020912327605245628,-0.0009359322812723715,0.00026572965027300594,0.0016707453150611622,-0.001296882078363849,-5.857403882857229e-05,-0.001960975226833628,0.0003337666825740885,0.00098528193826405,-0.0004790128873966151,-0.002489082808367022,-0.00022091952714912953,0.0008886666604586033,-0.0015495187065321244,-0.0015209874276118655,0.0004663365417806124,-0.0010043538235763874,6.583870771898091e-05,0.0013846342694586488,-0.000496631962820139,0.0010879929077146813,-0.0016501293166294702,0.002881945360381416,0.0001836105042027184,-0.001084154650577779,-3.259643241731798e-05,0.0008765408215765882
16,-0.0010745922679662268,0.004369387277077775,-0.0005945228662545259,-0.0034571295193408947,-0.001345995072026236,1.9529165287128437e-06,0.0014921647612811382,0.00013211847154025324,0.00034729436429212923,0.0011703388000166746,0.00022020827951615716,-0.0006632206973493481,0.0009707905905017359,-0.000693426663673835,0.0036305051501258167,61.34953046540239,0.0010995222506179304,0.0006605965573642017,0.0001193663272090551,-0.00238787173315604,0.0026908171227983013,-0.0013278225284065724,0.0005974195418110846,-0.0014633464197726534,0.0006549028111286566,-0.0020280430295811034,0.0020910998844410615,0.0008696941731516704,-0.0036567937099911273,-0.0026529586201119075,-0.0005111603327496883,0.0007214228966836176,0.0005372929174436286,0.0007732792093391312,0.0009817593068059509,0.001535997373091286,-0.000582337971322149,-0.000668879352989791,0.0002820139198800059,0.0011244670507481419,-0.00048156139381664133,0.000683806082730124,0.0011672081810839036,-0.0009260484430703322,0.0017906454068919997,0.002770727025487125,6.99474154996019e-05,-0.00037888905184207716,0.0009700661520482791,0.0006676735552797576,-0.00012929459386785478,-0.0018471454823680614,0.0002836560164273504,0.0023002571974852335,-0.0012346903078036386,-0.0006423280701991189
17,-0.0009139679240601506,0.0024870359759737344,-0.0007619770313475148,-0.0010775355190556415,-0.000221720218948887,-0.0007530437204665572,0.0006204412765271108,0.0003192798900050873,-0.0007192176959232526,0.0003989421647413404,-0.00028251729028641966,-0.002078057539803687,-0.0012547881267586632,0.0005172270063899429,0.0023385293024969543,0.0010995222506179304,57.517591701040104,-0.0017142908623375142,-0.0007362351852242166,0.0006487005956175709,0.0019498732820141087,-0.0007009425889285521,-0.0005990380992823193,1.3977226012798558e-06,-0.0006613997388905973,-0.0007227888879585018,-0.00105671180696186,0.00020940771622220453,-0.0014688653291842957,0.0003369368433015213,0.001992042417053344,-0.00039092784290676495,0.000922711520431585,0.0017309483928304472,0.00010081235482985496,0.0002456252424398166,2.142643095040149e-05,-0.00015919521578654762,0.00019556272346804836,0.001188891375216658,0.0025195834664915374,0.0003386669559333193,0.00034481118331279896,0.0015334194537094286,0.0007411003452711643,-0.0013242101074393232,-1.2179418814020834e-05,-0.0006485616474922864,0.0005681993203963227,-0.0029698836687045184,-0.0013267253039805891,-0.000906314794386842,0.00047574494788276046,0.00013091970262259735,0.0013858020134821505,-0.0001999380546139875
18,-0.00019312898461410402,0.0027325239443975894,-0.0006697271995062019,0.002712524681243454,-0.0007198550460179345,-0.0011780573720104662,5.88245845801759e-05,7.328776492421616e-05,0.0002662105760955245,-0.0012187269620688704,-0.0012716109612328252,-0.0009224106722747785,0.0008480121878839133,0.0006873370548527676,0.003692907481770085,0.0006605965573642017,-0.0017142908623375142,48.149753787435145,-0.0008200656025692522,-0.00026377798087433367,0.000342744370327315,1.4059350824575691e-05,-0.0007606663978841149,-0.0008718664263016676,-7.325960855748419e-05,0.0013959473721516084,-0.001098929190508369,0.0010326053950401144,0.002813435563345136,-0.00139486884353854,0.0007289664492090607,0.0014342211943181792,0.0006410451473610912,-0.000528718519480659,-0.002560100015754131,-0.0012854214486980268,0.002805490795139001,-0.000921645890013687,-0.00028167634563587264,-0.0029198560149571017,-0.00034084018433868713,-0.0024365574551401797,0.0005523218560658203,-0.00037323916412952473,-0.0008926440405323849,-0.00022087280945285196,-0.0010327658221789692,-0.0002561608084738285,0.0009297390222669493,-0.0013150560565290976,-0.001431904052269367,0.00167301941370049,0.00036773275518443697,0.0009803260968170048,0.0007375702460966677,-0.0007029691939085163
20,-0.00047002853755791777,0.0009957379709772335,-9.796129485601739e-05,0.0027537698285143453,0.001670197171859822,0.0015668749838886134,0.0007628449911657798,-9.671659460534385e-06,-0.0004406703083813956,0.0006754253884095452,-0.002982040320891644,0.002250692689369191,0.001839217999469596,-0.0004513699497971075,-0.0007017533887371831,0.0001193663272090551,-0.0007362351852242166,-0.0008200656025692522,37.682976952218816,0.00027208069835474834,-0.0002765672783071752,0.0007342248296273627,-0.00021602978418437872,0.0010687514355248178,0.0006469874933599467,0.0017862108314572872,0.0001599028940004672,-0.0013194586440764833,0.0011771208737263049,-0.0016158984781114495,5.975216916337597e-05,0.0024523156822459815,-0.000738079126979197,-0.0007798185279578555,0.0018362969041273533,-0.0003974220783081433,0.0014640899229360462,-0.0011596218264526025,0.002034834158803268,0.00039919521064254,-0.002361963835137243,-5.611773648238286e-05,0.0017871923484376253,0.0019991988154617435,3.215390193515291e-06,0.001225476159121874,0.00011761677590840731,0.001508653846100718,-0.0004116142021888769,0.001478928388320669,0.0005562280846308482,-0.0010700512869379647,0.0002416057145958985,0.00025442775292539943,0.0009010896523006315,-0.00031327021345554836
22,0.000526099387775008,0.0011506346820279337,7.938067121409415e-05,0.0008664180260238489,-0.0014658711958950355,0.00030522318380660376,-0.0004534901693517357,0.0002107895754043928,-0.0001504967188193236,0.00030027605745727763,-0.00035832120420126786,-0.000445478322542045,-0.00020427049179516034,0.0008245838900213875,-0.0013174419708193812,-0.00238787173315604,0.0006487005956175709,-0.00026377798087433367,0.00027208069835474834,18.157443308931427,-0.0007609252121173727,0.00016834835852383786,0.0003130452179271103,0.00018565254728936597,0.0006421281939417446,7.675384609255188e-05,-0.00041437437371418933,-0.0002434463672872686,0.0008229004723334921,0.0001156640249986847,-0.0005016557000824269,-0.0005145403956701712,0.00043137141292334396,0.000991256262956147,0.001392372083090909,-0.0011211515492251572,0.000907310049881827,-0.0012158393140695842,5.705400814344117e-05,-3.153572560714282e-05,9.214558202342882e-05,0.0006500560916607812,-0.0013796126550524707,0.000714313778057072,-8.562976223097964e-05,0.0007138877920008051,-0.0005390780409884832,0.0002693860076925381,-0.0002287097070576015,0.0009890260426737307,-5.753932233213267e-05,-0.003116755442111315,-0.00010171882731011403,5.41983603678885e-05,0.0005359033150633231,-0.00030267936140696494
23,-0.002293644392477357,0.0002675472224269082,3.4743988685384704e-05,0.0015997683552174764,-0.0013881981102930776,0.00045825238167429246,0.0004384177768613223,-4.64065535443223e-05,-0.000668501967121074,-0.0005089604436048395,-0.0013434836079198723,-0.0008517995228792341,0.0008161341567470751,0.0014207976507806253,-9.770940037057295e-05,0.0026908171227983013,0.0019498732820141087,0.000342744370327315,-0.0002765672783071752,-0.0007609252121173727,31.447244373612193,0.00029606572685363217,0.00017232091395247246,0.0001852098684371424,-0.00030087364423716254,0.0004337900230579965,-0.0005794577445180678,-0.0003361991742091051,0.0013096094235672377,0.0001280702268710952,0.0008297981372893451,-0.00031682455166160236,-0.0012288478998897674,-7.749150801965211e-05,-0.0012922095777891409,-0.000691674995966444,0.001137220327817783,-0.00015633300969044366,-0.0010107607861288654,-0.0004661800583527694,0.0006963471016166462,-0.000710801040667115,-0.00047865437836432806,-0.00013834577420204517,-0.0010871874587093625,-0.0003343026205578257,8.448785126750318e-05,-0.0003002171388542847,-0.0006744940415997132,0.0024152858248562177,-0.0003815929226302508,0.0008664176594053514,0.0005069347816018749,-0.0001529938698059365,0.0006152772601947717,-2.5368025183938432e-05
24,-0.0005476878032292989,0.000365724517696776,0.0005420568293576733,-0.0020258527494011473,0.0002718412128830231,0.0012429958304259082,-0.0005086305236740167,6.690199739880023e-05,-0.0006221827167408872,0.00021463622006925387,0.0004851911016287982,0.0016473822598381067,0.000688222238586327,6.49385182649286e-05,-0.0018539172524605619,-0.0013278225284065724,-0.0007009425889285521,1.4059350824575691e-05,0.0007342248296273627,0.00016834835852383786,0.00029606572685363217,21.179902079432203,0.0005658813129942244,0.0010557437321596262,0.0007166987033776992,0.00111713121821263,-1.9935790948442228e-05,4.039474692884894e-05,-0.0009921675418152493,0.000261286169329738,0.001199237999412532,-0.00021031161330930203,0.0009316747382911819,0.0008396574937486427,-0.0009533752161926555,0.00020844805771441332,0.0009266409964563974,0.0001275410104032436,0.0027488118707652835,-0.002233849973507378,0.0003101742992267455,0.0016323094741731066,0.0007866751795680885,-0.0008037612546241248,0.0007996961883493216,0.00014937736108596074,0.0005667302693618172,1.6383321550128113e-05,-0.001782995019820456,0.0006094428614756121,0.00025921759053542883,-0.002455855114532671,-0.0005105369527844043,-0.0011054004860233627,1.765354055343594e-05,-0.00015396866739600572
25,0.0014128673739795506,-0.0004039862304036512,0.00030743242017522725,0.0003886636133294122,0.0006066233656501743,0.000295637236215579,-0.00039394016760135257,0.00010041286282007362,0.00017139422513561445,-0.0005703349202422096,0.0011784732486776225,-0.0002494740768953196,-0.0010279879645155592,-1.4061009927777804e-05,0.0005119822286821715,0.0005974195418110846,-0.0005990380992823193,-0.0007606663978841149,-0.00021602978418437872,0.0003130452179271103,0.00017232091395247246,0.0005658813129942244,9.043411359253108,0.0009951233880844705,0.0003064406307164808,-0.0008504026235249048,9.342136470610649e-05,-9.388858561637e-05,-0.0006842524554851257,-0.00020161212216829604,-0.000205173213217697,5.255124754492841e-05,-0.0009676251255803336,0.00025688593985075743,0.00030677445113944606,-0.0002744843064150818,-0.0011450428222490002,0.0008281274405978882,-0.0006971923277070681,-0.0007294618680005016,0.00042266786562414544,-0.0007632111549497582,-0.00046163120031788516,-0.00023880255755222567,0.0015028410331694238,-0.0008016294170293519,-8.627906678738978e-05,0.001005496666969347,0.00024488132693369904,-0.0008340446761338722,-0.0003764852244711241,-0.0011676315755358455,-7.890777659797261e-05,-0.0009974475639235242,-0.000817556261457108,0.00013219409173491052
26,-0.0026685299317174655,-0.0006811304212194483,-0.0018952335449938604,0.00013375893677143567,0.002267682918192019,0.001066134815795288,0.001896495759311134,-0.00012720616516518734,-0.00011072061676862445,0.0009393586321259695,0.0023057598507245946,0.0001304571171360356,-0.0014403709712927889,0.0006216626567004818,0.0013201639930529416,-0.0014633464197726534,1.3977226012798558e-06,-0.0008718664263016676,0.0010687514355248178,0.00018565254728936597,0.0001852098684371424,0.0010557437321596262,0.0009951233880844705,43.14156171484349,0.00017350244826911453,0.0007549700615349317,-0.0003542596896766819,-0.002091982214076207,0.0014602815600507617,0.0011916698752682234,-0.0009292507061846231,-0.0007347311342094489,0.0013797384532561931,-0.0011783633180675755,-0.0007395301727968459,-0.0015437099973619139,0.002007869200766156,0.0009998087878862005,-8.327269932451805e-05,-0.002596000216492688,0.0002440265171291809,-0.0007903850684306028,0.0011740731132675816,0.0015754602895002346,-0.00039115427345020015,1.7444246324967626e-05,-0.0002794595947392129,0.0013831591279305237,-0.0002531054464021479,0.0013940669961913252,-0.0012158994258880868,0.00012105825539560594,0.0001729112671933107,-1.3653351153071435e-05,0.0014282637938796766,-0.00033373580829330776
27,0.0008508547084101073,-0.0006283752464918795,-0.0012248820196483637,0.0011228833017667555,-0.0003533770243219119,0.0005353885926591229,-0.00015473469656515586,-0.0001336983883385987,0.0002274339808196294,0.00038924956771288613,1.9851703285381043e-05,-0.00013172454233208026,-0.001180077006459643,0.000617663572666691,-0.0005277105355653442,0.0006549028111286566,-0.0006613997388905973,-7.325960855748419e-05,0.0006469874933599467,0.0006421281939417446,-0.00030087364423716254,0.0007166987033776992,0.0003064406307164808,0.00017350244826911453,10.070124698565898,-0.0007883262262826394,-0.0006544061138380538,-0.00014744073391377623,0.000223762102292272,0.0004467390873756533,-0.0002373066822608102,-9.925302872885936e-05,-0.000247016778707585,-0.0004647970734167085,0.0008860851126855594,-0.0005013758910886892,-0.0010423922648622583,-0.0004238164817379571,0.001148652218825791,-0.00040532684856752014,-0.0006962846327211313,-0.00038252395852461445,-0.0009940347138790778,0.0013863541589531853,7.3091245055417e-05,-0.0003892213389282592,-0.00021657965932121815,0.0003946010428689942,0.0008526310580938923,0.00046498538795946296,-0.0013688448455470765,0.001234390582389781,-0.00014895723451439772,9.48198035248433e-05,0.0003629101744502989,4.4878656474730844e-05
28,0.0001081810899976865,0.0005839331603238855,-0.00026019646768249004,7.62781889790326e-05,-0.0005825322929292824,-8.265738784527787e-05,0.0006370918690950126,-0.00020084723843513043,0.001143251443893341,-0.0009543793026921518,0.0002830835221230866,-0.0019913589063272064,4.671455291379507e-05,0.0004029623515579007,-0.0024049042613167567,-0.0020280430295811034,-0.0007227888879585018,0.0013959473721516084,0.0017862108314572872,7.675384609255188e-05,0.0004337900230579965,0.00111713121821263,-0.0008504026235249048,0.0007549700615349317,-0.0007883262262826394,28.98572121474899,0.0005356999228117599,0.0010703465017011585,0.0014669105298579746,-0.0009484206037673944,0.0003220341316115124,-0.00023882678836741316,-0.00041895705769297417,-0.0012279171317437143,0.0016016367065758116,0.0005090945811029832,0.0028067697833860945,0.001048979704079487,0.001687677978731877,1.0188174154154215e-05,-0.002117891629990019,0.0019550385949633,-0.0002364098636073807,0.0011864330810467285,9.163922214921795e-05,-0.0005870615017437135,-2.835145121934433e-05,0.0003905883918710684,9.793323336503116e-05,0.0002268889429133727,-0.0006584410817548486,-0.0016871698880530784,0.0002910341102856758,-0.00026751068575948993,0.0010255407556585268,-0.0004908594107290817
29,-0.0005114126923713436,-0.0007887110565256161,-0.001051962248790347,-0.002538230278238205,-0.0004714866077007566,-0.0008497168591652046,-0.0012030854030548393,-0.0001328019566120042,0.0003097506605675488,0.0009347684113183845,0.0009544005868887401,0.0013332465609603478,0.0026027912645194447,-0.0006462600892578292,0.0006802483324271305,0.0020910998844410615,-0.00105671180696186,-0.001098929190508369,0.0001599028940004672,-0.00041437437371418933,-0.0005794577445180678,-1.9935790948442228e-05,9.342136470610649e-05,-0.0003542596896766819,-0.0006544061138380538,0.0005356999228117599,20.81653150834226,-0.00038881371123917645,0.0010877318503389518,-0.0005650874419708037,-0.0005891993271459393,-0.0011736454428691928,-0.0008385172579436358,5.9274861253534956e-05,-0.000717956405093664,-0.0006367302261903048,0.00011465240002657752,-0.0003931877232578377,0.001077799811394462,-0.0006060035245149285,0.0003318652266751451,-0.0023885229511226317,0.00012502162985685467,0.0007969068255442839,-0.0011181759817072063,0.0020253697068058386,0.0003743605996586554,-0.0008832788812320505,0.0014151082358401766,-0.001008748064778161,-0.0005211632977058065,-0.0006366983915054279,8.070319436067578e-05,-0.0010186529011917797,0.0003731854186278337,-6.607745740187715e-05
30,-0.0011197446205403717,0.002954422081714154,0.0009948162455754488,-0.0009598076732966762,0.0008964228446836082,-0.0011520845500607982,0.0008219401018699661,-7.90443991299938e-05,0.000180663848712231,0.0014099551214191086,-0.0009312061198916467,-0.0003001475575814377,0.0017664934532665162,5.5348968703274774e-05,0.0009717288331323687,0.0008696941731516704,0.00020940771622220453,0.0010326053950401144,-0.0013194586440764833,-0.0002434463672872686,-0.0003361991742091051,4.039474692884894e-05,-9.388858561637e-05,-0.002091982214076207,-0.00014744073391377623,0.0010703465017011585,-0.00038881371123917645,19.452921440270213,-0.001354160648407369,-0.000625379645904144,-6.974027552103698e-05,0.0006518660470510558,0.00014218122709088626,0.0003922634733964878,-0.0011172355573199437,0.0002943288766148362,0.0006011997745322543,-0.0007455293174068036,-0.00013327152563868383,-0.0011680368881577727,-0.0003250519139839862,0.0008665996280225432,0.00039315630234180277,-0.0013161770534058925,6.409655128995973e-05,0.00023881704047040372,0.00017065107580574606,-0.0006046643253635439,0.0013230293694923812,-0.001450431616423798,8.812558067413573e-05,0.0011780888785475198,0.0005727845343157273,0.00017449305053546048,0.00010105224155974552,0.0009797622214122229
31,0.0003027147450978739,-0.0014437711363583048,-7.008485845984404e-05,0.0019338178603072083,0.0009155988514569749,-0.00011291622584042809,0.0018242605862201788,9.43330007715831e-05,-0.0001198730155122278,-0.0008269916921321297,-0.00029779637698026603,0.00015393927568817402,0.00011566296236025358,0.0011605563360438075,7.120465075813433e-05,-0.0036567937099911273,-0.0014688653291842957,0.002813435563345136,0.0011771208737263049,0.0008229004723334921,0.0013096094235672377,-0.0009921675418152493,-0.0006842524554851257,0.0014602815600507617,0.000223762102292272,0.0014669105298579746,0.0010877318503389518,-0.001354160648407369,45.654984421354484,-0.0019146581191489553,-0.000887559626363667,8.865944472185576e-05,0.0009577915845022561,-0.0019186481660290215,-0.0025656316014702123,0.0009580654025636984,0.0026247033470796145,0.000635014014980279,0.0010080011912272616,-0.001613239210947066,0.00019370130852022383,0.0008803020614982235,-0.0006336397706850772,0.0013373355023264238,0.0013818659701740575,-0.0006511686097789518,0.0011991584738866852,-0.0003753358162444914,-0.0009582974608125838,0.00042463765503146896,0.0009656253525065097,-0.00032417104757835873,-0.00044460945941327554,-0.0018948275487535267,-0.0003872412194685488,-0.0006503692157632741
32,-0.00037024725320721283,0.0010570701320620987,0.0011404915092913972,0.002161147104471354,-0.00030899438739814746,0.000691856137532249,-0.0010171030856879037,-0.00010948457413790864,0.00037806238722252393,-0.0010842711415509567,-0.0015738244741386768,-0.0005039737068637657,-0.0005331942251886355,0.0008150741105705164,0.0020912327605245628,-0.0026529586201119075,0.0003369368433015213,-0.00139486884353854,-0.0016158984781114495,0.0001156640249986847,0.0001280702268710952,0.000261286169329738,-0.00020161212216829604,0.0011916698752682234,0.0004467390873756533,-0.0009484206037673944,-0.0005650874419708037,-0.000625379645904144,-0.0019146581191489553,29.96513537846593,-0.0005069510508138284,-0.0014885785338941196,-0.0013528090669510792,-0.0009397778227793777,-0.0005364012437032868,-0.00014598651815271954,0.0020896888262688968,0.00035385706784319955,0.0009364243558654598,0.0005739379620988536,0.000821354750018987,-0.000495455282113025,-0.0012136339236428683,0.0020209904715939144,0.0010585013957940903,-0.0016112778166198628,-0.00046791764713073787,-0.00019738523135631814,0.003519782103308958,-0.0014373231597446315,-0.00023227159250238462,-0.001216858879228987,0.0004930527842017666,0.0006780998500911936,-0.0002669001169587725,0.00023777862041555786
33,0.0012493744892405293,0.0003998329071037075,-0.001015401822629041,0.0003831175711817426,0.0009761947452007845,-0.0004983619429764996,-0.0004926251596262726,-9.422558329160866e-05,0.0006186938580506544,0.0012617558722619723,-0.0010290154651916353,-0.0017326219683365647,-0.0001374467127806583,-0.0004895147585063975,-0.0009359322812723715,-0.0005111603327496883,0.001992042417053344,0.0007289664492090607,5.975216916337597e-05,-0.0005016557000824269,0.0008297981372893451,0.001199237999412532,-0.000205173213217697,-0.0009292507061846231,-0.0002373066822608102,0.0003220341316115124,-0.0005891993271459393,-6.974027552103698e-05,-0.000887559626363667,-0.0005069510508138284,16.64521520978526,-0.0005089991562697803,0.0009915398011279824,0.0006405942342015791,0.001126740036622505,0.00033529460133669396,-8.635394183114178e-05,-0.00021467319691450445,0.001059524870235823,-0.0011569763239230842,0.0005324362889595784,0.001994576973645653,-0.0005292215489523999,-0.0016322310154660681,-0.00016213607015203203,0.0008252423773926176,-0.0001898870431220866,-0.00021238520899688037,0.00046793419768446313,0.0007233181541247653,0.001283595931850141,-0.0012619182082643258,0.00033138805247583526,0.0002846486810070474,0.000985315380670476,0.00050706551534713
