,2,3,4,5,6,7,8,9
2,7638.149682188413,-0.02436278814466989,-0.006009421955586204,-0.02601263735004886,-0.012261294098968851,-0.0012433512075561712,-0.00263891038945166,0.0005357153663602156
3,-0.02436278814466989,1626.7345296861267,-0.0033310426039483256,0.0067774961154851154,0.0018329679556976961,0.0021633578748334117,3.091621315786859e-05,-0.0004991454371474216
4,-0.006009421955586204,-0.0033310426039483256,341.01158049455427,-0.0064423073923452635,-0.000891474282713835,0.0017873903880408005,-0.00035926587675503164,0.00017529451266625853
5,-0.02601263735004886,0.0067774961154851154,-0.0064423073923452635,65.81164190572024,0.0006376677752051069,-1.55821969831204e-05,7.36787619361054e-05,-0.00012656673231148106
6,-0.012261294098968851,0.0018329679556976961,-0.000891474282713835,0.0006376677752051069,12.936300847713778,-3.829098660460829e-05,6.869392572316302e-05,8.66614230171233e-05
7,-0.0012433512075561712,0.0021633578748334117,0.0017873903880408005,-1.55821969831204e-05,-3.829098660460829e-05,2.520015874620742,-1.745955640426488e-05,-1.132429727577256e-05
8,-0.00263891038945166,3.091621315786859e-05,-0.00035926587675503164,7.36787619361054e-05,6.869392572316302e-05,-1.745955640426488e-05,0.5413431070524497,5.098301693127522e-06
9,0.0005357153663602156,-0.0004991454371474216,0.00017529451266625853,-0.00012656673231148106,8.66614230171233e-05,-1.132429727577256e-05,5.098301693127522e-06,0.14318618198983274
