,2,3,4,5,6,7,8
2,14812.21472650171,-0.0539047658543829,0.15520541895130355,0.0009382900646334244,0.002908323430985294,-0.007403444224017378,0.00022463657301198807
3,-0.0539047658543829,4039.3894066230478,-0.026391422076481073,0.02243405556254632,0.0002862132556979694,0.005390083111143945,-0.0006458214775842087
4,0.15520541895130355,-0.026391422076481073,941.6899498885882,0.012190677519439181,-0.0008459239707536492,0.0009974799598669365,-5.423775678396012e-05
5,0.0009382900646334244,0.02243405556254632,0.012190677519439181,174.5920342388442,-0.0004842343556618234,-0.00011127873271996283,9.446458074366997e-05
6,0.002908323430985294,0.0002862132556979694,-0.0008459239707536492,-0.0004842343556618234,26.119400081985173,0.00017867505496937185,8.179398029916921e-05
7,-0.007403444224017378,0.005390083111143945,0.0009974799598669365,-0.00011127873271996283,0.00017867505496937185,3.240959671414404,-5.397883694837938e-06
8,0.00022463657301198807,-0.0006458214775842087,-5.423775678396012e-05,9.446458074366997e-05,8.179398029916921e-05,-5.397883694837938e-06,0.2535678705239373
