,3,4,5,6,7,8,9
3,736440.1925111574,-10.663437795589864,3.025739768090221,-3.086792692582322,-1.439132562911033,0.14728055264055068,0.38733504246113887
4,-10.663437795589864,465251.45483874076,-5.194389832186053,-1.0247809756735793,0.4002806802132693,0.23397511028453236,-0.053139959117842146
5,3.025739768090221,-5.194389832186053,108830.78227233826,-1.69521970822056,0.6335408060841741,0.7013501130457153,0.035096757909050605
6,-3.086792692582322,-1.0247809756735793,-1.69521970822056,47223.60808071008,0.19714327545865654,-0.22752357458026756,0.021182164048073455
7,-1.439132562911033,0.4002806802132693,0.6335408060841741,0.19714327545865654,9148.19898013312,-0.0071670308065767425,0.012231758911846437
8,0.14728055264055068,0.23397511028453236,0.7013501130457153,-0.22752357458026756,-0.0071670308065767425,918.7989944505028,0.00548663257195124
9,0.38733504246113887,-0.053139959117842146,0.035096757909050605,0.021182164048073455,0.012231758911846437,0.00548663257195124,78.40694249504634
