,3,4,5,6,7,8,9
3,5155081.347578377,-63.980626773537395,15.128698840451998,-12.347170770329567,-4.317397688733242,0.2945611052810923,0.38733504246113887
4,-63.980626773537395,2791508.7290322143,-25.971949160935203,-4.099123902694255,1.2008420406398241,0.46795022056908914,-0.053139959117842146
5,15.128698840451998,-25.971949160935203,544153.9113617241,-6.780878832882401,1.90062241825259,1.4027002260914154,0.035096757909050605
6,-12.347170770329567,-4.099123902694255,-6.780878832882401,188894.43232283468,0.591429826375955,-0.4550471491605403,0.021182164048073455
7,-4.317397688733242,1.2008420406398241,1.90062241825259,0.591429826375955,27444.596940400304,-0.014334061613151752,0.012231758911846437
8,0.2945611052810923,0.46795022056908914,1.4027002260914154,-0.4550471491605403,-0.014334061613151752,1837.5979889010184,0.00548663257195124
9,0.38733504246113887,-0.053139959117842146,0.035096757909050605,0.021182164048073455,0.012231758911846437,0.00548663257195124,78.40694249504634
