index,0,1,2,3,4,5,6,7,8,9,10,11,12,13,14,15,16,17,18,19,20,21,22,23,24,25,26,27,28,29,30,31,32,33,34,35,36,37,38,39,40,41
0,104.73388886627284,0.0033464309338305247,-0.0006215288011239458,0.0011911345954062158,0.00022678911554224488,-0.0003754998869519062,-0.00021370763140510834,-0.005155295384166005,0.001733975775209494,-0.0011537139772647821,-0.0019580910159962966,-0.0006685819719187932,0.00021948909104303063,0.00011427763970156093,-0.0013746513772676533,0.001455498937806899,0.0007409035734687174,0.001015753916887613,-0.0004536291648172386,0.00016279697825320985,-0.00017171196110436041,-0.004352709464453607,0.0023407779060616663,0.0003411299559601439,0.0007319783882984392,0.00022699368102653943,0.0009563333002934576,-0.00018558566826478817,-0.0015668755196011506,-0.005592519561639224,0.0007917442787102714,-0.0012329116137536063,-0.0005897002143457599,0.0007918327474702817,-3.253077550129896e-05,0.0019981929581884598,-4.025395322810678e-05,-0.0014234339360906737,0.00038540464663713186,0.00018770453998171686,0.0001026440852210712,0.00011486755278335801
1,0.0033464309338305247,44.6974487247209,0.002061798538914067,-0.0010736030079776223,-0.0002146661901814805,-0.00031632726062345943,-4.6228501215025896e-05,0.003479618107220121,-0.0003251844168627182,-0.0011598040302930994,0.00033375384448224786,-0.00023971504298785727,0.00010585948243469701,-0.00016966208479333918,-0.001014817951180723,0.0007008733944599983,0.00040980973749500107,0.0005889232979227316,-0.00013723628517612856,0.0003233030566074304,0.00017983036827944282,0.000987033783514186,-0.0024044287306131326,-0.001733246902743508,0.0005117169807840128,0.0009300303502129377,-7.268195214550127e-05,0.00030490270620885004,0.0007881265581156958,-0.0006343853595890218,-0.0004539190504818126,0.00029312025125264273,-2.8008311231390523e-05,-3.144342661381894e-05,5.947813841084005e-06,0.0022642677869526956,-0.0008312415319066387,-0.00037196950876696014,-0.0007204635549612259,6.548400813333709e-05,0.00011777057590026706,0.00013126122373181503
2,-0.0006215288011239458,0.002061798538914067,19.63051304286898,-0.00014512839261179774,2.553858053833636e-05,0.00018779927190782955,0.00013353511707610435,0.0004100358867712287,0.0012871505730059235,-0.0005805535390238524,0.00028976670491005324,-0.00029068902589636357,0.0002216638671044111,0.00012054547455124358,-0.0016158452442235657,-0.0015052808896559718,0.0012093318080428498,-0.0003081764785549847,-0.0002665381686011326,0.00017597526634683625,-1.3298257777529503e-05,-0.0007927877512058437,0.000332072670173033,0.0008466189564016669,-0.0007750253530227543,0.0001491454852002174,-7.610897963819082e-05,7.1925846601623e-05,0.0009582013015205278,0.0005583740884792198,0.0004593241709576577,-0.00011142898283922566,0.00014525067734680818,-0.00011852254485618311,8.59288329138752e-05,-0.0016695154518858951,0.0015986923848084755,8.034420007626032e-05,-0.0009576563100319915,-2.448089110561363e-05,0.0002540706213210321,-1.0841303837458156e-06
3,0.0011911345954062158,-0.0010736030079776223,-0.00014512839261179774,7.416147909510912,-0.0001420937141007723,7.55914618508188e-05,-2.8916878373472274e-05,-0.0013394353313983217,-0.0006079164650341669,0.00011962378814341833,-0.00033315777666997225,0.0003344620310447922,2.0797881501727594e-05,-4.2423966444776234e-05,0.0008635580510180544,0.00016314136807927098,0.000207052887993448,0.00011715533880795016,-3.511316449957055e-05,5.042329704883442e-05,3.4708146655209644e-05,-0.0012921031536388542,0.0005353373678982954,-0.00020737714648509485,5.843713766721612e-05,0.00010684981115657896,-9.479625397532633e-05,-0.0001683416120719558,0.0007802656503848334,0.0001355020425833559,-0.00046762823884462706,-0.00014306641349390788,-0.0001213053390118871,-0.00011681294112677607,2.205287759795599e-05,0.0010635452094179302,1.8988451024721685e-05,0.00033128300316567815,0.00022654036208606722,0.00010478222024708709,-8.753093550200816e-05,-1.5682455980535048e-06
4,0.00022678911554224488,-0.0002146661901814805,2.553858053833636e-05,-0.0001420937141007723,3.178007696627133,-2.8667503485065893e-05,7.954075966648405e-06,-5.325710195139995e-06,-0.00010711932626108725,0.0006181600488246515,-5.677213688097501e-05,5.232905128708453e-05,-3.423116077578884e-05,-6.488487693911906e-05,0.0003592170826960582,-0.0003983670144738474,3.9725388450168045e-05,0.0003960184495806556,5.099175956190536e-05,-8.235193900992053e-05,-1.1364159874453736e-05,-0.0004711798689401878,-0.0009627799417896841,8.004986828686624e-05,-6.777554469441249e-05,-5.15938114557214e-05,-4.3395441971906895e-05,-3.235708169625278e-05,1.9285824974430944e-05,0.0003930388301652893,3.266129009100027e-05,0.00020135210644943517,3.0150987339074807e-06,3.6973306016533484e-05,2.221677993571115e-06,2.1929042978279708e-05,0.0003210387319336331,-0.0002682357484970541,0.00022196272148153416,5.546288316577926e-05,7.701094936351536e-05,-4.70255009913579e-05
5,-0.0003754998869519062,-0.00031632726062345943,0.00018779927190782955,7.55914618508188e-05,-2.8667503485065893e-05,0.9182689769100258,2.095324913286816e-06,-0.0006345847223100171,0.0002196734289144484,-6.89719272773774e-05,6.917781683582427e-05,5.0100102089756385e-05,-1.1011221504498095e-06,4.7864463651387524e-06,0.0003523362508758908,0.0004822463149500563,-8.650084709327847e-05,-0.0001399001730298794,2.650077221243879e-05,-1.7839151178505136e-05,-1.5830866865441323e-05,0.0002564153547389931,-7.723600986691239e-05,5.356728470251225e-05,-3.4511204901864616e-05,1.3040907120711346e-05,-4.6143438445612485e-06,4.446824431211487e-06,-4.3718316203685615e-05,6.748821364384376e-05,7.272724597016172e-05,4.944729101828335e-05,-3.200431606349266e-05,-2.870370005905911e-05,2.471256688061045e-05,-0.0003127558439824163,2.8907916695531393e-05,-9.134976886303694e-06,0.00011807302917522583,8.039219840868244e-06,1.738780243290054e-05,-9.202612420034879e-06
6,-0.00021370763140510834,-4.6228501215025896e-05,0.00013353511707610435,-2.8916878373472274e-05,7.954075966648405e-06,2.095324913286816e-06,0.5813448714324541,0.0001456903295225527,2.2491338336151117e-05,0.00020252844116073256,5.006410891877662e-05,-3.8761419889028194e-05,-9.932517874819067e-06,-2.2440931610023346e-05,-0.00018883156328571688,3.870526868674104e-05,7.196086503407961e-05,5.807335510407927e-05,3.2917731250618424e-05,1.624269661137291e-05,1.1685869118154818e-05,-0.00028885833150959166,2.558366149735071e-06,0.00012733268800617394,8.357515756154088e-05,-2.4047807446837127e-05,1.9931834820162434e-06,8.01332569914986e-06,0.00046137704130812745,-9.471399544186668e-05,-1.5062164493182136e-05,0.00010432057355722979,5.205517796948981e-05,-7.351533976939214e-06,-1.0381328680521054e-05,-0.00010179909061326585,-2.3280463011098907e-05,5.9606789883010844e-05,-5.1649858423903093e-05,6.380312735310613e-05,-2.2401567343913153e-05,3.03366087056575e-06
7,-0.005155295384166005,0.003479618107220121,0.0004100358867712287,-0.0013394353313983217,-5.325710195139995e-06,-0.0006345847223100171,0.0001456903295225527,135.91425023146684,-9.386620617770835e-05,0.0011399940042184124,0.00013124020325973085,-0.00021721235599117802,0.0007588624045207747,-0.00031750127464037916,-0.0023710421310703237,0.000918318952486192,-0.0008524302820432591,-0.001593965031921447,-0.0006308810660392543,-0.00034083221811293554,-0.00017755486992310663,0.00768786090476731,0.002709341628896473,-0.0001574913907188575,-0.0006323558388234002,0.0001593770016343579,-0.0002645747120940962,0.0006008730251561215,0.0037615535626873858,0.0008386785250344899,-0.0020424962095887964,-0.00030854150673941775,1.6035871713306137e-05,0.00026794766379482427,-0.0002612804347036267,0.0013052652895422826,-0.0037995524137726154,-0.0010845604519510743,-0.0014915910018933978,0.0008334061932122493,0.0003550174758151097,-0.00021790360298298413
8,0.001733975775209494,-0.0003251844168627182,0.0012871505730059235,-0.0006079164650341669,-0.00010711932626108725,0.0002196734289144484,2.2491338336151117e-05,-9.386620617770835e-05,58.51560872997968,0.0008949164455653512,0.0003186647816512693,4.0292958058528974e-05,0.0004337833155263996,-0.0004087934479255039,-0.002871372722961762,-0.0002722814462389591,0.00138249979135498,-0.0007917626253293969,-0.00048102703589470537,-0.0001057905737752034,0.0001754596842428833,-0.0012079943641506528,-0.0011010107202836298,0.00038619488708614247,0.0001664202076894777,-0.00013832586369120237,-0.00027105192163309294,-0.00015295148744156706,-0.00027455019647553753,0.0003797305326416891,0.001241666331712771,-0.0010279942562789542,-0.00035622197571638154,8.843336788509466e-05,3.509961907107972e-05,0.001249859441880701,0.0019469526458497123,-0.001922893196888279,0.0006428934581038389,0.00045680887857398153,-7.304358396660562e-05,-7.651852019250897e-05
9,-0.0011537139772647821,-0.0011598040302930994,-0.0005805535390238524,0.00011962378814341833,0.0006181600488246515,-6.89719272773774e-05,0.00020252844116073256,0.0011399940042184124,0.0008949164455653512,28.643658295728912,-0.0010155886983356775,0.00017272988533139464,0.00018534372213603953,0.00015363774222895308,0.0007946311300393417,2.902956008674072e-05,-0.0009999631112097562,-0.0003083633148192784,-0.00013376734838980412,8.984416558198373e-05,2.8547940733763423e-05,0.0002432198946359181,0.000110902357180547,0.0013905424929990908,5.0528142266040116e-05,-0.00029216785528695093,-8.472171225110648e-06,1.5073322206555719e-06,0.0008519294100241899,0.00044909255798542474,0.0013037347123212128,0.00024694314356062905,0.00012145273244581246,3.964977869390078e-05,-8.787910835698466e-05,0.0004907201741849349,-0.0008273024894484483,0.0007836763844678296,4.271619966599963e-05,5.0565742377786294e-05,-0.0002549451676351562,1.2678341828469237e-05
10,-0.0019580910159962966,0.00033375384448224786,0.00028976670491005324,-0.00033315777666997225,-5.677213688097501e-05,6.917781683582427e-05,5.006410891877662e-05,0.00013124020325973085,0.0003186647816512693,-0.0010155886983356775,11.197298874856516,-0.00014008687061265053,9.419234692766045e-05,-3.353585467500788e-05,0.0012052155039504553,-0.00020453025204695126,5.667976048478594e-05,9.723092630651705e-05,-0.00033925319791375247,-6.357335977000153e-05,-2.1080002748191806e-05,-0.0006049663329426309,0.0008320732392619407,7.753895729373568e-05,0.00013093743699253867,-0.0001589704240488402,-1.7636934784976715e-05,-2.7120673463052413e-05,-8.391187854368695e-05,0.0002760718570856254,-0.00046621636213643866,-8.777235837076745e-05,-0.00014350821162550231,4.97398737588404e-05,9.362370066686068e-05,-0.0018300021826841478,-0.0021653854439552954,-2.0294710974675682e-07,-0.0002045358678012944,-0.00011602019550538864,-0.0001172012835277268,3.386049440085866e-05
11,-0.0006685819719187932,-0.00023971504298785727,-0.00029068902589636357,0.0003344620310447922,5.232905128708453e-05,5.0100102089756385e-05,-3.8761419889028194e-05,-0.00021721235599117802,4.0292958058528974e-05,0.00017272988533139464,-0.00014008687061265053,4.169332044861303,4.1247446112314455e-05,-5.240575834992262e-05,0.0003972112341117439,-0.00041546273489505455,0.0003814169309064854,-0.00013378893954313275,6.155108332745572e-05,-4.9999481104869465e-05,5.689739054440879e-05,-0.0001025880572654838,-0.0003119076480823403,-0.0006249013999532956,0.00017679125153235,-2.8332470509824508e-05,5.6157818371682925e-05,2.1438333311722153e-05,-0.0013998431944907547,1.2471901534471311e-05,0.00021707752464891801,-5.326512417658864e-05,9.063545399227967e-05,0.00012219733916621247,3.283728980017649e-05,0.0001786176635510411,-0.0002101206331106096,0.00011231420064783124,9.944021916817583e-05,-0.00015513878634854908,1.6603220654214386e-05,-5.542343219259767e-06
12,0.00021948909104303063,0.00010585948243469701,0.0002216638671044111,2.0797881501727594e-05,-3.423116077578884e-05,-1.1011221504498095e-06,-9.932517874819067e-06,0.0007588624045207747,0.0004337833155263996,0.00018534372213603953,9.419234692766045e-05,4.1247446112314455e-05,1.5547979781420913,-8.240655152774456e-06,-0.0001355362751693047,-0.00036609347793094775,1.0239229338562147e-05,-9.57971446891197e-05,3.673675698738734e-05,1.6918833055033067e-05,-1.0240924763983474e-05,0.000383765677429281,0.00021905559981118505,-2.6024411908131742e-05,3.609610911985185e-05,-3.9219151342694146e-05,0.00010973999655284938,1.8708386310809298e-05,-0.000237241479657658,-0.00010086808606932216,-5.790616882203476e-05,0.0001853462203725717,-1.812283327093922e-05,-1.603514160267818e-05,-4.884397881323974e-05,0.00018570180899650217,-8.295199206826986e-05,0.0002108343891159381,-0.00016822392578504672,-0.00020253028314478822,-1.5710897999990927e-05,1.9057189609907847e-05
13,0.00011427763970156093,-0.00016966208479333918,0.00012054547455124358,-4.2423966444776234e-05,-6.488487693911906e-05,4.7864463651387524e-06,-2.2440931610023346e-05,-0.00031750127464037916,-0.0004087934479255039,0.00015363774222895308,-3.353585467500788e-05,-5.240575834992262e-05,-8.240655152774456e-06,0.5893911283438812,6.259210649006838e-05,8.795263127993862e-05,-0.00012792138070786107,0.0001051571059403599,-8.702522477432853e-07,1.7691472902399962e-05,6.599604214713165e-06,-9.140422195825685e-05,8.319131124943907e-06,9.575796852386846e-05,0.00011138178595517182,-3.167475196928065e-05,-2.5451478059744475e-06,1.9209732016244196e-05,-0.00012956829110905344,3.5971085788762824e-05,8.919225218489444e-06,-3.5563272723673754e-05,-8.302711060776629e-05,-1.9911307636575627e-05,3.183875930217346e-07,-0.0002794886886871026,-4.0048929419049386e-05,6.696747246779069e-05,8.377762505766659e-05,-6.039028285925104e-05,-1.2359493511655873e-05,-4.884079594443247e-06
14,-0.0013746513772676533,-0.001014817951180723,-0.0016158452442235657,0.0008635580510180544,0.0003592170826960582,0.0003523362508758908,-0.00018883156328571688,-0.0023710421310703237,-0.002871372722961762,0.0007946311300393417,0.0012052155039504553,0.0003972112341117439,-0.0001355362751693047,6.259210649006838e-05,103.246314326905,0.002191436538672913,0.0007983605913888098,0.0006324000040253794,-0.0007978960859738261,0.00013728901548798057,-0.00021366460011259673,-0.002375608090792729,0.005107956555848886,0.0001841190804612494,0.0003170994624659338,-0.00013962491280638894,0.00011284924575325148,-0.00018561544512487216,-0.004951742244509146,0.0018911339689643984,-0.0003897246714531257,-0.0012152747055296969,0.00017015602070643353,-0.00011642466013468037,-0.00023489561377473941,0.00319577926451659,0.000523548045620555,-0.001373728448531792,-0.0008512567174757199,-0.0007262981484450371,-0.0003293680846146667,-0.0001825527612764319
15,0.001455498937806899,0.0007008733944599983,-0.0015052808896559718,0.00016314136807927098,-0.0003983670144738474,0.0004822463149500563,3.870526868674104e-05,0.000918318952486192,-0.0002722814462389591,2.902956008674072e-05,-0.00020453025204695126,-0.00041546273489505455,-0.00036609347793094775,8.795263127993862e-05,0.002191436538672913,46.253931032063946,-0.0007602424428270298,-0.00034411771525354363,-1.695120670376714e-05,-0.000776113536272217,0.00015748703756470722,0.0004342210180339457,-0.0006181453269304028,-0.0011623271955735854,0.00021125767416543044,1.3021137133432515e-06,0.00026546718274631756,8.50045039506406e-05,-0.002356470877357605,0.0009034275389795811,0.00101867027150776,-0.0003486247279392662,0.0005858268716415813,0.00014423915344681233,0.00013390845218646944,0.00042636853746979853,0.0002326132861512043,-0.0001279750303707563,0.00013771312639518322,0.0001535129411440926,-0.00017484759826812764,-3.756596278778967e-05
16,0.0007409035734687174,0.00040980973749500107,0.0012093318080428498,0.000207052887993448,3.9725388450168045e-05,-8.650084709327847e-05,7.196086503407961e-05,-0.0008524302820432591,0.00138249979135498,-0.0009999631112097562,5.667976048478594e-05,0.0003814169309064854,1.0239229338562147e-05,-0.00012792138070786107,0.0007983605913888098,-0.0007602424428270298,20.038125940642157,-0.0007948139354220431,-0.0001197793175705457,5.91971544367905e-07,-5.864960025135647e-06,0.0002398363717218466,-0.00035445908897176084,0.001060757411572266,-0.0006525457137460057,-0.0001298465551587832,-0.0003651288250257297,0.00014385312677126744,-0.00032870240187211685,0.0002603376674814186,-0.0011146659393340339,7.5904601912384115e-06,0.0003628396679527117,0.00015398725047026263,-3.311492161951778e-05,-0.00044917078755498806,-0.0004968306755945923,-0.0018670930036060313,-0.0002443645238065178,7.684364968327903e-05,1.729546726814328e-05,0.00015229994722909011
17,0.001015753916887613,0.0005889232979227316,-0.0003081764785549847,0.00011715533880795016,0.0003960184495806556,-0.0001399001730298794,5.807335510407927e-05,-0.001593965031921447,-0.0007917626253293969,-0.0003083633148192784,9.723092630651705e-05,-0.00013378893954313275,-9.57971446891197e-05,0.0001051571059403599,0.0006324000040253794,-0.00034411771525354363,-0.0007948139354220431,8.318938659205553,4.954507274952853e-06,-5.022883751884038e-05,8.23098650354818e-05,0.0008543871544617593,0.0004548088869662144,-0.0003356899613173207,-0.00033781402586930933,6.304055465259191e-05,-1.0721282796591418e-05,-2.3800164563476184e-05,0.0006795161924102726,-0.000691379292110064,0.00030813183843231404,0.00014401955619243077,-0.00011903595831531114,-7.689103488068399e-05,-2.929057633535629e-05,-0.00036047866866435946,0.0011709460299584335,-0.0003493487042790176,-0.00035280831307726705,-3.9996381264300114e-05,-2.4895288036778935e-05,3.911114217722793e-05
18,-0.0004536291648172386,-0.00013723628517612856,-0.0002665381686011326,-3.511316449957055e-05,5.099175956190536e-05,2.650077221243879e-05,3.2917731250618424e-05,-0.0006308810660392543,-0.00048102703589470537,-0.00013376734838980412,-0.00033925319791375247,6.155108332745572e-05,3.673675698738734e-05,-8.702522477432853e-07,-0.0007978960859738261,-1.695120670376714e-05,-0.0001197793175705457,4.954507274952853e-06,3.2306737836566155,-5.243909667636666e-05,-6.43497165337363e-05,-0.0005035125386292993,-0.0006116553357600942,-0.00023472655439055754,2.852812868791897e-05,2.1279706884392804e-05,1.1159584603034231e-05,2.045907354917241e-05,0.000500587470009188,0.00012014902393849679,-0.00025841695204907215,-6.593455259211923e-05,6.974885680119168e-05,-4.6715695208314604e-05,-4.879938788308523e-05,-0.0005319968861763615,-6.74798009051594e-05,0.00021088010594036896,4.790632623459007e-05,-8.137568480948864e-05,4.217645126505558e-05,3.2259806104290155e-05
19,0.00016279697825320985,0.0003233030566074304,0.00017597526634683625,5.042329704883442e-05,-8.235193900992053e-05,-1.7839151178505136e-05,1.624269661137291e-05,-0.00034083221811293554,-0.0001057905737752034,8.984416558198373e-05,-6.357335977000153e-05,-4.9999481104869465e-05,1.6918833055033067e-05,1.7691472902399962e-05,0.00013728901548798057,-0.000776113536272217,5.91971544367905e-07,-5.022883751884038e-05,-5.243909667636666e-05,0.9673350757397109,-9.944824323620553e-06,-0.0004771334819815259,-6.92593772522702e-05,0.00017508688307327566,-5.02488514250384e-05,-3.132577445655249e-05,-1.2051062121650062e-05,3.118601051553484e-05,0.00021095406062789402,-0.00017590789434437085,-5.967640088354072e-05,-3.700907736496675e-05,4.96759307956914e-05,-6.832032362964499e-06,1.4295011579978044e-05,0.0001286641901382251,0.00046545951710435813,-0.0002029639708118605,-5.527841062442744e-05,3.6115863884255535e-05,-3.228268404962646e-05,-2.5185883863331324e-05
20,-0.00017171196110436041,0.00017983036827944282,-1.3298257777529503e-05,3.4708146655209644e-05,-1.1364159874453736e-05,-1.5830866865441323e-05,1.1685869118154818e-05,-0.00017755486992310663,0.0001754596842428833,2.8547940733763423e-05,-2.1080002748191806e-05,5.689739054440879e-05,-1.0240924763983474e-05,6.599604214713165e-06,-0.00021366460011259673,0.00015748703756470722,-5.864960025135647e-06,8.23098650354818e-05,-6.43497165337363e-05,-9.944824323620553e-06,0.34846340285684696,-0.0001174699036028984,0.0001795229523208781,5.483821104562935e-05,-0.00010157019571111102,3.9245420650373706e-05,-2.2086716527501115e-05,8.634954047484633e-06,4.0140379007048184e-05,4.645864945753952e-05,7.611789720964858e-05,-6.696475518652447e-05,-7.015670981840728e-05,-8.682358046784483e-06,-3.993933813147287e-07,-0.000137883404881067,0.00011600042520466073,-1.1406530690736963e-05,-1.1204826962990056e-05,3.0103894411632807e-05,-3.806325205571776e-06,-2.5788032494522093e-06
21,-0.004352709464453607,0.000987033783514186,-0.0007927877512058437,-0.0012921031536388542,-0.0004711798689401878,0.0002564153547389931,-0.00028885833150959166,0.00768786090476731,-0.0012079943641506528,0.0002432198946359181,-0.0006049663329426309,-0.0001025880572654838,0.000383765677429281,-9.140422195825685e-05,-0.002375608090792729,0.0004342210180339457,0.0002398363717218466,0.0008543871544617593,-0.0005035125386292993,-0.0004771334819815259,-0.0001174699036028984,111.14909186264711,-0.0031012654211423876,0.00023149017298127478,0.0028938343511069734,-0.00024364169745317007,-2.0045549682073068e-05,0.00046093926456852236,0.003517115966466764,0.0004153553060716709,0.0012206554873897524,0.0022649021329488347,0.00041709497509857856,0.0006984110623525774,9.420085065823996e-05,-0.0003500237079389679,0.0003615088480428169,0.002115759852326933,9.387713266272783e-05,-0.0010695033424171435,-0.00020193168693049594,0.00021357124377329391
22,0.0023407779060616663,-0.0024044287306131326,0.000332072670173033,0.0005353373678982954,-0.0009627799417896841,-7.723600986691239e-05,2.558366149735071e-06,0.002709341628896473,-0.0011010107202836298,0.000110902357180547,0.0008320732392619407,-0.0003119076480823403,0.00021905559981118505,8.319131124943907e-06,0.005107956555848886,-0.0006181453269304028,-0.00035445908897176084,0.0004548088869662144,-0.0006116553357600942,-6.92593772522702e-05,0.0001795229523208781,-0.0031012654211423876,49.90403651152459,0.00035960608231498447,0.0007077808063618015,-0.0005275445075099728,-0.00012163522538821908,0.00020501636483619888,0.0028412243435838665,-0.00024176492675543124,-0.0009562383826253942,-0.0008116665926583097,-0.0007286761339966817,0.0005651685252857966,-0.00016655605730192554,-0.003054320745269326,0.0005584260155543037,0.0010112743046863612,0.00020724870860146203,6.910188893757434e-05,0.00019246171146926658,-0.00013592407664756568
23,0.0003411299559601439,-0.001733246902743508,0.0008466189564016669,-0.00020737714648509485,8.004986828686624e-05,5.356728470251225e-05,0.00012733268800617394,-0.0001574913907188575,0.00038619488708614247,0.0013905424929990908,7.753895729373568e-05,-0.0006249013999532956,-2.6024411908131742e-05,9.575796852386846e-05,0.0001841190804612494,-0.0011623271955735854,0.001060757411572266,-0.0003356899613173207,-0.00023472655439055754,0.00017508688307327566,5.483821104562935e-05,0.00023149017298127478,0.00035960608231498447,23.772933777794222,0.000180557257053954,0.00016359480491232113,-0.0002455663868839355,-0.00014494875743559333,0.0002627115685200242,0.00013613924317204347,0.0003135859172329715,-0.00041551408617193343,0.0008462128170164589,-0.00011721756001463792,-2.033830542629605e-05,-0.002374153985265344,-0.002417985972675389,0.00043731516051514205,-6.676814860495879e-05,-0.00016118942991550872,-0.00012238428671458901,0.00012696870064562218
24,0.0007319783882984392,0.0005117169807840128,-0.0007750253530227543,5.843713766721612e-05,-6.777554469441249e-05,-3.4511204901864616e-05,8.357515756154088e-05,-0.0006323558388234002,0.0001664202076894777,5.0528142266040116e-05,0.00013093743699253867,0.00017679125153235,3.609610911985185e-05,0.00011138178595517182,0.0003170994624659338,0.00021125767416543044,-0.0006525457137460057,-0.00033781402586930933,2.852812868791897e-05,-5.02488514250384e-05,-0.00010157019571111102,0.0028938343511069734,0.0007077808063618015,0.000180557257053954,9.409199542685997,-0.00021255293743295734,0.00010328179446471674,1.4929610549634215e-05,0.0009747841618462026,-0.0009509515883085135,0.0006930193840277564,4.625522114313081e-05,-0.00043931614591469204,-2.0152684759626124e-05,6.0796970522707934e-05,-0.00013270270892998476,0.0003064609072367494,-0.00020394846497244314,-0.00028217042066601845,0.0005141345608209321,-0.00014499212896028818,-1.674576976282209e-05
25,0.00022699368102653943,0.0009300303502129377,0.0001491454852002174,0.00010684981115657896,-5.15938114557214e-05,1.3040907120711346e-05,-2.4047807446837127e-05,0.0001593770016343579,-0.00013832586369120237,-0.00029216785528695093,-0.0001589704240488402,-2.8332470509824508e-05,-3.9219151342694146e-05,-3.167475196928065e-05,-0.00013962491280638894,1.3021137133432515e-06,-0.0001298465551587832,6.304055465259191e-05,2.1279706884392804e-05,-3.132577445655249e-05,3.9245420650373706e-05,-0.00024364169745317007,-0.0005275445075099728,0.00016359480491232113,-0.00021255293743295734,3.826073341307787,-1.0605817936340018e-05,7.634972331062652e-06,0.0006670333340753001,-0.0001655633772813716,0.00014323280072767357,0.00015336651899364442,8.060653943689464e-05,3.1723848762270686e-05,1.6419228568433545e-05,7.12205263334389e-05,-0.0004388565312433737,-0.00014659617535546973,0.00010631750292734843,0.0001740192957436622,-2.8586578966374633e-05,2.0785079827429126e-05
26,0.0009563333002934576,-7.268195214550127e-05,-7.610897963819082e-05,-9.479625397532633e-05,-4.3395441971906895e-05,-4.6143438445612485e-06,1.9931834820162434e-06,-0.0002645747120940962,-0.00027105192163309294,-8.472171225110648e-06,-1.7636934784976715e-05,5.6157818371682925e-05,0.00010973999655284938,-2.5451478059744475e-06,0.00011284924575325148,0.00026546718274631756,-0.0003651288250257297,-1.0721282796591418e-05,1.1159584603034231e-05,-1.2051062121650062e-05,-2.2086716527501115e-05,-2.0045549682073068e-05,-0.00012163522538821908,-0.0002455663868839355,0.00010328179446471674,-1.0605817936340018e-05,1.2690348787960746,3.0010052110031485e-05,0.00021014919454366484,0.0001308419716944043,4.267532597841505e-05,-5.701463528070585e-05,2.7266018498779324e-05,6.648432701081285e-05,2.1352370417834563e-05,0.0004293298662226988,-0.0001895661188383824,0.00011032753814770996,6.571837137342642e-05,4.775339138361517e-05,-2.7393675590618374e-05,6.002803861773079e-05
27,-0.00018558566826478817,0.00030490270620885004,7.1925846601623e-05,-0.0001683416120719558,-3.235708169625278e-05,4.446824431211487e-06,8.01332569914986e-06,0.0006008730251561215,-0.00015295148744156706,1.5073322206555719e-06,-2.7120673463052413e-05,2.1438333311722153e-05,1.8708386310809298e-05,1.9209732016244196e-05,-0.00018561544512487216,8.50045039506406e-05,0.00014385312677126744,-2.3800164563476184e-05,2.045907354917241e-05,3.118601051553484e-05,8.634954047484633e-06,0.00046093926456852236,0.00020501636483619888,-0.00014494875743559333,1.4929610549634215e-05,7.634972331062652e-06,3.0010052110031485e-05,0.3787253293302043,-0.00019045362202364967,-2.7085023212831304e-05,0.00013202343039849386,5.934869592137183e-05,3.359149006543663e-05,1.0950786598541694e-05,6.636944577008661e-06,5.643879744272623e-05,-0.00010633143850720987,-2.219232707808683e-05,5.446155574041323e-05,-6.278121896119585e-05,-3.305774517864868e-05,-1.0889057340981174e-05
28,-0.0015668755196011506,0.0007881265581156958,0.0009582013015205278,0.0007802656503848334,1.9285824974430944e-05,-4.3718316203685615e-05,0.00046137704130812745,0.0037615535626873858,-0.00027455019647553753,0.0008519294100241899,-8.391187854368695e-05,-0.0013998431944907547,-0.000237241479657658,-0.00012956829110905344,-0.004951742244509146,-0.002356470877357605,-0.00032870240187211685,0.0006795161924102726,0.000500587470009188,0.00021095406062789402,4.0140379007048184e-05,0.003517115966466764,0.0028412243435838665,0.0002627115685200242,0.0009747841618462026,0.0006670333340753001,0.00021014919454366484,-0.00019045362202364967,95.74049730253019,-0.0032457844083514857,-0.00024892155482222417,0.0004011688002476852,-0.000605259767009219,-0.0004541092138378785,0.0002450849321647885,-0.001173964633870357,0.0017481264619982138,0.002287795714207876,-0.00010580310930295162,0.0003482375932394074,0.00011707839856407482,0.00021354501192310266
29,-0.005592519561639224,-0.0006343853595890218,0.0005583740884792198,0.0001355020425833559,0.0003930388301652893,6.748821364384376e-05,-9.471399544186668e-05,0.0008386785250344899,0.0003797305326416891,0.00044909255798542474,0.0002760718570856254,1.2471901534471311e-05,-0.00010086808606932216,3.5971085788762824e-05,0.0018911339689643984,0.0009034275389795811,0.0002603376674814186,-0.000691379292110064,0.00012014902393849679,-0.00017590789434437085,4.645864945753952e-05,0.0004153553060716709,-0.00024176492675543124,0.00013613924317204347,-0.0009509515883085135,-0.0001655633772813716,0.0001308419716944043,-2.7085023212831304e-05,-0.0032457844083514857,42.465479345920905,0.0009874256661162224,0.0001903018950087692,9.147346485546472e-05,0.0003111092592427135,6.340633213442773e-05,-0.0018450390558702495,0.0006860697863908159,-0.0012044891979593553,0.0004782411283444912,0.0002932758871255711,0.00014999334237267563,-3.351941650818791e-05
30,0.0007917442787102714,-0.0004539190504818126,0.0004593241709576577,-0.00046762823884462706,3.266129009100027e-05,7.272724597016172e-05,-1.5062164493182136e-05,-0.0020424962095887964,0.001241666331712771,0.0013037347123212128,-0.00046621636213643866,0.00021707752464891801,-5.790616882203476e-05,8.919225218489444e-06,-0.0003897246714531257,0.00101867027150776,-0.0011146659393340339,0.00030813183843231404,-0.00025841695204907215,-5.967640088354072e-05,7.611789720964858e-05,0.0012206554873897524,-0.0009562383826253942,0.0003135859172329715,0.0006930193840277564,0.00014323280072767357,4.267532597841505e-05,0.00013202343039849386,-0.00024892155482222417,0.0009874256661162224,19.20632111728599,0.0004080878333878595,0.0001136740029584229,0.00015628155307988013,0.00019432243257775007,-0.001608791627858819,-0.001633214950705943,-0.0004802902703056128,-8.731963392752318e-05,0.00020472971209695729,-0.0002471228053786844,0.0001302835965305218
31,-0.0012329116137536063,0.00029312025125264273,-0.00011142898283922566,-0.00014306641349390788,0.00020135210644943517,4.944729101828335e-05,0.00010432057355722979,-0.00030854150673941775,-0.0010279942562789542,0.00024694314356062905,-8.777235837076745e-05,-5.326512417658864e-05,0.0001853462203725717,-3.5563272723673754e-05,-0.0012152747055296969,-0.0003486247279392662,7.5904601912384115e-06,0.00014401955619243077,-6.593455259211923e-05,-3.700907736496675e-05,-6.696475518652447e-05,0.0022649021329488347,-0.0008116665926583097,-0.00041551408617193343,4.625522114313081e-05,0.00015336651899364442,-5.701463528070585e-05,5.934869592137183e-05,0.0004011688002476852,0.0001903018950087692,0.0004080878333878595,7.877110552999353,3.653312613671181e-05,0.0001564595826374663,-3.9298517391225265e-06,-0.0005213183580063731,0.00010570718949842814,-0.00036731574999946445,-0.00036293939460164845,0.00019429367375432764,2.2008572827706753e-06,7.489655482324526e-05
32,-0.0005897002143457599,-2.8008311231390523e-05,0.00014525067734680818,-0.0001213053390118871,3.0150987339074807e-06,-3.200431606349266e-05,5.205517796948981e-05,1.6035871713306137e-05,-0.00035622197571638154,0.00012145273244581246,-0.00014350821162550231,9.063545399227967e-05,-1.812283327093922e-05,-8.302711060776629e-05,0.00017015602070643353,0.0005858268716415813,0.0003628396679527117,-0.00011903595831531114,6.974885680119168e-05,4.96759307956914e-05,-7.015670981840728e-05,0.00041709497509857856,-0.0007286761339966817,0.0008462128170164589,-0.00043931614591469204,8.060653943689464e-05,2.7266018498779324e-05,3.359149006543663e-05,-0.000605259767009219,9.147346485546472e-05,0.0001136740029584229,3.653312613671181e-05,3.1038494116438367,0.000130866104919151,1.13114419042942e-05,0.000520702274235208,1.1008400349692714e-05,-0.00017601066387742844,-5.078708217250906e-05,0.000169685420858327,1.2645422120844233e-05,-3.489275987583254e-06
33,0.0007918327474702817,-3.144342661381894e-05,-0.00011852254485618311,-0.00011681294112677607,3.6973306016533484e-05,-2.870370005905911e-05,-7.351533976939214e-06,0.00026794766379482427,8.843336788509466e-05,3.964977869390078e-05,4.97398737588404e-05,0.00012219733916621247,-1.603514160267818e-05,-1.9911307636575627e-05,-0.00011642466013468037,0.00014423915344681233,0.00015398725047026263,-7.689103488068399e-05,-4.6715695208314604e-05,-6.832032362964499e-06,-8.682358046784483e-06,0.0006984110623525774,0.0005651685252857966,-0.00011721756001463792,-2.0152684759626124e-05,3.1723848762270686e-05,6.648432701081285e-05,1.0950786598541694e-05,-0.0004541092138378785,0.0003111092592427135,0.00015628155307988013,0.0001564595826374663,0.000130866104919151,0.9954885279094537,4.293382968356004e-05,0.00023974751516649324,0.0002729330792347689,-2.5032860363798997e-05,0.0001606150500383249,4.6983256176010466e-05,-2.5068915833922308e-05,-1.4933245252503729e-06
34,-3.253077550129896e-05,5.947813841084005e-06,8.59288329138752e-05,2.205287759795599e-05,2.221677993571115e-06,2.471256688061045e-05,-1.0381328680521054e-05,-0.0002612804347036267,3.509961907107972e-05,-8.787910835698466e-05,9.362370066686068e-05,3.283728980017649e-05,-4.884397881323974e-05,3.183875930217346e-07,-0.00023489561377473941,0.00013390845218646944,-3.311492161951778e-05,-2.929057633535629e-05,-4.879938788308523e-05,1.4295011579978044e-05,-3.993933813147287e-07,9.420085065823996e-05,-0.00016655605730192554,-2.033830542629605e-05,6.0796970522707934e-05,1.6419228568433545e-05,2.1352370417834563e-05,6.636944577008661e-06,0.0002450849321647885,6.340633213442773e-05,0.00019432243257775007,-3.9298517391225265e-06,1.13114419042942e-05,4.293382968356004e-05,0.3088879617721548,-2.375983314952235e-05,-0.00015286523937116617,-0.00012182047615015488,-5.258102278518681e-05,-3.1478966392045e-05,-5.407220169614712e-06,8.716530560380888e-06
35,0.0019981929581884598,0.0022642677869526956,-0.0016695154518858951,0.0010635452094179302,2.1929042978279708e-05,-0.0003127558439824163,-0.00010179909061326585,0.0013052652895422826,0.001249859441880701,0.0004907201741849349,-0.0018300021826841478,0.0001786176635510411,0.00018570180899650217,-0.0002794886886871026,0.00319577926451659,0.00042636853746979853,-0.00044917078755498806,-0.00036047866866435946,-0.0005319968861763615,0.0001286641901382251,-0.000137883404881067,-0.0003500237079389679,-0.003054320745269326,-0.002374153985265344,-0.00013270270892998476,7.12205263334389e-05,0.0004293298662226988,5.643879744272623e-05,-0.001173964633870357,-0.0018450390558702495,-0.001608791627858819,-0.0005213183580063731,0.000520702274235208,0.00023974751516649324,-2.375983314952235e-05,102.46588118905017,-0.00015664567392450376,0.00011893861963335272,-0.0018827654607492183,0.000881231802316755,-0.00018005568612453637,-0.00024225788608688023
36,-4.025395322810678e-05,-0.0008312415319066387,0.0015986923848084755,1.8988451024721685e-05,0.0003210387319336331,2.8907916695531393e-05,-2.3280463011098907e-05,-0.0037995524137726154,0.0019469526458497123,-0.0008273024894484483,-0.0021653854439552954,-0.0002101206331106096,-8.295199206826986e-05,-4.0048929419049386e-05,0.000523548045620555,0.0002326132861512043,-0.0004968306755945923,0.0011709460299584335,-6.74798009051594e-05,0.00046545951710435813,0.00011600042520466073,0.0003615088480428169,0.0005584260155543037,-0.002417985972675389,0.0003064609072367494,-0.0004388565312433737,-0.0001895661188383824,-0.00010633143850720987,0.0017481264619982138,0.0006860697863908159,-0.001633214950705943,0.00010570718949842814,1.1008400349692714e-05,0.0002729330792347689,-0.00015286523937116617,-0.00015664567392450376,46.47952462103979,-0.0013013438924220373,0.00025877139795601247,-0.00031163036883019503,4.694551904462465e-05,-2.80757027041071e-05
37,-0.0014234339360906737,-0.00037196950876696014,8.034420007626032e-05,0.00033128300316567815,-0.0002682357484970541,-9.134976886303694e-06,5.9606789883010844e-05,-0.0010845604519510743,-0.001922893196888279,0.0007836763844678296,-2.0294710974675682e-07,0.00011231420064783124,0.0002108343891159381,6.696747246779069e-05,-0.001373728448531792,-0.0001279750303707563,-0.0018670930036060313,-0.0003493487042790176,0.00021088010594036896,-0.0002029639708118605,-1.1406530690736963e-05,0.002115759852326933,0.0010112743046863612,0.00043731516051514205,-0.00020394846497244314,-0.00014659617535546973,0.00011032753814770996,-2.219232707808683e-05,0.002287795714207876,-0.0012044891979593553,-0.0004802902703056128,-0.00036731574999946445,-0.00017601066387742844,-2.5032860363798997e-05,-0.00012182047615015488,0.00011893861963335272,-0.0013013438924220373,20.13644897184911,9.131213164824848e-05,0.00024294814326237946,0.00013540299523486012,1.3102096767887337e-05
38,0.00038540464663713186,-0.0007204635549612259,-0.0009576563100319915,0.00022654036208606722,0.00022196272148153416,0.00011807302917522583,-5.1649858423903093e-05,-0.0014915910018933978,0.0006428934581038389,4.271619966599963e-05,-0.0002045358678012944,9.944021916817583e-05,-0.00016822392578504672,8.377762505766659e-05,-0.0008512567174757199,0.00013771312639518322,-0.0002443645238065178,-0.00035280831307726705,4.790632623459007e-05,-5.527841062442744e-05,-1.1204826962990056e-05,9.387713266272783e-05,0.00020724870860146203,-6.676814860495879e-05,-0.00028217042066601845,0.00010631750292734843,6.571837137342642e-05,5.446155574041323e-05,-0.00010580310930295162,0.0004782411283444912,-8.731963392752318e-05,-0.00036293939460164845,-5.078708217250906e-05,0.0001606150500383249,-5.258102278518681e-05,-0.0018827654607492183,0.00025877139795601247,9.131213164824848e-05,9.35445004017755,-4.726503229569599e-05,-0.0001279027469212693,8.975605082501598e-06
39,0.00018770453998171686,6.548400813333709e-05,-2.448089110561363e-05,0.00010478222024708709,5.546288316577926e-05,8.039219840868244e-06,6.380312735310613e-05,0.0008334061932122493,0.00045680887857398153,5.0565742377786294e-05,-0.00011602019550538864,-0.00015513878634854908,-0.00020253028314478822,-6.039028285925104e-05,-0.0007262981484450371,0.0001535129411440926,7.684364968327903e-05,-3.9996381264300114e-05,-8.137568480948864e-05,3.6115863884255535e-05,3.0103894411632807e-05,-0.0010695033424171435,6.910188893757434e-05,-0.00016118942991550872,0.0005141345608209321,0.0001740192957436622,4.775339138361517e-05,-6.278121896119585e-05,0.0003482375932394074,0.0002932758871255711,0.00020472971209695729,0.00019429367375432764,0.000169685420858327,4.6983256176010466e-05,-3.1478966392045e-05,0.000881231802316755,-0.00031163036883019503,0.00024294814326237946,-4.726503229569599e-05,3.5062572386391087,-9.686671840321271e-05,9.362004473572966e-05
40,0.0001026440852210712,0.00011777057590026706,0.0002540706213210321,-8.753093550200816e-05,7.701094936351536e-05,1.738780243290054e-05,-2.2401567343913153e-05,0.0003550174758151097,-7.304358396660562e-05,-0.0002549451676351562,-0.0001172012835277268,1.6603220654214386e-05,-1.5710897999990927e-05,-1.2359493511655873e-05,-0.0003293680846146667,-0.00017484759826812764,1.729546726814328e-05,-2.4895288036778935e-05,4.217645126505558e-05,-3.228268404962646e-05,-3.806325205571776e-06,-0.00020193168693049594,0.00019246171146926658,-0.00012238428671458901,-0.00014499212896028818,-2.8586578966374633e-05,-2.7393675590618374e-05,-3.305774517864868e-05,0.00011707839856407482,0.00014999334237267563,-0.0002471228053786844,2.2008572827706753e-06,1.2645422120844233e-05,-2.5068915833922308e-05,-5.407220169614712e-06,-0.00018005568612453637,4.694551904462465e-05,0.00013540299523486012,-0.0001279027469212693,-9.686671840321271e-05,1.1220779771898988,-3.384395155225477e-06
