,2,3,4,5,6,7,8
2,6968.301292805302,0.014429075171619286,0.08930312743830984,0.007453257329118403,0.00782657827299061,-0.0019134855705244507,0.0003841015875942368
3,0.014429075171619286,1799.877456369628,-0.011996093892288218,-0.014047031858526212,-0.0030617749137455074,0.0001512739022393668,5.2823953434642955e-05
4,0.08930312743830984,-0.011996093892288218,377.73496619521813,-0.004513215157359469,-0.0012964492727541707,-0.0004540167950662847,-1.9077196214370978e-05
5,0.007453257329118403,-0.014047031858526212,-0.004513215157359469,58.26584504081583,-0.00032261592362222764,3.1391957632322925e-05,-1.0979544647749348e-05
6,0.00782657827299061,-0.0030617749137455074,-0.0012964492727541707,-0.00032261592362222764,7.744187142618086,4.4408454971227155e-05,4.1604160785066215e-06
7,-0.0019134855705244507,0.0001512739022393668,-0.0004540167950662847,3.1391957632322925e-05,4.4408454971227155e-05,0.8793375951689663,7.304054910649137e-06
8,0.0003841015875942368,5.2823953434642955e-05,-1.9077196214370978e-05,-1.0979544647749348e-05,4.1604160785066215e-06,7.304054910649137e-06,0.04459185050448611
