,2,3,4,5,6,7,8
2,1072.0086651481702,0.0023338038715720946,0.018876833715800945,0.001846769846231536,0.00282745116744779,-0.0009988915526842692,0.0003921685257050276
3,0.0023338038715720946,328.2786216300621,-0.0027593549725546548,-0.0038476543445611056,-0.0010921245784538639,6.887911274066366e-05,5.548905954904697e-05
4,0.018876833715800945,-0.0027593549725546548,82.0706867104047,-0.001226771028509788,-0.00047912790265986567,-0.00023690539158225329,-2.026205270888946e-05
5,0.001846769846231536,-0.0038476543445611056,-0.001226771028509788,15.704875654510715,-0.00011664596560627677,1.6360747642019023e-05,-1.1517977000414785e-05
6,0.00282745116744779,-0.0010921245784538639,-0.00047912790265986567,-0.00011664596560627677,2.73987205204704,2.3136812283363507e-05,4.147951388090007e-06
7,-0.0009988915526842692,6.887911274066366e-05,-0.00023690539158225329,1.6360747642019023e-05,2.3136812283363507e-05,0.45349441351921943,7.351579157185533e-06
8,0.0003921685257050276,5.548905954904697e-05,-2.026205270888946e-05,-1.1517977000414785e-05,4.147951388090007e-06,7.351579157185533e-06,0.044149921762542566
