,2,3,4,5,6,7,8
2,995.4716132578801,0.002404845861936656,0.017860625487661017,0.0018633143322797406,0.002608859424330335,-0.0009567427852622475,0.0003841015875942368
3,0.002404845861936656,299.97957606158707,-0.002399218778457519,-0.003511757964631552,-0.0010205916379151146,7.5636951119677e-05,5.2823953434642955e-05
4,0.017860625487661017,-0.002399218778457519,75.5469932390391,-0.001128303789339893,-0.00043214975758474163,-0.00022700839753315004,-1.9077196214370978e-05
5,0.0018633143322797406,-0.003511757964631552,-0.001128303789339893,14.566461260204429,-0.0001075386412074023,1.5695978816162747e-05,-1.0979544647749348e-05
6,0.002608859424330335,-0.0010205916379151146,-0.00043214975758474163,-0.0001075386412074023,2.5813957142060495,2.2204227485614018e-05,4.1604160785066215e-06
7,-0.0009567427852622475,7.5636951119677e-05,-0.00022700839753315004,1.5695978816162747e-05,2.2204227485614018e-05,0.4396687975844775,7.304054910649137e-06
8,0.0003841015875942368,5.2823953434642955e-05,-1.9077196214370978e-05,-1.0979544647749348e-05,4.1604160785066215e-06,7.304054910649137e-06,0.04459185050448611
