,2,3,4,5,6,7,8,9
2,7180.326321370642,-0.013813108380194504,-0.009152787982486144,-0.024432293369636312,-0.0113347464508839,-0.0012639701645448707,-0.002618386476164972,0.0005498173417781149
3,-0.013813108380194504,1527.1756735631845,-0.003511986491662914,0.006390993565594871,0.0016440466064715096,0.002037552213761104,4.7882725381713104e-05,-0.000490582807231619
4,-0.009152787982486144,-0.003511986491662914,304.73573203240676,-0.00584043050955641,-0.000790466917586251,0.0016372166981258487,-0.0003405137093742713,0.00016858191202157513
5,-0.024432293369636312,0.006390993565594871,-0.00584043050955641,59.79401449818726,0.0005728599306507403,-1.460287816902063e-05,7.054718466257348e-05,-0.00012135472586335384
6,-0.0113347464508839,0.0016440466064715096,-0.000790466917586251,0.0005728599306507403,11.828486051908918,-3.665125159250406e-05,6.619609374152688e-05,8.298640592562485e-05
7,-0.0012639701645448707,0.002037552213761104,0.0016372166981258487,-1.460287816902063e-05,-3.665125159250406e-05,2.3823856360655076,-1.707218066121657e-05,-1.0937100667618707e-05
8,-0.002618386476164972,4.7882725381713104e-05,-0.0003405137093742713,7.054718466257348e-05,6.619609374152688e-05,-1.707218066121657e-05,0.533952393594071,4.960410233882342e-06
9,0.0005498173417781149,-0.000490582807231619,0.00016858191202157513,-0.00012135472586335384,8.298640592562485e-05,-1.0937100667618707e-05,4.960410233882342e-06,0.14342883217883806
