,2,3,4,5,6,7,8,9
2,13778.131798865961,0.23175394708866923,0.05824748690352079,0.036410221638906205,0.0013842478884057534,-0.00012159884587531575,-9.328618049968346e-06,-9.324142133497496e-05
3,0.23175394708866923,2667.889333049564,-0.02224922175221983,0.013055004925235498,-0.0007622962321520707,0.0006897350264781708,-0.0004987393886590988,0.00022736045751581014
4,0.05824748690352079,-0.02224922175221983,417.7405142408859,0.0027780202849304607,0.0005564405129405205,-0.0009268236848119552,0.00031669133765278504,-6.867309933336735e-05
5,0.036410221638906205,0.013055004925235498,0.0027780202849304607,59.09714245401186,0.0003251219469051869,0.00012319125641960946,3.872601842314548e-05,-1.738952187948495e-05
6,0.0013842478884057534,-0.0007622962321520707,0.0005564405129405205,0.0003251219469051869,7.94641800278807,5.053809383335188e-05,2.2175449167862488e-05,7.39808318938385e-06
7,-0.00012159884587531575,0.0006897350264781708,-0.0009268236848119552,0.00012319125641960946,5.053809383335188e-05,1.053871089695105,-1.3671195991615202e-05,1.5044585212947905e-06
8,-9.328618049968346e-06,-0.0004987393886590988,0.00031669133765278504,3.872601842314548e-05,2.2175449167862488e-05,-1.3671195991615202e-05,0.15823684969296445,1.0221183128046841e-06
9,-9.324142133497496e-05,0.00022736045751581014,-6.867309933336735e-05,-1.738952187948495e-05,7.39808318938385e-06,1.5044585212947905e-06,1.0221183128046841e-06,0.01856046120682686
