index,0,1,2,3,4,5,6,7,8,9,10,11,12,13,14,15,16,17,18,19,20,21,22,23,24,25,26,27,28,29,30,31,32,33,34,35,36,37,38,39,40,41
0,46126.74014336198,1.3658326445397588,-0.23311229053523885,0.49234346145358904,0.1293414020737502,-0.15821313845472904,-0.13954403815182947,-2.2998049636597586,0.7335077369222702,-0.48818917394738864,-0.8834207247129,-0.3242525363386511,0.12326919576155797,0.022431526482821623,-0.47332824795060957,0.5513709822206261,0.3276614321170958,0.40228883714434416,-0.20887663809676418,0.022567915661752463,-0.0778658196883231,-1.8932315918412421,0.8927260069633551,0.18932915117672056,0.29673438699845844,0.11428670124157046,0.4366848324385266,-0.09518349913909238,-0.543490910545229,-2.3687683803824067,0.25222624738088734,-0.38026969211491446,-0.19431035573855635,0.3749607192461162,-0.026071203985597077,0.8368593960493179,-0.12121012141843795,-0.49267574344417947,0.22230942391319117,0.05120895310829122,0.031194061044601682,0.050801767181952145
1,1.3658326445397588,18141.284352303166,0.6645564113546883,-0.48267438888344477,-0.06096895622792759,-0.10219056646996205,-0.01007261758295763,1.5149714063564594,-0.25526603879045023,-0.38948688243560703,0.12011487258322116,-0.13138289472459697,0.02244640054669251,-0.08053375630968024,-0.5907474627387475,0.22935364968698654,0.07234545159912867,0.2755632628757722,-0.017783235007492924,0.15472048647668302,0.10101958419361676,0.37549229109612664,-1.0476873085982934,-0.6493859553027853,0.1932253089604669,0.3658875265458904,-0.02998841329209555,0.14502156129025087,0.2576234574113705,-0.2375680966349067,-0.12438537407368978,0.050176208712818464,0.0023963719986799096,-0.0024787958778966085,0.007427091806240365,0.9726930084473072,-0.24663018629765995,-0.12050921963823728,-0.3040364958368767,0.06909176214081628,0.05254446139256756,0.07895511314188931
2,-0.23311229053523885,0.6645564113546883,7360.632762449723,-0.12598243170152532,-0.0005017696336200523,0.07663038063030057,0.042833805197390336,0.1008453634744082,0.52805671077453,-0.159892793449579,0.08055946769199254,-0.12190709772963469,0.09576105345158306,0.05530231413448566,-0.48273213516927543,-0.6158547564413631,0.47799901107778786,-0.11213083404139694,-0.12211841994819259,0.07128581107780774,0.019967935203576457,-0.48388783054942147,0.06581100460919641,0.2462967272782704,-0.3060990378323692,0.06376888340810878,-0.0332672064142928,0.040406370267035,0.5468808550068227,0.16294247200194462,0.15037457192632625,-0.04435723221275704,0.047217260017207864,-0.04030287750346858,0.03331654704693612,-0.6880011002649984,0.5828927139516744,-0.020143791776340517,-0.3503488704635417,-0.014090254634714411,0.09351566520062884,-0.015172017741122673
3,0.49234346145358904,-0.48267438888344477,-0.12598243170152532,3073.3510701116393,-0.052344486193616896,0.028007524639063135,-0.021832240873609417,-0.6535873589742848,-0.24069316388596218,0.0055755575053188285,-0.13766765838254516,0.15003330694374348,0.0011963344246542927,-0.01993223457719894,0.3627942964090435,0.030585350343854317,0.06367660401550752,0.046391673124855114,-0.006767087047652711,0.019386550563178197,0.01943131551491317,-0.7102438151876378,0.1701724906822328,-0.07839035209512037,0.014237479971715133,0.052248467949834974,-0.045118791148800436,-0.07995070996787779,0.3646553533724385,0.09541726266824423,-0.1895420761368186,-0.07037184165313892,-0.04450185496284204,-0.05738451527217326,0.019970306790482215,0.3471970148924289,-0.021680898154897637,0.12938693822413252,0.06554539652043109,0.03607136542999317,-0.04259408310545961,-0.004285266684466378
4,0.1293414020737502,-0.06096895622792759,-0.0005017696336200523,-0.052344486193616896,1221.2793757214847,-0.013023218967931433,0.0069146840679173245,-0.019567547643763124,0.003425354107585731,0.2381968132366185,-0.023951210407427224,0.017817700710103385,-0.010242454059352365,-0.024194906282658697,0.11229781290250888,-0.17405523388505295,-0.013959467331872708,0.16573648412661773,0.022295836273879613,-0.03482557602558959,-0.004831166864394753,-0.16842216774921334,-0.3988374215105935,0.023123615738966537,-0.04569575742397423,-0.0037918130295921666,-0.009209869647957076,-0.017864268897218438,-0.03036247172296654,0.17858885164155014,0.014886779835568553,0.07242369725981355,0.0006310119503287563,0.011491867430227322,0.0056686222749315895,0.018054995612732525,0.13664534953350482,-0.09501786667492536,0.08915328540644478,0.013782736217423996,0.0343325898239817,-0.022334706791529196
5,-0.15821313845472904,-0.10219056646996205,0.07663038063030057,0.028007524639063135,-0.013023218967931433,442.201009587584,0.0016459685923500833,-0.28055058796783416,0.09534963347630596,-0.03207226661205334,0.02337976481902722,0.023157461099757675,-0.0043768288101514305,0.00245736739265534,0.1862676650916251,0.20121674595068564,-0.04676228524120454,-0.04544714933228845,0.012541408926466385,-0.014677275940903024,-0.008661881183841064,0.13084448282844288,-0.004003088171238687,0.05242415489695689,-0.014999495672350887,-0.00020689900522485703,-0.0032780139060888764,0.006102820866923696,-0.014322655999148098,0.04005971538311923,0.03277759283271935,0.03099595775310306,-0.02173077500144637,-0.010747656189352455,0.009272517215934988,-0.15822359599738953,0.014623762310108162,0.012739701614595842,0.043575705729941884,0.0002808171388950039,2.8052885784589275e-05,-0.0019836028631558603
6,-0.13954403815182947,-0.01007261758295763,0.042833805197390336,-0.021832240873609417,0.0069146840679173245,0.0016459685923500833,297.54839397389503,0.07124431563180895,0.0017629518793189044,0.090621513326575,0.01774821806302353,-0.02316745391843853,-0.004636145848837827,-0.010672293300857748,-0.0850284593795356,0.02464018072261373,0.02142321062822794,0.03189390066987189,0.007489246175968665,0.01193250257235299,0.005320118489076765,-0.1746877663685179,0.01124532849164156,0.060748964001162045,0.038173936953255064,-0.007413423133327802,-0.0026007548382753634,0.003001036510986244,0.21972680791300908,-0.033352908866962724,-0.0017424515949967944,0.03600141122146479,0.02220294230799661,-0.003356941146265766,-0.006001761652429516,-0.056760940439681364,-0.015113387695623098,0.021555949927762302,-0.029744911917512423,0.02875174642256224,-0.012225782969654958,0.002393748403881097
7,-2.2998049636597586,1.5149714063564594,0.1008453634744082,-0.6535873589742848,-0.019567547643763124,-0.28055058796783416,0.07124431563180895,60847.977125934995,-0.12587311779076074,0.6053466156334805,0.07871188308471379,-0.060868998181420574,0.3552906291000184,-0.165461799234927,-1.0846028774736922,0.2917372074921413,-0.36506392388880815,-0.6350146245832005,-0.170478775468367,-0.14126722044346612,-0.08252545169005641,3.5520982136268464,1.271566669165126,-0.024468465960759318,-0.27596898130538977,0.007787724096757644,-0.1287213190917631,0.3279636216455706,1.9258011349154296,0.14033956897753805,-0.9051974005808432,-0.0792665237215623,-0.02505196851568287,0.15567988316443096,-0.13532097740274018,0.47082816598721844,-1.5606736695508256,-0.4240592055524456,-0.5987403429115298,0.33377975738763466,0.19215253846742242,-0.14466922448075403
8,0.7335077369222702,-0.25526603879045023,0.52805671077453,-0.24069316388596218,0.003425354107585731,0.09534963347630596,0.0017629518793189044,-0.12587311779076074,24837.07690330813,0.3947239313052295,0.1947972193181242,-0.003966470163362847,0.1939029261569114,-0.18973138861623742,-1.3401473446126864,-0.03528866029204267,0.5905114080592613,-0.24420820227494164,-0.19853269179665273,-0.05462942711324607,0.07785080919827335,-0.2869917583641308,-0.5530400488731492,0.16462361674237128,0.06744859769879663,-0.02779150168415447,-0.10471362051696599,-0.08232848698001377,-0.21108080224923065,0.21912403343076348,0.43747634903888427,-0.4345756762135702,-0.12449186872578297,0.0466081654947177,0.0039981896219849575,0.6664787945349003,0.9516537405978344,-0.7888411009316765,0.21749401541571456,0.17089381836241796,-0.04238310941339847,-0.03856002357036527
9,-0.48818917394738864,-0.38948688243560703,-0.159892793449579,0.0055755575053188285,0.2381968132366185,-0.03207226661205334,0.090621513326575,0.6053466156334805,0.3947239313052295,9982.418722704677,-0.3891094725326292,0.07673953491887638,0.09668072444951238,0.0738152912809763,0.25128784769468987,0.030784867368577433,-0.3762738800409992,-0.10214513398885822,-0.04218043072883021,0.036594369873780154,0.024476355109237388,0.07213980134051015,-0.014403088037586517,0.5273692009940516,-0.012047433633740334,-0.08337138241227916,0.0036640436113722524,-0.008173527434952128,0.40690198322901167,0.10070113814732351,0.5333334920774512,0.11255820540296547,0.0671889343691295,0.03634517928319029,-0.05342768380781455,0.16075083377177699,-0.3075063978723388,0.2587564884916085,0.012490421901511978,0.02965796317317928,-0.1038620940650231,0.007213745266400346
10,-0.8834207247129,0.12011487258322116,0.08055946769199254,-0.13766765838254516,-0.023951210407427224,0.02337976481902722,0.01774821806302353,0.07871188308471379,0.1947972193181242,-0.3891094725326292,4077.17860579633,-0.03905383225326423,0.023776247101154075,-0.021333544342091428,0.4919680441248708,-0.05244407316665646,0.06862478606180897,0.02179765956386045,-0.14533393102365594,-0.02045637227473489,-0.006712030783646648,-0.25045811596509404,0.36101747950170954,0.041690381719606984,0.06872449766409762,-0.04657731156335793,-0.01317795871624951,-0.009875321442536271,0.011923075151614032,0.0942125963661103,-0.11814577851304969,-0.022034127890018636,-0.06292723966821546,0.020161549218074077,0.04703434310046873,-0.6771265489553829,-0.8943468749792829,-0.020698529464866333,-0.10173984495500824,-0.03876826546631414,-0.04579988388035653,0.02640132965912364
11,-0.3242525363386511,-0.13138289472459697,-0.12190709772963469,0.15003330694374348,0.017817700710103385,0.023157461099757675,-0.02316745391843853,-0.060868998181420574,-0.003966470163362847,0.07673953491887638,-0.03905383225326423,1696.9616145421423,0.021639502262520684,-0.024644302754585665,0.18388519242031695,-0.09834970255356738,0.1289310917318553,-0.06729611701690445,0.022229532489740987,-0.026707440105251615,0.03013411107345354,-0.010361639498948517,-0.10916804850301483,-0.2474513659408791,0.10518316650164374,-0.0006753664857613756,0.018979019458694624,0.01772488188951025,-0.6457212881133585,0.060463250229107354,0.09404442900830538,-0.023655163508198615,0.03980337580038978,0.04616679980822767,0.011971895058498858,0.0965941789574043,-0.02480022846596576,0.031186563472462635,0.022326233223291775,-0.051536461819633034,0.011168234226143306,-0.0028808454115277107
12,0.12326919576155797,0.02244640054669251,0.09576105345158306,0.0011963344246542927,-0.010242454059352365,-0.0043768288101514305,-0.004636145848837827,0.3552906291000184,0.1939029261569114,0.09668072444951238,0.023776247101154075,0.021639502262520684,640.9139259136152,0.005487104423693282,-0.07367638633901678,-0.13080749861243354,-0.007893073837980942,-0.04086320785110592,0.029666716687437266,0.006034537132231079,-0.006316849181952565,0.1948653536846064,0.09997891691191935,-0.010474873448533435,0.010360111665660037,-0.013036081372593846,0.040327830245848496,0.005657236869772576,-0.11994858164289118,-0.04365471609397151,-0.028982377877314267,0.06485110728474058,0.0008107240178868942,-0.011431971937627126,-0.026136869180810336,0.09378623029582239,-0.02322986469112003,0.0872352326519712,-0.0689250525431058,-0.06821098341006172,-0.011140271036773446,0.011298330558834434
13,0.022431526482821623,-0.08053375630968024,0.05530231413448566,-0.01993223457719894,-0.024194906282658697,0.00245736739265534,-0.010672293300857748,-0.165461799234927,-0.18973138861623742,0.0738152912809763,-0.021333544342091428,-0.024644302754585665,0.005487104423693282,304.7017977208974,0.022414034943611653,0.04700030607194275,-0.05221091746599673,0.04841723514409214,-0.0029849629586651146,0.007988307459209917,0.004079055198725704,-0.0516282884647648,-0.0032849625491437376,0.04224949554420347,0.049003753970026966,-0.011973505551632409,0.001068716140585471,0.012293801760127723,-0.0758122845977114,0.010842646792208315,0.00012698550875085295,-0.013008419645586296,-0.03340948726615217,-0.005396196570736516,-0.001355270843906608,-0.1475005978324793,-0.013654230759101701,0.01980283166940311,0.03496759535682287,-0.021320693197530157,-0.005864891112265513,-0.003737998072058752
14,-0.47332824795060957,-0.5907474627387475,-0.48273213516927543,0.3627942964090435,0.11229781290250888,0.1862676650916251,-0.0850284593795356,-1.0846028774736922,-1.3401473446126864,0.25128784769468987,0.4919680441248708,0.18388519242031695,-0.07367638633901678,0.022414034943611653,43343.0472569853,0.8476206398783978,0.26537677856520075,0.3023143516926505,-0.24604197911434236,0.07214736757840091,-0.14494892220628794,-1.01064548215558,2.099805860707765,0.12056487255565049,0.18005442272127878,-0.027508467416867848,0.02860966206597883,-0.08107221130014018,-2.2657631143000794,0.7291196783342435,-0.09639636936755892,-0.4725280791742605,-0.01009926841539743,-0.06984114267518143,-0.10424121431618986,1.5334739510270188,0.14618575213353857,-0.5964083161708625,-0.33860737821598247,-0.22811211586684044,-0.16777242368108947,-0.0741086778981087
15,0.5513709822206261,0.22935364968698654,-0.6158547564413631,0.030585350343854317,-0.17405523388505295,0.20121674595068564,0.02464018072261373,0.2917372074921413,-0.03528866029204267,0.030784867368577433,-0.05244407316665646,-0.09834970255356738,-0.13080749861243354,0.04700030607194275,0.8476206398783978,18258.14431203847,-0.2733850635927776,-0.08070112545579881,-0.011686922342671303,-0.35079240498748676,0.09507885391853868,0.23822895111468315,-0.2701537411057192,-0.4024034831637937,0.10496500707284116,0.01345405079023844,0.11259456946666711,0.0379573653608038,-0.9491266397094009,0.44633190867114464,0.42716502292866665,-0.13024460540251206,0.21704499690052118,0.052240547497182335,0.05213202447833592,0.0838596675974074,0.10872446005820706,-0.024332330954938634,0.07821567091609272,0.09016289117424767,-0.07764333616596027,-0.021525199355268358
16,0.3276614321170958,0.07234545159912867,0.47799901107778786,0.06367660401550752,-0.013959467331872708,-0.04676228524120454,0.02142321062822794,-0.36506392388880815,0.5905114080592613,-0.3762738800409992,0.06862478606180897,0.1289310917318553,-0.007893073837980942,-0.05221091746599673,0.26537677856520075,-0.2733850635927776,7098.527405761942,-0.2945160589476955,-0.03637727149251348,0.004648766627335976,-0.004231932715627114,0.2609607664972424,-0.1508933031056358,0.34981941010915585,-0.2584048233199448,-0.03667141575443372,-0.15021262949858838,0.06732994148566845,-0.14538907926510916,0.19977493637650234,-0.388470161846328,0.025062827717419973,0.13585294576567727,0.07436548351167378,0.00010604375936058048,-0.2520173630640593,-0.29292783849552545,-0.6619581293123858,-0.08270423108769824,0.017757198675505733,0.020057246534144445,0.0675680781220501
17,0.40228883714434416,0.2755632628757722,-0.11213083404139694,0.046391673124855114,0.16573648412661773,-0.04544714933228845,0.03189390066987189,-0.6350146245832005,-0.24420820227494164,-0.10214513398885822,0.02179765956386045,-0.06729611701690445,-0.04086320785110592,0.04841723514409214,0.3023143516926505,-0.08070112545579881,-0.2945160589476955,2903.803832513933,0.005328804786747244,-0.02970908854479836,0.042111869231930735,0.38416960092930763,0.18791008453667332,-0.1315725118785299,-0.09196914115484889,0.01593653558723888,0.002460268406525369,-0.00893125994814955,0.26901728914045264,-0.2518757871998574,0.1296652538406155,0.034146895182124784,-0.029234585921563465,-0.0246506990195594,-0.008062093678484497,-0.07212630205382499,0.4505934836405757,-0.08558002742171468,-0.12517632127250392,-0.01724633825511071,-0.013246034720688936,0.016291841017445876
18,-0.20887663809676418,-0.017783235007492924,-0.12211841994819259,-0.006767087047652711,0.022295836273879613,0.012541408926466385,0.007489246175968665,-0.170478775468367,-0.19853269179665273,-0.04218043072883021,-0.14533393102365594,0.022229532489740987,0.029666716687437266,-0.0029849629586651146,-0.24604197911434236,-0.011686922342671303,-0.03637727149251348,0.005328804786747244,1180.071081866176,-0.022078622386358247,-0.029427935050010005,-0.09938353697560937,-0.2597086466732957,-0.06284414592353099,0.022812978048964733,0.010902519900823415,0.0053984853606432156,0.003657397933086283,0.2518989592650501,0.07581257982702784,-0.08695020564392805,-0.03458254155270678,0.011797843001325038,-0.01999207717475174,-0.02677690108230784,-0.17376729386004902,-0.015904726916203336,0.08883961334638524,0.021581732055668226,-0.02506864730631427,0.016820588732143878,0.01014812276371771
19,0.022567915661752463,0.15472048647668302,0.07128581107780774,0.019386550563178197,-0.03482557602558959,-0.014677275940903024,0.01193250257235299,-0.14126722044346612,-0.05462942711324607,0.036594369873780154,-0.02045637227473489,-0.026707440105251615,0.006034537132231079,0.007988307459209917,0.07214736757840091,-0.35079240498748676,0.004648766627335976,-0.02970908854479836,-0.022078622386358247,453.46599813458874,-0.005227727706231209,-0.2322507472828629,-0.028305959616409332,0.07599123465080374,-0.022119945835377238,-0.010819598432868527,-0.00908076230188663,0.016274933046057382,0.09402602312055011,-0.10122733007679832,-0.020274634084075652,-0.015188813535290313,0.016516847229897023,-0.006406593169632979,0.0023933530970714706,0.06865272568287535,0.1934935771511117,-0.09061872972928743,-0.025385715686300752,0.012503614060928085,-0.016325645221005575,-0.014768070494162667
20,-0.0778658196883231,0.10101958419361676,0.019967935203576457,0.01943131551491317,-0.004831166864394753,-0.008661881183841064,0.005320118489076765,-0.08252545169005641,0.07785080919827335,0.024476355109237388,-0.006712030783646648,0.03013411107345354,-0.006316849181952565,0.004079055198725704,-0.14494892220628794,0.09507885391853868,-0.004231932715627114,0.042111869231930735,-0.029427935050010005,-0.005227727706231209,215.1493207859468,-0.0827466005886775,0.10698407524987788,0.02743803134946006,-0.047082966399312025,0.016728860156215587,-0.010275258882639169,0.004053155708167692,-0.006142281402147615,0.03847210973673287,0.04091908940830434,-0.03146909454015203,-0.032282117868040125,-0.004594564240616841,0.0033163727274512188,-0.05769027146639484,0.05618425052309477,-0.004131219558228,-0.005589582668558943,0.01579128034201045,-0.003212536060180889,-0.0002162842150749455
21,-1.8932315918412421,0.37549229109612664,-0.48388783054942147,-0.7102438151876378,-0.16842216774921334,0.13084448282844288,-0.1746877663685179,3.5520982136268464,-0.2869917583641308,0.07213980134051015,-0.25045811596509404,-0.010361639498948517,0.1948653536846064,-0.0516282884647648,-1.01064548215558,0.23822895111468315,0.2609607664972424,0.38416960092930763,-0.09938353697560937,-0.2322507472828629,-0.0827466005886775,51534.386860356644,-1.3559837149598268,0.06307313367698944,1.1200198872610263,-0.08646835635783616,-0.042927700115814024,0.27025614629059597,1.6807468626048192,0.2596763919569003,0.4695508081914372,0.8537454727747831,0.22462819162731476,0.2947607730746536,0.04862757393166813,-0.18180994889045748,0.3095018471606797,0.9090824192431668,0.08715124785003044,-0.43332421947639627,-0.11112919293982448,0.14499464780139015
22,0.8927260069633551,-1.0476873085982934,0.06581100460919641,0.1701724906822328,-0.3988374215105935,-0.004003088171238687,0.01124532849164156,1.271566669165126,-0.5530400488731492,-0.014403088037586517,0.36101747950170954,-0.10916804850301483,0.09997891691191935,-0.0032849625491437376,2.099805860707765,-0.2701537411057192,-0.1508933031056358,0.18791008453667332,-0.2597086466732957,-0.028305959616409332,0.10698407524987788,-1.3559837149598268,20643.178010257383,0.08183463939911398,0.2314590449972733,-0.22146141919271076,-0.04237155527245191,0.09399651080475746,1.1822143350061998,-0.09557295489443064,-0.29723895258230054,-0.26583676773058845,-0.30567836092139117,0.24001260141567055,-0.0729464300158453,-1.3634539358953919,0.26039419384389934,0.40436524364533055,0.07930440055297709,0.02992254289595262,0.0906202564817751,-0.07902868400285601
23,0.18932915117672056,-0.6493859553027853,0.2462967272782704,-0.07839035209512037,0.023123615738966537,0.05242415489695689,0.060748964001162045,-0.024468465960759318,0.16462361674237128,0.5273692009940516,0.041690381719606984,-0.2474513659408791,-0.010474873448533435,0.04224949554420347,0.12056487255565049,-0.4024034831637937,0.34981941010915585,-0.1315725118785299,-0.06284414592353099,0.07599123465080374,0.02743803134946006,0.06307313367698944,0.08183463939911398,8292.689265394269,0.04703959745054075,0.06917348926890714,-0.0918012272685028,-0.06433605398528404,0.1375801125837299,0.09077570609916716,0.09663325517780635,-0.11864415380826712,0.3047730954208801,-0.04560349008637906,-0.0183016781523557,-0.9267255251474158,-0.940167929551993,0.13428975741368326,-0.035668187455359254,-0.05712960745740144,-0.04520516751458698,0.06279199399340292
24,0.29673438699845844,0.1932253089604669,-0.3060990378323692,0.014237479971715133,-0.04569575742397423,-0.014999495672350887,0.038173936953255064,-0.27596898130538977,0.06744859769879663,-0.012047433633740334,0.06872449766409762,0.10518316650164374,0.010360111665660037,0.049003753970026966,0.18005442272127878,0.10496500707284116,-0.2584048233199448,-0.09196914115484889,0.022812978048964733,-0.022119945835377238,-0.047082966399312025,1.1200198872610263,0.2314590449972733,0.04703959745054075,3388.5675403288496,-0.06912210373450257,0.036216669618605674,0.0006327554697078232,0.3804059529591046,-0.3646638917368069,0.26876345976884214,0.022285350453961145,-0.15937028210282078,-0.023438336906841568,0.015753112068627263,-0.09839361915539936,0.1277146835703934,-0.09528416333965364,-0.0897432474790572,0.1761705393483074,-0.0623345794093005,-0.002992775933370476
25,0.11428670124157046,0.3658875265458904,0.06376888340810878,0.052248467949834974,-0.0037918130295921666,-0.00020689900522485703,-0.007413423133327802,0.007787724096757644,-0.02779150168415447,-0.08337138241227916,-0.04657731156335793,-0.0006753664857613756,-0.013036081372593846,-0.011973505551632409,-0.027508467416867848,0.01345405079023844,-0.03667141575443372,0.01593653558723888,0.010902519900823415,-0.010819598432868527,0.016728860156215587,-0.08646835635783616,-0.22146141919271076,0.06917348926890714,-0.06912210373450257,1349.3610249344476,-0.00131094123380857,-0.0002090725410064704,0.26632362855057096,-0.08857250970240896,0.03203234587959696,0.050029889803594324,0.03104302465023095,0.010988772862172709,0.010775118784413425,0.048720397790221984,-0.16480504334067395,-0.057877945165673045,0.039518449858384576,0.0574708256240625,-0.007226132416534661,0.007824374916950226
26,0.4366848324385266,-0.02998841329209555,-0.0332672064142928,-0.045118791148800436,-0.009209869647957076,-0.0032780139060888764,-0.0026007548382753634,-0.1287213190917631,-0.10471362051696599,0.0036640436113722524,-0.01317795871624951,0.018979019458694624,0.040327830245848496,0.001068716140585471,0.02860966206597883,0.11259456946666711,-0.15021262949858838,0.002460268406525369,0.0053984853606432156,-0.00908076230188663,-0.010275258882639169,-0.042927700115814024,-0.04237155527245191,-0.0918012272685028,0.036216669618605674,-0.00131094123380857,562.2443313696207,0.016981650320517308,0.13517102536932743,0.06539272840098051,0.01147258544696855,-0.024373066245188996,0.016000707856139905,0.03508012862652224,0.01188859127692323,0.19338953509199974,-0.0826697626055311,0.053039675612652826,0.029375458367618873,0.018871937356998526,-0.017605220151186846,0.03245466570044424
27,-0.09518349913909238,0.14502156129025087,0.040406370267035,-0.07995070996787779,-0.017864268897218438,0.006102820866923696,0.003001036510986244,0.3279636216455706,-0.08232848698001377,-0.008173527434952128,-0.009875321442536271,0.01772488188951025,0.005657236869772576,0.012293801760127723,-0.08107221130014018,0.0379573653608038,0.06732994148566845,-0.00893125994814955,0.003657397933086283,0.016274933046057382,0.004053155708167692,0.27025614629059597,0.09399651080475746,-0.06433605398528404,0.0006327554697078232,-0.0002090725410064704,0.016981650320517308,244.41288722201034,-0.08706830907721964,-0.012664699966935082,0.06767698826927071,0.02484939906088069,0.013894387023747371,0.005770023111469429,0.0033908124184716887,0.02239417476634607,-0.058843165578638834,-0.0113668930452871,0.024748707014199425,-0.02986143075867681,-0.017669902734865302,-0.0073275876774461035
28,-0.543490910545229,0.2576234574113705,0.5468808550068227,0.3646553533724385,-0.03036247172296654,-0.014322655999148098,0.21972680791300908,1.9258011349154296,-0.21108080224923065,0.40690198322901167,0.011923075151614032,-0.6457212881133585,-0.11994858164289118,-0.0758122845977114,-2.2657631143000794,-0.9491266397094009,-0.14538907926510916,0.26901728914045264,0.2518989592650501,0.09402602312055011,-0.006142281402147615,1.6807468626048192,1.1822143350061998,0.1375801125837299,0.3804059529591046,0.26632362855057096,0.13517102536932743,-0.08706830907721964,44639.50420838043,-1.4088224462683194,0.038267203049473904,0.1804075633735497,-0.24616439936409526,-0.2265737118765788,0.13416282892049095,-0.45693917500779235,0.9100865390247016,0.9925891901860091,0.03332006153127722,0.18266536668100392,0.09541311559889205,0.12707335844849563
29,-2.3687683803824067,-0.2375680966349067,0.16294247200194462,0.09541726266824423,0.17858885164155014,0.04005971538311923,-0.033352908866962724,0.14033956897753805,0.21912403343076348,0.10070113814732351,0.0942125963661103,0.060463250229107354,-0.04365471609397151,0.010842646792208315,0.7291196783342435,0.44633190867114464,0.19977493637650234,-0.2518757871998574,0.07581257982702784,-0.10122733007679832,0.03847210973673287,0.2596763919569003,-0.09557295489443064,0.09077570609916716,-0.3646638917368069,-0.08857250970240896,0.06539272840098051,-0.012664699966935082,-1.4088224462683194,17351.15859694405,0.41907304273387597,0.040564570620059325,0.02039434467771134,0.12897558292889133,0.028107287291169767,-0.7880749609256779,0.3160077919162793,-0.5417944605290319,0.19510702918253406,0.09986399577493031,0.08515032821990977,-0.016355502037028468
30,0.25222624738088734,-0.12438537407368978,0.15037457192632625,-0.1895420761368186,0.014886779835568553,0.03277759283271935,-0.0017424515949967944,-0.9051974005808432,0.43747634903888427,0.5333334920774512,-0.11814577851304969,0.09404442900830538,-0.028982377877314267,0.00012698550875085295,-0.09639636936755892,0.42716502292866665,-0.388470161846328,0.1296652538406155,-0.08695020564392805,-0.020274634084075652,0.04091908940830434,0.4695508081914372,-0.29723895258230054,0.09663325517780635,0.26876345976884214,0.03203234587959696,0.01147258544696855,0.06767698826927071,0.038267203049473904,0.41907304273387597,7026.623951013401,0.1621773889330689,0.048564668289915895,0.07363623476907788,0.08895498414057552,-0.6714947847275868,-0.6563138653876497,-0.17962813830391974,-0.02594880523428064,0.08110393398151416,-0.11258308830068291,0.07235833572082345
31,-0.38026969211491446,0.050176208712818464,-0.04435723221275704,-0.07037184165313892,0.07242369725981355,0.03099595775310306,0.03600141122146479,-0.0792665237215623,-0.4345756762135702,0.11255820540296547,-0.022034127890018636,-0.023655163508198615,0.06485110728474058,-0.013008419645586296,-0.4725280791742605,-0.13024460540251206,0.025062827717419973,0.034146895182124784,-0.03458254155270678,-0.015188813535290313,-0.03146909454015203,0.8537454727747831,-0.26583676773058845,-0.11864415380826712,0.022285350453961145,0.050029889803594324,-0.024373066245188996,0.02484939906088069,0.1804075633735497,0.040564570620059325,0.1621773889330689,2806.036731311597,0.015938160210899183,0.06792143024170659,-0.0027079337408268916,-0.2193186318933064,0.034842788317239415,-0.11043241577870008,-0.12562016430935297,0.08564169346328077,-0.004686058714080669,0.04571621099870254
32,-0.19431035573855635,0.0023963719986799096,0.047217260017207864,-0.04450185496284204,0.0006310119503287563,-0.02173077500144637,0.02220294230799661,-0.02505196851568287,-0.12449186872578297,0.0671889343691295,-0.06292723966821546,0.03980337580038978,0.0008107240178868942,-0.03340948726615217,-0.01009926841539743,0.21704499690052118,0.13585294576567727,-0.029234585921563465,0.011797843001325038,0.016516847229897023,-0.032282117868040125,0.22462819162731476,-0.30567836092139117,0.3047730954208801,-0.15937028210282078,0.03104302465023095,0.016000707856139905,0.013894387023747371,-0.24616439936409526,0.02039434467771134,0.048564668289915895,0.015938160210899183,1198.1427520186792,0.056356454980056425,0.003294682756633399,0.20592778714302604,0.016611261458755296,-0.0771976891234456,-0.023252287910627806,0.05743135000404866,0.013171604788544655,-0.003353363669180778
33,0.3749607192461162,-0.0024787958778966085,-0.04030287750346858,-0.05738451527217326,0.011491867430227322,-0.010747656189352455,-0.003356941146265766,0.15567988316443096,0.0466081654947177,0.03634517928319029,0.020161549218074077,0.04616679980822767,-0.011431971937627126,-0.005396196570736516,-0.06984114267518143,0.052240547497182335,0.07436548351167378,-0.0246506990195594,-0.01999207717475174,-0.006406593169632979,-0.004594564240616841,0.2947607730746536,0.24001260141567055,-0.04560349008637906,-0.023438336906841568,0.010988772862172709,0.03508012862652224,0.005770023111469429,-0.2265737118765788,0.12897558292889133,0.07363623476907788,0.06792143024170659,0.056356454980056425,459.74115950673,0.020373380439473936,0.09553036329782677,0.1618198659068383,-0.01614337396900947,0.06936904466404686,0.015174476989370952,-0.013126679236323949,0.00047704936721335614
34,-0.026071203985597077,0.007427091806240365,0.03331654704693612,0.019970306790482215,0.0056686222749315895,0.009272517215934988,-0.006001761652429516,-0.13532097740274018,0.0039981896219849575,-0.05342768380781455,0.04703434310046873,0.011971895058498858,-0.026136869180810336,-0.001355270843906608,-0.10424121431618986,0.05213202447833592,0.00010604375936058048,-0.008062093678484497,-0.02677690108230784,0.0023933530970714706,0.0033163727274512188,0.04862757393166813,-0.0729464300158453,-0.0183016781523557,0.015753112068627263,0.010775118784413425,0.01188859127692323,0.0033908124184716887,0.13416282892049095,0.028107287291169767,0.08895498414057552,-0.0027079337408268916,0.003294682756633399,0.020373380439473936,201.91920256373498,0.03438966120337147,-0.07980681400875153,-0.051557820945633874,-0.02537379810665478,-0.016120591614424057,-0.003266696724799682,0.003701002429103643
35,0.8368593960493179,0.9726930084473072,-0.6880011002649984,0.3471970148924289,0.018054995612732525,-0.15822359599738953,-0.056760940439681364,0.47082816598721844,0.6664787945349003,0.16075083377177699,-0.6771265489553829,0.0965941789574043,0.09378623029582239,-0.1475005978324793,1.5334739510270188,0.0838596675974074,-0.2520173630640593,-0.07212630205382499,-0.17376729386004902,0.06865272568287535,-0.05769027146639484,-0.18180994889045748,-1.3634539358953919,-0.9267255251474158,-0.09839361915539936,0.048720397790221984,0.19338953509199974,0.02239417476634607,-0.45693917500779235,-0.7880749609256779,-0.6714947847275868,-0.2193186318933064,0.20592778714302604,0.09553036329782677,0.03438966120337147,48185.36519655655,-0.10604217163904286,0.14140230764496017,-0.7268090313157145,0.3501304389584434,-0.06977941014608588,-0.1499391124193012
36,-0.12121012141843795,-0.24663018629765995,0.5828927139516744,-0.021680898154897637,0.13664534953350482,0.014623762310108162,-0.015113387695623098,-1.5606736695508256,0.9516537405978344,-0.3075063978723388,-0.8943468749792829,-0.02480022846596576,-0.02322986469112003,-0.013654230759101701,0.14618575213353857,0.10872446005820706,-0.29292783849552545,0.4505934836405757,-0.015904726916203336,0.1934935771511117,0.05618425052309477,0.3095018471606797,0.26039419384389934,-0.940167929551993,0.1277146835703934,-0.16480504334067395,-0.0826697626055311,-0.058843165578638834,0.9100865390247016,0.3160077919162793,-0.6563138653876497,0.034842788317239415,0.016611261458755296,0.1618198659068383,-0.07980681400875153,-0.10604217163904286,20097.276102793017,-0.5714938452428033,0.08159156859930741,-0.10714608766995085,0.03347186515998742,-0.016193237954877697
37,-0.49267574344417947,-0.12050921963823728,-0.020143791776340517,0.12938693822413252,-0.09501786667492536,0.012739701614595842,0.021555949927762302,-0.4240592055524456,-0.7888411009316765,0.2587564884916085,-0.020698529464866333,0.031186563472462635,0.0872352326519712,0.01980283166940311,-0.5964083161708625,-0.024332330954938634,-0.6619581293123858,-0.08558002742171468,0.08883961334638524,-0.09061872972928743,-0.004131219558228,0.9090824192431668,0.40436524364533055,0.13428975741368326,-0.09528416333965364,-0.057877945165673045,0.053039675612652826,-0.0113668930452871,0.9925891901860091,-0.5417944605290319,-0.17962813830391974,-0.11043241577870008,-0.0771976891234456,-0.01614337396900947,-0.051557820945633874,0.14140230764496017,-0.5714938452428033,7860.927509292795,0.02851828353881293,0.08663036302292101,0.06290008249476481,0.00018166196470499173
38,0.22230942391319117,-0.3040364958368767,-0.3503488704635417,0.06554539652043109,0.08915328540644478,0.043575705729941884,-0.029744911917512423,-0.5987403429115298,0.21749401541571456,0.012490421901511978,-0.10173984495500824,0.022326233223291775,-0.0689250525431058,0.03496759535682287,-0.33860737821598247,0.07821567091609272,-0.08270423108769824,-0.12517632127250392,0.021581732055668226,-0.025385715686300752,-0.005589582668558943,0.08715124785003044,0.07930440055297709,-0.035668187455359254,-0.0897432474790572,0.039518449858384576,0.029375458367618873,0.024748707014199425,0.03332006153127722,0.19510702918253406,-0.02594880523428064,-0.12562016430935297,-0.023252287910627806,0.06936904466404686,-0.02537379810665478,-0.7268090313157145,0.08159156859930741,0.02851828353881293,3302.33065763352,-0.017911158059290732,-0.0637001667812169,-0.0019272047280295248
39,0.05120895310829122,0.06909176214081628,-0.014090254634714411,0.03607136542999317,0.013782736217423996,0.0002808171388950039,0.02875174642256224,0.33377975738763466,0.17089381836241796,0.02965796317317928,-0.03876826546631414,-0.051536461819633034,-0.06821098341006172,-0.021320693197530157,-0.22811211586684044,0.09016289117424767,0.017757198675505733,-0.01724633825511071,-0.02506864730631427,0.012503614060928085,0.01579128034201045,-0.43332421947639627,0.02992254289595262,-0.05712960745740144,0.1761705393483074,0.0574708256240625,0.018871937356998526,-0.02986143075867681,0.18266536668100392,0.09986399577493031,0.08110393398151416,0.08564169346328077,0.05743135000404866,0.015174476989370952,-0.016120591614424057,0.3501304389584434,-0.10714608766995085,0.08663036302292101,-0.017911158059290732,1285.7591521227384,-0.040319296244840916,0.0445223758631151
40,0.031194061044601682,0.05254446139256756,0.09351566520062884,-0.04259408310545961,0.0343325898239817,2.8052885784589275e-05,-0.012225782969654958,0.19215253846742242,-0.04238310941339847,-0.1038620940650231,-0.04579988388035653,0.011168234226143306,-0.011140271036773446,-0.005864891112265513,-0.16777242368108947,-0.07764333616596027,0.020057246534144445,-0.013246034720688936,0.016820588732143878,-0.016325645221005575,-0.003212536060180889,-0.11112919293982448,0.0906202564817751,-0.04520516751458698,-0.0623345794093005,-0.007226132416534661,-0.017605220151186846,-0.017669902734865302,0.09541311559889205,0.08515032821990977,-0.11258308830068291,-0.004686058714080669,0.013171604788544655,-0.013126679236323949,-0.003266696724799682,-0.06977941014608588,0.03347186515998742,0.06290008249476481,-0.0637001667812169,-0.040319296244840916,536.4759399177974,-0.002171793393985938
41,0.050801767181952145,0.07895511314188931,-0.015172017741122673,-0.004285266684466378,-0.022334706791529196,-0.0019836028631558603,0.002393748403881097,-0.14466922448075403,-0.03856002357036527,0.007213745266400346,0.02640132965912364,-0.0028808454115277107,0.011298330558834434,-0.003737998072058752,-0.0741086778981087,-0.021525199355268358,0.0675680781220501,0.016291841017445876,0.01014812276371771,-0.014768070494162667,-0.0002162842150749455,0.14499464780139015,-0.07902868400285601,0.06279199399340292,-0.002992775933370476,0.007824374916950226,0.03245466570044424,-0.0073275876774461035,0.12707335844849563,-0.016355502037028468,0.07235833572082345,0.04571621099870254,-0.003353363669180778,0.00047704936721335614,0.003701002429103643,-0.1499391124193012,-0.016193237954877697,0.00018166196470499173,-0.0019272047280295248,0.0445223758631151,-0.002171793393985938,218.6853870073055
